index,x,value,0,1,2
"(-0.2, -7.0)","(-0.2, -7.0)",(0.8557407751659838+1.5982212177397486j),(-0.09551602665832694+0.49022090117605566j),(-0.3784995497926504-0.39335511623832575j),(1.329756351616961+1.5013554328020187j)
"(-0.1575757575757576, -7.0)","(-0.1575757575757576, -7.0)",(1.2130184226010798+1.439612701150251j),(-0.08657481692725733+0.49344957364878383j),(-0.39297406638105126-0.380156439680423j),(1.6925673059093884+1.3263195671818904j)
"(-0.11515151515151516, -7.0)","(-0.11515151515151516, -7.0)",(1.4800042338329522+1.2731903095450456j),(-0.07986289295660204+0.49583177616608987j),(-0.4033898833041357-0.3700507843013645j),(1.96325701009369+1.1474093176803202j)
"(-0.07272727272727272, -7.0)","(-0.07272727272727272, -7.0)",(1.6618895763746715+1.1498436567331562j),(-0.07543123925912565+0.4974597277432493j),(-0.41001259589213956-0.36336575101949425j),(2.1473334115259366+1.0157496800094012j)
"(-0.030303030303030304, -7.0)","(-0.030303030303030304, -7.0)",(1.767030254136489+1.1068624782511998j),(-0.07331411534974062+0.49839388124289513j),(-0.4130197056906913-0.36030767129171754j),(2.253364075176921+0.9687762683000222j)
"(0.012121212121212116, -7.0)","(0.012121212121212116, -7.0)",(1.7961511186604187+1.1653382892368591j),(-0.0735304449098769+0.49866180315755776j),(-0.41248958237560246-0.3609695907111206j),(2.282171145945898+1.0276460767904219j)
"(0.054545454545454564, -7.0)","(0.054545454545454564, -7.0)",(1.7361142251176362+1.3276426669215924j),(-0.07608441433018338+0.49825756866916066j),(-0.4083965246386179-0.3653346966633964j),(2.2205951640864376+1.1947197949158281j)
"(0.09696969696969698, -7.0)","(0.09696969696969698, -7.0)",(1.5605336141290018+1.5729942323246682j),(-0.08096525442133894+0.49714165393506227j),(-0.40061171026722286-0.37327481692970277j),(2.0421105788175637+1.4491273953193087j)
"(0.1393939393939394, -7.0)","(0.1393939393939394, -7.0)",(1.2390418754735655+1.8521176502426009j),(-0.08814620150289011+0.4952413358797896j),(-0.38891015194122996-0.3845440673525199j),(1.7160982289176856+1.741420381715331j)
"(0.18181818181818182, -7.0)","(0.18181818181818182, -7.0)",(0.7555699389796802+2.0857067333295665j),(-0.09758265709314741+0.4924516382678987j),(-0.3729840931574296-0.39876818914929146j),(1.2261366892302572+1.9920232842109593j)
"(0.22424242424242424, -7.0)","(0.22424242424242424, -7.0)",(0.13213909424906356+2.173997342551712j),(-0.10920959031429378+0.4886368901863229j),(-0.35246354197044494-0.41543061632932415j),(0.5938122265338023+2.100791068694713j)
"(0.26666666666666666, -7.0)","(0.26666666666666666, -7.0)",(-0.5515410611452731+2.023416143121041j),(-0.12293825509958502+0.48363298786231407j),(-0.3269447989030479-0.4338568703445795j),(-0.10165800714264027+1.9736400256033064j)
"(0.30909090909090914, -7.0)","(0.30909090909090914, -7.0)",(-1.157722961294167+1.5884896115498364j),(-0.13865232637099872+0.47725047138693516j),(-0.296027834101225-0.4531994991444325j),(-0.7230428008219434+1.5644386393073337j)
"(0.3515151515151515, -7.0)","(0.3515151515151515, -7.0)",(-1.5229101842655925+0.9138619625562778j),(-0.1562035962862314+0.46927854258788393j),(-0.2593631472589863-0.47242644831169894j),(-1.1073434407203748+0.9170098682800928j)
"(0.393939393939394, -7.0)","(0.393939393939394, -7.0)",(-1.5221983574221674+0.14960290355185987j),(-0.17540741376287763+0.45949015692719697j),(-0.216708239765503-0.4903164336553527j),(-1.1300827038937866+0.18042918028001562j)
"(0.43636363636363634, -7.0)","(0.43636363636363634, -7.0)",(-1.1411925972161097-0.4848622779450652j),(-0.1960380975591731+0.44764831856462867j),(-0.16799298452076833-0.5054655052587499j),(-0.7771615151361684-0.427045091250944j)
"(0.4787878787878788, -7.0)","(0.4787878787878788, -7.0)",(-0.5118203455395016-0.7885987642468272j),(-0.217824604310409+0.4335136911149766j),(-0.11339195349433537-0.5163094422329405j),(-0.18060378773475722-0.7058030131288633j)
"(0.5212121212121212, -7.0)","(0.5212121212121212, -7.0)",(0.12529972300260678-0.6806886992240615j),(-0.24044678631123817+0.41685360451673265j),(-0.05340014683367107-0.5211667453505441j),(0.419146656147516-0.5763755583902501j)
"(0.5636363636363637, -7.0)","(0.5636363636363637, -7.0)",(0.5285128742508756-0.25218271668764103j),(-0.263532626722249+0.3974524882889665j),(0.011093397171287966-0.518306616034573j),(0.7809521038018366-0.13132858894203456j)
"(0.6060606060606062, -7.0)","(0.6060606060606062, -7.0)",(0.5751536669066283+0.2764857613764809j),(-0.2866568883429767+0.37512369105487925j),(0.07874182667857092-0.5060452174037516j),(0.783068728571034+0.4074072877253533j)
"(0.6484848484848484, -7.0)","(0.6484848484848484, -7.0)",(0.3140098427939846+0.6748422733371588j),(-0.30934165098497474+0.3497225539872904j),(0.14769645952988722-0.4828715017427649j),(0.4756550342490721+0.8079912210926333j)
"(0.6909090909090909, -7.0)","(0.6909090909090909, -7.0)",(-0.08763162740474717+0.818077921724826j),(-0.3310592354232304+0.32116049125377616j),(0.21559433984168938-0.44760079668833763j),(0.02783326817679385+0.9445182271593874j)
"(0.7333333333333334, -7.0)","(0.7333333333333334, -7.0)",(-0.4568968763262042+0.717589179374519j),(-0.3512380113715301+0.289419694623149j),(0.27959030248603095-0.3995501039353185j),(-0.38524916744070503+0.8277195886866886j)
"(0.7757575757575759, -7.0)","(0.7757575757575759, -7.0)",(-0.6933663487867232+0.4600443012975963j),(-0.369271554510134+0.25456792522893545j),(0.336446272144025-0.3387237768914483j),(-0.6605410664206142+0.5442001529601092j)
"(0.8181818181818183, -7.0)","(0.8181818181818183, -7.0)",(-0.76057891462903+0.13397006561629474j),(-0.38453154441340914+0.21677268878527253j),(0.38268837489855856-0.26599224031844193j),(-0.7587357451141795+0.18318961714946413j)
"(0.8606060606060608, -7.0)","(0.8606060606060608, -7.0)",(-0.6405302566941096-0.17706017420696638j),(-0.39638467262594473+0.176313920194051j),(0.4148377687803494-0.18324032874250815j),(-0.6589833528485142-0.17013376565850924j)
"(0.9030303030303031, -7.0)","(0.9030303030303031, -7.0)",(-0.3448458183688299-0.3551002942882416j),(-0.4042136505720096+0.13359414192814667j),(0.42971348603212567-0.0934566232502157j),(-0.37034565382894596-0.39523781296617255j)
"(0.9454545454545455, -7.0)","(0.9454545454545455, -7.0)",(0.008980957502010903-0.269775018460856j),(-0.40744216524828014+0.08914492406691227j),(0.4247949390651287-0.0007321563039754565j),(-0.008371816314837674-0.3581877862237928j)
"(0.987878787878788, -7.0)","(0.987878787878788, -7.0)",(0.17912510990689592+0.08801497810197365j),(-0.40556332526879957+0.043628382349722876j),(0.398618518495139+0.08986243573056903j),(0.18606991668055647-0.04547583997831825j)
"(1.0303030303030305, -7.0)","(1.0303030303030305, -7.0)",(-0.04303515669684832+0.48470532642718844j),(-0.3981707747221565-0.002167572803738469j),(0.3511680652602714+0.17254622973731926j),(0.003967552765036797+0.31432666949360766j)
"(1.0727272727272728, -7.0)","(1.0727272727272728, -7.0)",(-0.5823241255769731+0.5405636313392503j),(-0.38499123847109856-0.04734145354727246j),(0.28420493243922734+0.2412561230199793j),(-0.48153781954510183+0.3466489618665435j)
"(1.1151515151515152, -7.0)","(1.1151515151515152, -7.0)",(-1.0168906130861899+0.06629159550176622j),(-0.3659168196989634-0.09089890699002014j),(0.20147271424646+0.29022624899238475j),(-0.8524465076336865-0.1330357465005984j)
"(1.1575757575757577, -7.0)","(1.1575757575757577, -7.0)",(-0.8894250870248187-0.6560423827873083j),(-0.3410349284419386-0.13178262161941512j),(0.10870800990603413+0.3146847770235868j),(-0.6570981684889142-0.83894453819148j)
"(1.2000000000000002, -7.0)","(1.2000000000000002, -7.0)",(-0.18374363550367329-1.0167830178426678j),(-0.31065331901219145-0.1689116379676449j),(0.013395509229391724+0.3116032888443436j),(0.11351417427912648-1.1594746687193664j)
"(1.2424242424242427, -7.0)","(1.2424242424242427, -7.0)",(0.5365946411786745-0.6386477158562025j),(-0.27531740551801787-0.20122961889631494j),(-0.07577360153925405+0.28040274881432925j),(0.8876856482359464-0.7178208457742168j)
"(1.284848484848485, -7.0)","(1.284848484848485, -7.0)",(0.5989370794564645+0.16719656018247211j),(-0.23581686780968802-0.22776082104672227j),(-0.14974477197771408+0.22349470957440057j),(0.9844987192438666+0.1714626716547938j)
"(1.3272727272727274, -7.0)","(1.3272727272727274, -7.0)",(-0.0751826826000509+0.6057967824922509j),(-0.19317862022086113-0.24767156251109365j),(-0.20019904243534636+0.14652436099507135j),(0.3181949800561566+0.7069439840082732j)
"(1.3696969696969699, -7.0)","(1.3696969696969699, -7.0)",(-0.7894398333190715+0.18539531933632059j),(-0.14864355753164105-0.2603339524511443j),(-0.22080175122521498+0.05819122763243311j),(-0.4199945245622155+0.3875380441550318j)
"(1.4121212121212123, -7.0)","(1.4121212121212123, -7.0)",(-0.7310716717965033-0.6988286299083901j),(-0.10362517415039445-0.2653876126651576j),(-0.20843366037610264-0.030439761287528035j),(-0.4190128372700062-0.40300125595570446j)
"(1.4545454545454546, -7.0)","(1.4545454545454546, -7.0)",(0.13859831428598907-1.0939929965848345j),(-0.0596492138329675-0.26279418301107005j),(-0.16418784729151237-0.10715660620281568j),(0.36243537541046894-0.7240422073709487j)
"(1.496969696969697, -7.0)","(1.496969696969697, -7.0)",(0.9533406794512644-0.4968361308710625j),(-0.018274959959214573-0.25287869158759796j),(-0.09389375180646561-0.16027279559565788j),(1.0655093912169447-0.08368464368780666j)
"(1.5393939393939395, -7.0)","(1.5393939393939395, -7.0)",(0.8291102091876511+0.5329291692120397j),(0.018999408605834635-0.23635153521469074j),(-0.0079503776680975-0.1805674535857416j),(0.818061178249914+0.949848158012472j)
"(1.581818181818182, -7.0)","(1.581818181818182, -7.0)",(-0.13656972371375614+0.9148472862752992j),(0.05084287503581397-0.21430501233742824j),(0.07967519223508233-0.16319787452584839j),(-0.26708779098465246+1.2923501731385758j)
"(1.6242424242424245, -7.0)","(1.6242424242424245, -7.0)",(-0.9065781623314986+0.23776860350105106j),(0.07620230000213647-0.18817922617897476j),(0.15329801983872954-0.10920989325131576j),(-1.1360784821723646+0.5351577229313416j)
"(1.6666666666666667, -7.0)","(1.6666666666666667, -7.0)",(-0.636023210619421-0.7350454437011923j),(0.09440887491251708-0.1596938466268975j),(0.19805403502232044-0.026250590129533586j),(-0.9284861205542585-0.5491010069447612j)
"(1.7090909090909092, -7.0)","(1.7090909090909092, -7.0)",(0.34910096475281105-0.8952353771853898j),(0.105269568311246-0.1307447429102501j),(0.2027749681041528+0.07184941117066175j),(0.04105642833741224-0.8363400454458014j)
"(1.7515151515151517, -7.0)","(1.7515151515151517, -7.0)",(0.8939731935018128-0.06539628839364035j),(0.10913165649448-0.103267846977159j),(0.1626787283234657+0.16679741696785735j),(0.6221628086838671-0.1289258583843387j)
"(1.7939393939393942, -7.0)","(1.7939393939393942, -7.0)",(0.34977278814156354+0.7686188123353899j),(0.10690826932773931-0.07907663692250233j),(0.08125971202220454+0.23878927811799733j),(0.1616048067916197+0.6089061711398949j)
"(1.8363636363636366, -7.0)","(1.8363636363636366, -7.0)",(-0.6444745837866694+0.600608963500128j),(0.10005405666013724-0.05968406254804177j),(-0.02920936827479893+0.27031267098651196j),(-0.7153192721720077+0.38998035506165785j)
"(1.8787878787878791, -7.0)","(1.8787878787878791, -7.0)",(-0.8986021051686494-0.3923652561350415j),(0.09048285523065204-0.04612414730749666j),(-0.14897208697987682+0.2501325379998493j),(-0.8401128734194245-0.5963736468273941j)
"(1.9212121212121216, -7.0)","(1.9212121212121216, -7.0)",(-0.09301586975954873-1.0405320202708221j),(0.08042375138253872-0.03879233091623078j),(-0.2539540728694593+0.17658246134967745j),(0.08051445172737187-1.1783221507042687j)
"(1.9636363636363636, -7.0)","(1.9636363636363636, -7.0)",(0.8226033182264849-0.5802057451364069j),(0.07221814316591671-0.037326196903775304j),(-0.32043283101844294+0.0592505582663723j),(1.0708180060790111-0.6021301064990039j)
"(2.006060606060606, -7.0)","(2.006060606060606, -7.0)",(0.7698522854560514+0.4168374754028703j),(0.06806801030027668-0.04054884445503748j),(-0.3303838903324899-0.08165647002321585j),(1.0321681654882646+0.5390427898811236j)
"(2.0484848484848484, -7.0)","(2.0484848484848484, -7.0)",(-0.14564116446919617+0.7364576249178797j),(0.06975401468375393-0.046495140583161135j),(-0.27631996904264383-0.2185512232624072j),(0.06092478988969373+1.001503988763448j)
"(2.090909090909091, -7.0)","(2.090909090909091, -7.0)",(-0.7675380833061521+0.010337846865431266j),(0.07835038603695135-0.052535909513957126j),(-0.1643199914313594-0.3219656121138645j),(-0.6815684779117441+0.3848393684932529j)
"(2.1333333333333333, -7.0)","(2.1333333333333333, -7.0)",(-0.3213140262927449-0.8377550864393106j),(0.09397063091695562-0.05560655119003808j),(-0.014159046959442255-0.3673003607986124j),(-0.4011256102502583-0.4148481744506601j)
"(2.175757575757576, -7.0)","(2.175757575757576, -7.0)",(0.6308268570212741-0.7537573644955788j),(0.11558258342158022-0.05253482070271195j),(0.1439772119404589-0.3412708780963445j),(0.37126706165923495-0.3599516656965224j)
"(2.2181818181818183, -7.0)","(2.2181818181818183, -7.0)",(0.9148325781701165+0.12730290356451246j),(0.1409317938425882-0.040448269160692024j),(0.27586125103971304-0.24628461803745763j),(0.49803953328781525+0.4140357907626621j)
"(2.2606060606060607, -7.0)","(2.2606060606060607, -7.0)",(0.23891964454451764+0.6727588703769245j),(0.1666074907836843-0.01722646617358046j),(0.3514097583664927-0.10124777629489633j),(-0.27909760460565936+0.7912331128454013j)
"(2.303030303030303, -7.0)","(2.303030303030303, -7.0)",(-0.44432031211783274+0.2162359248018703j),(0.18827452914420037+0.01805149647855554j),(0.3526754867104419+0.0619328043008353j),(-0.985270327972475+0.13625162402247945j)
"(2.3454545454545452, -7.0)","(2.3454545454545452, -7.0)",(-0.17833300357043003-0.5784372440505159j),(0.20107770905718803+0.06472520065016446j),(0.2793544403801931+0.20574126301137535j),(-0.6587651530078111-0.8489037077120557j)
"(2.3878787878787877, -7.0)","(2.3878787878787877, -7.0)",(0.7446583650889893-0.5731378110222434j),(0.20020240533065164+0.12030350012096015j),(0.14990061029731688+0.2966907901050062j),(0.3945553494610207-0.9901321012482097j)
"(2.43030303030303, -7.0)","(2.43030303030303, -7.0)",(1.1429516291008408+0.3635727372090335j),(0.18154946705340042+0.1804116913211428j),(-0.0025999913072488274+0.31462265030178893j),(0.9640021533546893-0.1314616044138982j)
"(2.4727272727272727, -7.0)","(2.4727272727272727, -7.0)",(0.4639614956401892+1.1700389132757618j),(0.1424558505157097+0.2389867177446074j),(-0.1391234569741607+0.2588161618227838j),(0.46062910209864016+0.6722360337083706j)
"(2.515151515151515, -7.0)","(2.515151515151515, -7.0)",(-0.5068385259477094+0.9513151675971006j),(0.08236943424725503+0.28874815137667115j),(-0.2257437099008189+0.1486936402708994j),(-0.36346425029414553+0.51387337594953j)
"(2.5575757575757576, -7.0)","(2.5575757575757576, -7.0)",(-0.6740899550350621+0.1170707644364716j),(0.0033715330420979934+0.32193870487637666j),(-0.24373078634805595+0.018388470491411665j),(-0.43373070172910416-0.22325641093131673j)
"(2.6, -7.0)","(2.6, -7.0)",(-0.0522196916199798-0.19194310134324183j),(-0.08956163406109638+0.3312864352919264j),(-0.19534774905820687-0.09359065520953945j),(0.23268969149932345-0.4296388814256288j)
"(2.6424242424242426, -7.0)","(2.6424242424242426, -7.0)",(0.2936745298620726+0.3685423543001736j),(-0.18865309610805076+0.3110963254025204j),(-0.1030679102494646-0.15654536646340933j),(0.585395536219588+0.21399139536106254j)
"(2.684848484848485, -7.0)","(2.684848484848485, -7.0)",(-0.2913653306995471+0.8923457279950942j),(-0.28383685757554056+0.2583381282824607j),(-0.0019909782623077476-0.1575875056496799j),(-0.0055374948616987996+0.7915951053623134j)
"(2.727272727272727, -7.0)","(2.727272727272727, -7.0)",(-1.1370927060381626+0.4576543772943611j),(-0.3636987050063639+0.1735679908714207j),(0.07234641451973493-0.10578242018753777j),(-0.8457404155515336+0.3898688066104782j)
"(2.7696969696969695, -7.0)","(2.7696969696969695, -7.0)",(-1.120709288712042-0.5907539534992614j),(-0.4167932345447121+0.06151132852200294j),(0.0966603776183053-0.02855109963678432j),(-0.8005764317856351-0.6237141823844801j)
"(2.812121212121212, -7.0)","(2.812121212121212, -7.0)",(-0.18408312424307463-1.0464185324628674j),(-0.4332134261166517-0.06884968030469162j),(0.06842318819727222+0.038822560684871554j),(0.18070711367630485-1.0163914128430473j)
"(2.8545454545454545, -7.0)","(2.8545454545454545, -7.0)",(0.5416461529331533-0.4279448455483541j),(-0.4062224447961041-0.20479504350801397j),(0.006670337810353002+0.06700066221397952j),(0.9411982599189045-0.2901504642543196j)
"(2.896969696969697, -7.0)","(2.896969696969697, -7.0)",(0.20780081867558564+0.3644334755012017j),(-0.33370755185625406-0.33102886144431626j),(-0.05568733091391939+0.04450730887266852j),(0.5971957014457591+0.6509550280728494j)
"(2.9393939393939394, -7.0)","(2.9393939393939394, -7.0)",(-0.628560896813114+0.22673554026261677j),(-0.21919593257255382-0.4314233649450885j),(-0.08549846224341304-0.017161383244403312j),(-0.3238665019971471+0.6753202884521086j)
"(2.981818181818182, -7.0)","(2.981818181818182, -7.0)",(-0.7438308187905415-0.6860332150024647j),(-0.0721925288054159-0.4911761724951431j),(-0.06373719922306342-0.08778684039273094j),(-0.6079010907620621-0.10707020211459072j)
"(3.0242424242424244, -7.0)","(3.0242424242424244, -7.0)",(0.12008879425096292-1.1717807070817874j),(0.09233369947791553-0.4991101061303235j),(0.005381409199010761-0.13089916383056113j),(0.022373685574036628-0.5417714371209028j)
"(3.066666666666667, -7.0)","(3.066666666666667, -7.0)",(0.9183378346354077-0.5960920946390982j),(0.2553779520642153-0.44976960385927844j),(0.09480898682531361-0.1197319266899468j),(0.5681508957458788-0.026590564089872926j)
"(3.109090909090909, -7.0)","(3.109090909090909, -7.0)",(0.7237005553543755+0.26277656081666845j),(0.39616065970001163-0.3449387836235116j),(0.16512440787742322-0.050002843352000254j),(0.16241548777694068+0.6577181877921803j)
"(3.1515151515151514, -7.0)","(3.1515151515151514, -7.0)",(-0.013679922155432234+0.2930775121251009j),(0.494981573840782-0.19423909189426378j),(0.18122058220922913+0.05632326900650281j),(-0.6898820782054433+0.4309933350128619j)
"(3.193939393939394, -7.0)","(3.193939393939394, -7.0)",(-0.09600137683869181-0.4027599063159379j),(0.5362819162693154-0.01456612708617543j),(0.1283083581308105+0.15863458651391943j),(-0.7605916512388178-0.5468283657436819j)
"(3.2363636363636363, -7.0)","(3.2363636363636363, -7.0)",(0.7336555723031322-0.6199732784279625j),(0.5114284924059926+0.171709623607294j),(0.020065593978016105+0.21409276984474968j),(0.20216148591912347-1.0057756718800062j)
"(3.278787878787879, -7.0)","(3.278787878787879, -7.0)",(1.355391771881234+0.28087775236060597j),(0.42070511715567904+0.33964410771205605j),(-0.10526334388003128+0.19615577429063938j),(1.0399499986055862-0.2549221296420895j)
"(3.3212121212121213, -7.0)","(3.3212121212121213, -7.0)",(0.7447616725680432+1.4047307943984517j),(0.2740606972507084+0.46536828376266287j),(-0.19985286650461673+0.10703595524172282j),(0.6705538418219514+0.8323265553940661j)
"(3.3636363636363638, -7.0)","(3.3636363636363638, -7.0)",(-0.5979419967755792+1.4216785918106107j),(0.0903248163754673+0.529938862952127j),(-0.22627520832671885-0.021856496113383028j),(-0.46199160482432766+0.9135962249718669j)
"(3.4060606060606062, -7.0)","(3.4060606060606062, -7.0)",(-1.2211900862208789+0.3140158207656366j),(-0.10515389688673402+0.522730646786754j),(-0.17372182288576393-0.14227760520877042j),(-0.9423143664483808-0.06643722081234693j)
"(3.4484848484848487, -7.0)","(3.4484848484848487, -7.0)",(-0.5846389321705008-0.5779982190765856j),(-0.284199228553392+0.4437065027265217j),(-0.06299471498966461-0.20924259779452292j),(-0.23744498862744418-0.8124621240085843j)
"(3.4909090909090907, -7.0)","(3.4909090909090907, -7.0)",(0.27098139737664856-0.3057384790111217j),(-0.4202940414396149+0.3040301082000274j),(0.0623107149521462-0.19996270255160467j),(0.6289647238641173-0.4098058846595445j)
"(3.533333333333333, -7.0)","(3.533333333333333, -7.0)",(0.15287260069586306+0.47859872042328744j),(-0.4931067468236663+0.12474336842963234j),(0.15464198795346146-0.12298824088400512j),(0.4913373595660679+0.4768435928776602j)
"(3.5757575757575757, -7.0)","(3.5757575757575757, -7.0)",(-0.6842827226486189+0.47890466687025607j),(-0.49220620774335505-0.06641925513073707j),(0.18275446330060657-0.013336689071033317j),(-0.3748309782058704+0.5586606110720265j)
"(3.618181818181818, -7.0)","(3.618181818181818, -7.0)",(-0.9392914962316712-0.43192624884929354j),(-0.41918322774992356-0.23962486812275557j),(0.14403645241567803+0.08401125894777835j),(-0.6641447208974257-0.2763126396743163j)
"(3.6606060606060606, -7.0)","(3.6606060606060606, -7.0)",(-0.11276044412355518-1.0316963889846007j),(-0.2876418002613015-0.36815532960544733j),(0.06332685209064813+0.1342858915352152j),(0.11155450404709816-0.7978269509143685j)
"(3.703030303030303, -7.0)","(3.703030303030303, -7.0)",(0.7502524825275171-0.46420926752850206j),(-0.12091462346005637-0.433245329788579j),(-0.020734046022665882+0.12711139014467474j),(0.8919011520102393-0.15807532788459783j)
"(3.7454545454545456, -7.0)","(3.7454545454545456, -7.0)",(0.4843505506496904+0.5122189795074211j),(0.0521736328102161-0.42754167975064045j),(-0.0746717636459502+0.07817843216932802j),(0.5068486814854245+0.8615822270887336j)
"(3.787878787878788, -7.0)","(3.787878787878788, -7.0)",(-0.538401367142423+0.5120372436486422j),(0.2027236265288504-0.35639484376924013j),(-0.08487142669823258+0.01832827869459785j),(-0.6562535669730408+0.8501038087232845j)
"(3.83030303030303, -7.0)","(3.83030303030303, -7.0)",(-0.8365898976691368-0.5519309945687727j),(0.30726894858467285-0.23661137348537525j),(-0.06094119924055743-0.023629961510865962j),(-1.0829176470132522-0.29168965957253157j)
"(3.872727272727273, -7.0)","(3.872727272727273, -7.0)",(0.1725321481520774-1.257061711303356j),(0.35218803066564314-0.09284146531903388j),(-0.026870229003400317-0.03507888982812675j),(-0.15278565351016543-1.1291413561561954j)
"(3.915151515151515, -7.0)","(3.915151515151515, -7.0)",(1.3051200173669848-0.5440815626351558j),(0.3360121279713187+0.047669101732864635j),(-0.00560640546874852-0.023484816128966517j),(0.9747142948644146-0.5682658482390539j)
"(3.957575757575758, -7.0)","(3.957575757575758, -7.0)",(1.1249122360993997+0.822071623654359j),(0.26905999253794943+0.16080686072146402j),(-0.005962402915359662-0.008686824223840074j),(0.8618146464768099+0.6699515871567351j)
"(4.0, -7.0)","(4.0, -7.0)",(-0.15139073389687185+1.2121310851904912j),(0.17044708814942996+0.23046821763023076j),(-0.01905352105216926-0.008724973630586741j),(-0.30278430099413256+0.9903878411908472j)
"(-0.2, -6.714285714285714)","(-0.2, -6.714285714285714)",(0.9745724566473354-1.5891245475854459j),(0.4382881415470998-0.25218713332657094j),(-0.051928181413252644+0.5572401622631792j),(0.5882124965134883-1.894177576522054j)
"(-0.1575757575757576, -6.714285714285714)","(-0.1575757575757576, -6.714285714285714)",(0.559187084942029-1.9596471989558766j),(0.4347660595500785-0.26142531496680405j),(-0.030887845096113576+0.5598182564990067j),(0.15530887048806402-2.258040140488079j)
"(-0.11515151515151516, -6.714285714285714)","(-0.11515151515151516, -6.714285714285714)",(0.13861057877235383-2.213553563620131j),(0.4320870787361491-0.26833111819447575j),(-0.01524577209062213+0.561219192771584j),(-0.27823072787317316-2.5064416381972396j)
"(-0.07272727272727272, -6.714285714285714)","(-0.07272727272727272, -6.714285714285714)",(-0.19084684678524727-2.382643647642508j),(0.4303617521134344-0.2729271450917736j),(-0.005089987181788913+0.561918298433867j),(-0.6161186117168928-2.6716348009846014j)
"(-0.030303030303030304, -6.714285714285714)","(-0.030303030303030304, -6.714285714285714)",(-0.349848343329516-2.511133573918535j),(0.42966312021443537-0.27522752868437944j),(-0.0004678088045698375+0.5622238580084172j),(-0.7790436547393815-2.7981299032425726j)
"(0.012121212121212116, -6.714285714285714)","(0.012121212121212116, -6.714285714285714)",(-0.28349920679294976-2.618919387855199j),(0.4300267594736438-0.2752359619147442j),(-0.0014019343188555007+0.5622731646458025j),(-0.7121240319477381-2.9059565905862574j)
"(0.054545454545454564, -6.714285714285714)","(0.054545454545454564, -6.714285714285714)",(0.031137913378819382-2.6737213660728356j),(0.4314506977995878-0.2729447615108126j),(-0.007897490872219417+0.5620306369949447j),(-0.392415293548549-2.9628072415569675j)
"(0.09696969696969698, -6.714285714285714)","(0.09696969696969698, -6.714285714285714)",(0.5653019953443232-2.588115648580938j),(0.433895162303921-0.26833497642172677j),(-0.01993985775799983+0.5612874851098042j),(0.1513466907984021-2.8810681572690156j)
"(0.1393939393939394, -6.714285714285714)","(0.1393939393939394, -6.714285714285714)",(1.2118215276830684-2.25398758144563j),(0.4372821654060175-0.2613775519361183j),(-0.03748323820422586+0.5596631083307169j),(0.8120226004812766-2.5522731378402286j)
"(0.18181818181818182, -6.714285714285714)","(0.18181818181818182, -6.714285714285714)",(1.7801216951293997-1.6137371212400509j),(0.44149497739799565-0.25203556163429325j),(-0.06043015005622501+0.5566091086107021j),(1.399056867787629-1.9183106682164597j)
"(0.22424242424242424, -6.714285714285714)","(0.22424242424242424, -6.714285714285714)",(2.0481704193468655-0.7372492446453698j),(0.4463775758405287-0.24026751779137495j),(-0.08860228412138894+0.5514174788888766j),(1.6903951276277256-1.0483992057428715j)
"(0.26666666666666666, -6.714285714285714)","(0.26666666666666666, -6.714285714285714)",(1.8738582003808786+0.1569471929040882j),(0.4517342044964054-0.22603176458110363j),(-0.12170361025818333+0.5432351416467764j),(1.5438276061426566-0.1602561841615846j)
"(0.30909090909090914, -6.714285714285714)","(0.30909090909090914, -6.714285714285714)",(1.3040075704552812+0.786813477357934j),(0.4573292162326201-0.2092919452836366j),(-0.15927724929917178+0.5310875136307435j),(1.0059556035218329+0.4650179090108271j)
"(0.3515151515151515, -6.714285714285714)","(0.3515151515151515, -6.714285714285714)",(0.5808347174760486+0.9712874319964331j),(0.46288741432776326-0.19002351262167913j),(-0.20065851080919886+0.5139140813101455j),(0.31860581395748416+0.6473968633079668j)
"(0.393939393939394, -6.714285714285714)","(0.393939393939394, -6.714285714285714)",(0.0016989565567641085+0.7523806370459096j),(0.46809514324569906-0.16822121847346655j),(-0.24492763124336187+0.49061898433546924j),(-0.2214685554455731+0.4299828711839069j)
"(0.43636363636363634, -6.714285714285714)","(0.43636363636363634, -6.714285714285714)",(-0.27453228875183894+0.3513747656296683j),(0.47260241085917176-0.1439074739885651j),(-0.2908671005334832+0.46013919360867295j),(-0.4562675990775275+0.03514304600956039j)
"(0.4787878787878788, -6.714285714285714)","(0.4787878787878788, -6.714285714285714)",(-0.29608822587201516-0.02061764436661362j),(0.47602634627070317-0.11714141252555792j),(-0.33692994500944573+0.4215318944366798j),(-0.4351846271332726-0.3250081262777355j)
"(0.5212121212121212, -6.714285714285714)","(0.5212121212121212, -6.714285714285714)",(-0.18633830999715295-0.3082659285866061j),(0.4779563069798837-0.08802841553769142j),(-0.38122677334097144+0.3740810050658917j),(-0.28306784363606524-0.5943185181148064j)
"(0.5636363636363637, -6.714285714285714)","(0.5636363636363637, -6.714285714285714)",(0.033976694346581904-0.545014162229341j),(0.4779609416688953-0.05672977627621406j),(-0.4215405346432721+0.3174202710499989j),(-0.022443712679041272-0.8057046570031258j)
"(0.6060606060606062, -6.714285714285714)","(0.6060606060606062, -6.714285714285714)",(0.4268120772899701-0.6580881527333955j),(0.47559748524567663-0.023472080020236253j),(-0.45537843743406037+0.2516670446634929j),(0.40659302947835385-0.8862831173766521j)
"(0.6484848484848484, -6.714285714285714)","(0.6484848484848484, -6.714285714285714)",(0.9069610306757379-0.4408837640131438j),(0.4704235055960774+0.011444223779392321j),(-0.48006990911442915+0.1775567793996378j),(0.9166074341940896-0.6298847671921739j)
"(0.6909090909090909, -6.714285714285714)","(0.6909090909090909, -6.714285714285714)",(1.1222328739394745+0.17032389911679202j),(0.46201123144992107+0.04763768678186368j),(-0.49291736953976806+0.09656371771465874j),(1.1531390120293215+0.02612249462026961j)
"(0.7333333333333334, -6.714285714285714)","(0.7333333333333334, -6.714285714285714)",(0.7362923549070393+0.8150342359151254j),(0.4499644631831997+0.08464089189843582j),(-0.4914025049422619+0.010988735024428315j),(0.7777303966661014+0.7194046089922612j)
"(0.7757575757575759, -6.714285714285714)","(0.7757575757575759, -6.714285714285714)",(-0.0894523196760841+0.8891398277465965j),(0.4339378999716757+0.12189845669077824j),(-0.4734443432228236-0.0760083984609541j),(-0.04994587642493621+0.8432497695167723j)
"(0.8181818181818183, -6.714285714285714)","(0.8181818181818183, -6.714285714285714)",(-0.6322249003222817+0.18314267295022263j),(0.413658506454132+0.15876886930045456j),(-0.43769669604271905-0.16045692514684146j),(-0.6081867107336947+0.18483072879660953j)
"(0.8606060606060608, -6.714285714285714)","(0.8606060606060608, -6.714285714285714)",(-0.25945525298644206-0.7005343004720489j),(0.3889482922581555+0.19453102186434282j),(-0.3838618187853961-0.23772652645591497j),(-0.2645417264592015-0.6573387958804767j)
"(0.9030303030303031, -6.714285714285714)","(0.9030303030303031, -6.714285714285714)",(0.7870918648397716-0.8044458310949499j),(0.35974759514427157+0.22839625016897894j),(-0.31298539944191134-0.3028000193293364j),(0.7403296691374113-0.7300420619345924j)
"(0.9454545454545455, -6.714285714285714)","(0.9454545454545455, -6.714285714285714)",(1.4491902014416587+0.14612945765269394j),(0.3261376554740009+0.2595265530407846j),(-0.22768687168146676-0.35067404764952054j),(1.3507394176491245+0.2372769522614299j)
"(0.987878787878788, -6.714285714285714)","(0.987878787878788, -6.714285714285714)",(0.9212117325658679+1.2763434246589171j),(0.2883609651209283+0.2870594345547463j),(-0.1322709205394715-0.3768775291920337j),(0.765121687984411+1.3661615192962044j)
"(1.0303030303030305, -6.714285714285714)","(1.0303030303030305, -6.714285714285714)",(-0.36357537840653653+1.3885252215927912j),(0.24683759397669194+0.310139473629196j),(-0.032663848573419085-0.378075174916284j),(-0.5777491238098094+1.4564609228798793j)
"(1.0727272727272728, -6.714285714285714)","(1.0727272727272728, -6.714285714285714)",(-1.0697236332264+0.32009354402207757j),(0.20217547536276959+0.32795627185539167j),(0.06387465570499425-0.3526973112915074j),(-1.3357737642941638+0.3448345834581933j)
"(1.1151515151515152, -6.714285714285714)","(1.1151515151515152, -6.714285714285714)",(-0.4301330037418045-0.7520491357988734j),(0.1551725081094037+0.33978786325980287j),(0.1492951124320115-0.3015110228960996j),(-0.7346006242832197-0.7903259761625767j)
"(1.1575757575757577, -6.714285714285714)","(1.1575757575757577, -6.714285714285714)",(0.7970277956622753-0.5868833704203167j),(0.10680835285125832+0.3450480031237439j),(0.2155559727448245-0.22802652707975835j),(0.4746634700661925-0.7039048464643022j)
"(1.2000000000000002, -6.714285714285714)","(1.2000000000000002, -6.714285714285714)",(1.1251631411476442+0.6449181141583715j),(0.05822401001933103+0.34333501647077547j),(0.25562968592736074-0.1386232787727007j),(0.8113094452009524+0.4402063764602968j)
"(1.2424242424242427, -6.714285714285714)","(1.2424242424242427, -6.714285714285714)",(0.08502413359767064+1.4841725201643434j),(0.010687711028648718+0.33447912805501195j),(0.2646181871690724-0.042289594253684545j),(-0.19028176460005053+1.191982986363016j)
"(1.284848484848485, -6.714285714285714)","(1.284848484848485, -6.714285714285714)",(-1.1583641207872+0.8884931013472724j),(-0.03445363284784309+0.31858448212870394j),(0.2408248954498997+0.050096496781573595j),(-1.3647353833892566+0.5198121224369949j)
"(1.3272727272727274, -6.714285714285714)","(1.3272727272727274, -6.714285714285714)",(-1.1620156795015213-0.48401818144819286j),(-0.07583717927652718+0.2960614789941422j),(0.18658692543346247+0.1269560860493227j),(-1.2727654256584566-0.9070357464916577j)
"(1.3696969696969699, -6.714285714285714)","(1.3696969696969699, -6.714285714285714)",(0.040195199430575215-1.0348145767666206j),(-0.11215957650888914+0.2676447101856835j),(0.1086524266269428+0.17759246970379852j),(0.04370234931252155-1.4800517566561027j)
"(1.4121212121212123, -6.714285714285714)","(1.4121212121212123, -6.714285714285714)",(0.9591760788734022-0.17325999704404327j),(-0.1422620142060382+0.23439177953667753j),(0.017907883523103355+0.19399133646063188j),(1.083530209556337-0.6016431130413527j)
"(1.4545454545454546, -6.714285714285714)","(1.4545454545454546, -6.714285714285714)",(0.486273570732481+0.9503390270810641j),(-0.16522018587096657+0.19765876841284127j),(-0.07167058053293228+0.17256140955195454j),(0.7231643371363798+0.5801188491162683j)
"(1.496969696969697, -6.714285714285714)","(1.496969696969697, -6.714285714285714)",(-0.7239845902274928+0.8868253969058482j),(-0.1804327478744869+0.159049141488696j),(-0.14484675221876064+0.11546594017929625j),(-0.3987050901342452+0.6123103152378558j)
"(1.5393939393939395, -6.714285714285714)","(1.5393939393939395, -6.714285714285714)",(-1.0903510860312742-0.27994372130220024j),(-0.18770031991853336+0.12033456438552532j),(-0.18757622317645561+0.031176637918737628j),(-0.7150745429362853-0.4314549236064632j)
"(1.581818181818182, -6.714285714285714)","(1.581818181818182, -6.714285714285714)",(-0.12738560933726878-1.0470901385609004j),(-0.1872859143731276+0.08334843340237263j),(-0.18974104160293712-0.06605846618478534j),(0.24964134663879595-1.0643801057784876j)
"(1.6242424242424245, -6.714285714285714)","(1.6242424242424245, -6.714285714285714)",(0.9333335076709962-0.4303694545998962j),(-0.17994716436210528+0.04985584292554856j),(-0.14766767595995064-0.15798970163036505j),(1.260948347993052-0.32223559589507966j)
"(1.6666666666666667, -6.714285714285714)","(1.6666666666666667, -6.714285714285714)",(0.7411398956578878+0.7650836211281749j),(-0.16693110911937065+0.021407085504979044j),(-0.0658384952138522-0.22530163837661038j),(0.9739094999911108+0.9689781739998062j)
"(1.7090909090909092, -6.714285714285714)","(1.7090909090909092, -6.714285714285714)",(-0.4205404439595532+1.0003216065211267j),(-0.14992383290566563-0.0008146687445348732j),(0.04276644434824427-0.251337493135467j),(-0.31338305540213185+1.2524737684011287j)
"(1.7515151515151517, -6.714285714285714)","(1.7515151515151517, -6.714285714285714)",(-1.0199335674541137+0.015395034056563589j),(-0.13095011809745882-0.016137508344914293j),(0.15808472909460253-0.2259537797740859j),(-1.0470681784512574+0.2574863221755638j)
"(1.7939393939393942, -6.714285714285714)","(1.7939393939393942, -6.714285714285714)",(-0.30218969494910125-0.8461683490909983j),(-0.11222252708072633-0.024520040520617733j),(0.25620501149762914-0.14864600717590903j),(-0.44617217936600406-0.6730023013944715j)
"(1.8363636363636366, -6.714285714285714)","(1.8363636363636366, -6.714285714285714)",(0.7218582528601869-0.4357374471073499j),(-0.09594486960169843-0.02662761959500514j),(0.3140440426884962-0.030052331576158803j),(0.5037590797733891-0.379057495936186j)
"(1.8787878787878791, -6.714285714285714)","(1.8787878787878791, -6.714285714285714)",(0.6432321243739587+0.6676911335473826j),(-0.08408153065691722-0.023847717997280683j),(0.314636435544765+0.10886334746153958j),(0.4126772194861109+0.5826755040831237j)
"(1.9212121212121216, -6.714285714285714)","(1.9212121212121216, -6.714285714285714)",(-0.4439331806452806+0.9450960720458706j),(-0.07811107745213249-0.018229251604731697j),(0.2518528476252695+0.24021066472741406j),(-0.6176749508184176+0.7231146589231883j)
"(1.9636363636363636, -6.714285714285714)","(1.9636363636363636, -6.714285714285714)",(-1.0665081076985987-0.0015915806035107782j),(-0.07878913731804121-0.012335977134800714j),(0.1332448041388569+0.3347931321758382j),(-1.1209637745194143-0.3240487356445483j)
"(2.006060606060606, -6.714285714285714)","(2.006060606060606, -6.714285714285714)",(-0.3721010264195864-0.8959418538586645j),(-0.08595073607269037-0.009012153086743921j),(-0.020064954726472833+0.3689098329387198j),(-0.26608533562042325-1.2558395337106405j)
"(2.0484848484848484, -6.714285714285714)","(2.0484848484848484, -6.714285714285714)",(0.6940318052185371-0.5122374453402716j),(-0.09838497121403578-0.011069227709893114j),(-0.1769417216883186+0.33075419357351077j),(0.9693584981208915-0.8319224112038892j)
"(2.090909090909091, -6.714285714285714)","(2.090909090909091, -6.714285714285714)",(0.6531946881625023+0.6422851802552849j),(-0.11381392826922886-0.020914662069676113j),(-0.30287317892624976+0.2246178960103965j),(1.069881795357981+0.43858194631456454j)
"(2.1333333333333333, -6.714285714285714)","(2.1333333333333333, -6.714285714285714)",(-0.4913642813499775+0.9896470772512537j),(-0.1290021701406822-0.04015688775930919j),(-0.36834916478401303+0.07138967772405885j),(0.005987053574717682+0.958414287286504j)
"(2.175757575757576, -6.714285714285714)","(2.175757575757576, -6.714285714285714)",(-1.2358109475189063+0.019444376311535227j),(-0.14001236727282476-0.06923213426395061j),(-0.3568987434677259-0.09535681661309071j),(-0.7388998367783557+0.18403332718857657j)
"(2.2181818181818183, -6.714285714285714)","(2.2181818181818183, -6.714285714285714)",(-0.6116919421766003-1.0056274493537245j),(-0.1426067352701787-0.10710737220306471j),(-0.2704283766172926-0.23719853778228972j),(-0.198656830289129-0.66132153936837j)
"(2.2606060606060607, -6.714285714285714)","(2.2606060606060607, -6.714285714285714)",(0.48900966470549767-0.7694312191810733j),(-0.1327737666776262-0.15111668652181015j),(-0.12993055959298358-0.32085447608788126j),(0.7517139909761075-0.29746005657138186j)
"(2.303030303030303, -6.714285714285714)","(2.303030303030303, -6.714285714285714)",(0.5380884110261048+0.2833244429792673j),(-0.10733709231573689-0.19698396489992012j),(0.029234810508837063-0.3276099878226595j),(0.6161906928330046+0.8079183957018469j)
"(2.3454545454545452, -6.714285714285714)","(2.3454545454545452, -6.714285714285714)",(-0.5015799647187312+0.5467889416149765j),(-0.06458094995075984-0.23907137311705623j),(0.16667768737684505-0.25921710227537365j),(-0.6036767021448164+1.0450774170074064j)
"(2.3878787878787877, -6.714285714285714)","(2.3878787878787877, -6.714285714285714)",(-1.079331194391153-0.5109361539731256j),(-0.004808241829309964-0.2708702063231313j),(0.24850618072255895-0.1380345602898382j),(-1.323029133284402-0.1020313873601561j)
"(2.43030303030303, -6.714285714285714)","(2.43030303030303, -6.714285714285714)",(-0.17912984272754595-1.5442120204849044j),(0.06926345506569406-0.28571928169343586j),(0.25755942747967414-0.0007827662603886393j),(-0.5059527252729141-1.2577099725310799j)
"(2.4727272727272727, -6.714285714285714)","(2.4727272727272727, -6.714285714285714)",(1.2267972889878385-1.118314760632196j),(0.1523613899309353-0.277698708145141j),(0.19885133264669552+0.11261965808091665j),(0.8755845664102077-0.9532357105679716j)
"(2.515151515151515, -6.714285714285714)","(2.515151515151515, -6.714285714285714)",(1.4316408647152767+0.3157371442440725j),(0.23685007030630822-0.242608050507762j),(0.09797443266266401+0.17178142046271203j),(1.0968163617463045+0.3865637742891225j)
"(2.5575757575757576, -6.714285714285714)","(2.5575757575757576, -6.714285714285714)",(0.2944124939145108+0.9882178323544866j),(0.31330168965528776-0.17890357171874538j),(-0.007537172446567506+0.165828484282234j),(-0.011352023294209479+1.0012929197909979j)
"(2.6, -6.714285714285714)","(2.6, -6.714285714285714)",(-0.564018727018834+0.19588746652785718j),(0.3714419176703149-0.08844631821676316j),(-0.08131881576464524+0.10689111028392684j),(-0.8541418289245037+0.1774426744606935j)
"(2.6424242424242426, -6.714285714285714)","(2.6424242424242426, -6.714285714285714)",(0.021034082318016123-0.7503754024630287j),(0.401409327911135+0.023091775235723918j),(-0.10125629202370645+0.025359691719073745j),(-0.2791189535694124-0.7988268694178263j)
"(2.684848484848485, -6.714285714285714)","(2.684848484848485, -6.714285714285714)",(1.1518822912878783-0.3473291381705144j),(0.39520333795104584+0.14629723391944183j),(-0.06759801856755138-0.04184188612478866j),(0.8242769719043839-0.45178448596516757j)
"(2.727272727272727, -6.714285714285714)","(2.727272727272727, -6.714285714285714)",(1.11052581421879+0.9917406355293402j),(0.34813767433556625+0.26864716096114516j),(-0.002633096760727194-0.0658632480269037j),(0.7650212366439508+0.7889567225950987j)
"(2.7696969696969695, -6.714285714285714)","(2.7696969696969695, -6.714285714285714)",(-0.22839569441756336+1.4721101335981246j),(0.26007558922442403+0.37571971306356194j),(0.05847280055639362-0.037778227045002284j),(-0.546944084198381+1.134168647579565j)
"(2.812121212121212, -6.714285714285714)","(2.812121212121212, -6.714285714285714)",(-1.1591300120316583+0.40857487441610363j),(0.13621086201825136+0.4529075106124659j),(0.08250817270580864+0.02734043854896515j),(-1.3778490467557183-0.07167307474532747j)
"(2.8545454545454545, -6.714285714285714)","(2.8545454545454545, -6.714285714285714)",(-0.4732167444632587-0.7619940035881769j),(-0.012815741050673238+0.48745982704242335j),(0.052885043392651515+0.09634005241122001j),(-0.5132860468052369-1.3457938830418203j)
"(2.896969696969697, -6.714285714285714)","(2.896969696969697, -6.714285714285714)",(0.8261341969297222-0.4077440829871095j),(-0.17160689459995396+0.4705890058077122j),(-0.02212688454171198+0.1320559356938205j),(1.0198679760713882-1.0103890244886422j)
"(2.9393939393939394, -6.714285714285714)","(2.9393939393939394, -6.714285714285714)",(0.8357664606561036+1.0303280794925422j),(-0.32154048518628026+0.39931308436454654j),(-0.11163343987719884+0.10999009285123793j),(1.2689403857195827+0.5210249022767578j)
"(2.981818181818182, -6.714285714285714)","(2.981818181818182, -6.714285714285714)",(-0.6447196278064584+1.5732590627488272j),(-0.44304016801065266+0.2776881386299923j),(-0.17458889125374488+0.030435496978901726j),(-0.027090568542060878+1.265135427139933j)
"(3.0242424242424244, -6.714285714285714)","(3.0242424242424244, -6.714285714285714)",(-1.7896690715439478+0.3720862697963138j),(-0.5183351822712176+0.11712413021170304j),(-0.1776941500370565-0.07969388890279631j),(-1.0936397392356738+0.3346560284874071j)
"(3.066666666666667, -6.714285714285714)","(3.066666666666667, -6.714285714285714)",(-1.193098912348682-1.1286059646250393j),(-0.5343287819341994-0.06441754991715878j),(-0.11106242591948504-0.1768954178215839j),(-0.5477077044949976-0.8872929968862966j)
"(3.109090909090909, -6.714285714285714)","(3.109090909090909, -6.714285714285714)",(0.24648414002603986-1.1507307476530926j),(-0.4851081446385398-0.24438429406571113j),(0.005592879155460859-0.21926182703776248j),(0.7259994055091188-0.6870846265496189j)
"(3.1515151515151514, -6.714285714285714)","(3.1515151515151514, -6.714285714285714)",(0.599740623192375+0.011049085410286819j),(-0.3736131432191257-0.39858884718782855j),(0.12968127444247646-0.18508840221165843j),(0.8436724919690242+0.5947263348097738j)
"(3.193939393939394, -6.714285714285714)","(3.193939393939394, -6.714285714285714)",(-0.41039376120338045+0.45987340800633514j),(-0.21205467277075055-0.5047932992778059j),(0.2130710043380722-0.08344864598187547j),(-0.4114100927707021+1.0481153532660166j)
"(3.2363636363636363, -6.714285714285714)","(3.2363636363636363, -6.714285714285714)",(-1.0416098154437388-0.59667193577812j),(-0.02083850918581041-0.5463776575761058j),(0.2226634835397296+0.048503114367535134j),(-1.2434347897976579-0.09879739256954934j)
"(3.278787878787879, -6.714285714285714)","(3.278787878787879, -6.714285714285714)",(-0.02111960035487359-1.673840235014862j),(0.17400764848998984-0.5154518367040203j),(0.15492400480103172+0.16081862246245127j),(-0.3500512536458952-1.319207020773293j)
"(3.3212121212121213, -6.714285714285714)","(3.3212121212121213, -6.714285714285714)",(1.562962197498547-1.056018826066035j),(0.3446235030610223-0.4147818494333015j),(0.03751725650608518+0.21200013173305238j),(1.1808214379314397-0.8532371083657859j)
"(3.3636363636363638, -6.714285714285714)","(3.3636363636363638, -6.714285714285714)",(1.6591930839750972+0.7375862460425204j),(0.4657690040206832-0.25804107657190506j),(-0.08293940798553483+0.18652782481996005j),(1.2763634879399488+0.8090994977944654j)
"(3.4060606060606062, -6.714285714285714)","(3.4060606060606062, -6.714285714285714)",(0.08174405545839708+1.530875804174993j),(0.5191854873914261-0.0681589983022413j),(-0.16140749437181565+0.10054122955714312j),(-0.27603393756121336+1.4984935729200912j)
"(3.4484848484848487, -6.714285714285714)","(3.4484848484848487, -6.714285714285714)",(-1.1448219680584049+0.40793780854722816j),(0.49703321878905227+0.1261125209783748j),(-0.17360764899720948-0.006868355382236618j),(-1.4682475378502475+0.28869364295109j)
"(3.4909090909090907, -6.714285714285714)","(3.4909090909090907, -6.714285714285714)",(-0.47884104930048427-1.0179738893701493j),(0.40366032242807776+0.2949228637509091j),(-0.12486636168654629-0.09233526992092997j),(-0.7576350100420157-1.2205614832001284j)
"(3.533333333333333, -6.714285714285714)","(3.533333333333333, -6.714285714285714)",(1.060084340418337-0.7725532470490966j),(0.255215725757653+0.41252510118989466j),(-0.04480383638213884-0.12762429575422413j),(0.8496724510428229-1.057454052484767j)
"(3.5757575757575757, -6.714285714285714)","(3.5757575757575757, -6.714285714285714)",(1.2928859775443495+0.8095231611100215j),(0.07701581290835649+0.4619616331704481j),(0.02886620204702867-0.1103721850717426j),(1.1870039625889643+0.45793371301131597j)
"(3.618181818181818, -6.714285714285714)","(3.618181818181818, -6.714285714285714)",(-0.14237204918668353+1.5740106054016338j),(-0.10095897308974351+0.43824943840953023j),(0.06879678830483259-0.06143886981916932j),(-0.1102098644017726+1.197200036811273j)
"(3.6606060606060606, -6.714285714285714)","(3.6606060606060606, -6.714285714285714)",(-1.3292590627747025+0.5216162514176003j),(-0.24962390423639946+0.34931563069615057j),(0.06931564438815156-0.011176320520796597j),(-1.1489508029264546+0.18347694124224628j)
"(3.703030303030303, -6.714285714285714)","(3.703030303030303, -6.714285714285714)",(-0.7532795291941835-0.8427941969228858j),(-0.3462918861767871+0.2143660802354082j),(0.04535853288364751+0.01743432277327305j),(-0.4523461759010439-1.0745945999315671j)
"(3.7454545454545456, -6.714285714285714)","(3.7454545454545456, -6.714285714285714)",(0.6046672790366343-0.649935361987405j),(-0.3789305754375849+0.05992200167166568j),(0.02065449606602281+0.01960881184942033j),(0.9629433584081964-0.729466175508491j)
"(3.787878787878788, -6.714285714285714)","(3.787878787878788, -6.714285714285714)",(0.6826526596012027+0.6955707703758677j),(-0.348190259099423-0.0856886370411813j),(0.012510616761052161+0.00817840163349699j),(1.0183323019395736+0.773081005783552j)
"(3.83030303030303, -6.714285714285714)","(3.83030303030303, -6.714285714285714)",(-0.7111830302429475+1.0841744630573558j),(-0.2666793238728979-0.1981847313791951j),(0.02200283710920829+0.00283756152758641j),(-0.4665065434792579+1.2795216329089645j)
"(3.872727272727273, -6.714285714285714)","(3.872727272727273, -6.714285714285714)",(-1.563955321061051-0.2849838004390507j),(-0.15559723085243787-0.2621783395751665j),(0.03487217613144332+0.016118305636482824j),(-1.4432302663400565-0.038923766500366996j)
"(3.915151515151515, -6.714285714285714)","(3.915151515151515, -6.714285714285714)",(-0.47242335111027145-1.6691499586531096j),(-0.03949435754467109-0.27384038250854514j),(0.032064118379944155+0.044551042167643655j),(-0.4649931119455445-1.439860618312208j)
"(3.957575757575758, -6.714285714285714)","(3.957575757575758, -6.714285714285714)",(1.2955263677939268-1.13115673586456j),(0.0595592631836828-0.24071232282167584j),(0.00330977673078136+0.07017978746988354j),(1.2326573278794626-0.9606242005127678j)
"(4.0, -6.714285714285714)","(4.0, -6.714285714285714)",(1.43346387856148+0.7295869871183815j),(0.12690451180984355-0.1787098264131906j),(-0.044467846413543906+0.07146836433777362j),(1.3510272131651804+0.8368284491937985j)
"(-0.2, -6.428571428571429)","(-0.2, -6.428571428571429)",(-1.7329756151894853+0.13956244117801375j),(-0.4837800822623152-0.16801885222333043j),(0.46825427771925604-0.33295384278847623j),(-1.7174498106464262+0.6405351361898204j)
"(-0.1575757575757576, -6.428571428571429)","(-0.1575757575757576, -6.428571428571429)",(-1.7488408857314426+0.672587591326196j),(-0.4886808577090217-0.1589658335683872j),(0.45549487017166446-0.3521487986658592j),(-1.7156548981940853+1.1837022235604424j)
"(-0.11515151515151516, -6.428571428571429)","(-0.11515151515151516, -6.428571428571429)",(-1.929295026456935+1.2455077401990577j),(-0.49231057112728915-0.15216067153789645j),(0.44555711074067034-0.36603602255859397j),(-1.8825415660703162+1.7637044342955481j)
"(-0.07272727272727272, -6.428571428571429)","(-0.07272727272727272, -6.428571428571429)",(-2.2061679832869654+1.9027438746453922j),(-0.49476466479250975-0.14767790059663635j),(0.4389254242409973-0.37489416579998136j),(-2.1503287427354527+2.42531594104201j)
"(-0.030303030303030304, -6.428571428571429)","(-0.030303030303030304, -6.428571428571429)",(-2.542836243887228+2.3564184513622863j),(-0.49610553301727817-0.14556731194194011j),(0.4359062448958972-0.3789130905048478j),(-2.482636955765847+2.8808988538090743j)
"(0.012121212121212116, -6.428571428571429)","(0.012121212121212116, -6.428571428571429)",(-2.920179756076336+2.2368125681298237j),(-0.49636088919444527-0.14585540616901418j),(0.4366370969340172-0.3781756156772558j),(-2.860455963815908+2.7608435899760937j)
"(0.054545454545454564, -6.428571428571429)","(0.054545454545454564, -6.428571428571429)",(-3.125597882705158+1.427762234905926j),(-0.49552291199116044-0.14854599007176375j),(0.4410904200617885-0.372649404935269j),(-3.071165390775786+1.9489576299129587j)
"(0.09696969696969698, -6.428571428571429)","(0.09696969696969698, -6.428571428571429)",(-2.834806627711411+0.27115207527577945j),(-0.49354815336860774-0.15361987964234383j),(0.44907145812152527-0.3621887566181745j),(-2.7903299324643283+0.7869607115362978j)
"(0.1393939393939394, -6.428571428571429)","(0.1393939393939394, -6.428571428571429)",(-2.0365430930431456-0.6039339595078012j),(-0.49035822301587273-0.16103370635156228j),(0.46021037722611363-0.3465464777468244j),(-2.0063952472533866-0.09635377540941445j)
"(0.18181818181818182, -6.428571428571429)","(0.18181818181818182, -6.428571428571429)",(-1.2048661739944544-0.8502429638245914j),(-0.4858412958023928-0.17071785969529465j),(0.4739496468687289-0.3253964239880024j),(-1.1929745250607906-0.3541286801412944j)
"(0.22424242424242424, -6.428571428571429)","(0.22424242424242424, -6.428571428571429)",(-0.7933937950763559-0.7805564722561185j),(-0.47985451886750474-0.18257363725551798j),(0.4895286375235251-0.2983675719272422j),(-0.8030679137323762-0.29961526307335823j)
"(0.26666666666666666, -6.428571428571429)","(0.26666666666666666, -6.428571428571429)",(-0.6141361172708986-0.9244871967048667j),(-0.47222742072700147-0.19646971547701644j),(0.5059683786175904-0.2650905556711335j),(-0.6478770751614875-0.4629269255567167j)
"(0.30909090909090914, -6.428571428571429)","(0.30909090909090914, -6.428571428571429)",(-0.0802900085578458-1.187495418738529j),(-0.46276644381612575-0.2122381010334684j),(0.5220604692944588-0.2252573393525055j),(-0.13958403403617886-0.7499999783525552j)
"(0.3515151515151515, -6.428571428571429)","(0.3515151515151515, -6.428571428571429)",(0.8010671635866382-0.8427052569888127j),(-0.45126073147814527-0.22966977458411994j),(0.5363651852713752-0.17869400125322915j),(0.7159627097934083-0.4343414811514636j)
"(0.393939393939394, -6.428571428571429)","(0.393939393939394, -6.428571428571429)",(1.0922167323493248+0.35694699755404447j),(-0.4374892975504718-0.24851029578401593j),(0.5472247656640579-0.12544537431856917j),(0.9824812642357387+0.7309026676566296j)
"(0.43636363636363634, -6.428571428571429)","(0.43636363636363634, -6.428571428571429)",(0.05479126225363945+1.3967432718554582j),(-0.4212296881905184-0.26845569958854065j),(0.5527985144008182-0.06586845129327541j),(-0.0767775639566603+1.7310674227372742j)
"(0.4787878787878788, -6.428571428571429)","(0.4787878787878788, -6.428571428571429)",(-1.544222151301232+0.950665894367615j),(-0.4022682081163062-0.2891490770959524j),(0.551126462143919-0.000729008138770124j),(-1.6930804053288449+1.2405439796023374j)
"(0.5212121212121212, -6.428571428571429)","(0.5212121212121212, -6.428571428571429)",(-1.9349407300000465-0.8150603023325543j),(-0.38041172384549277-0.3101782959912969j),(0.5402275953805771+0.06870708997290005j),(-2.094756601535131-0.5735890963141574j)
"(0.5636363636363637, -6.428571428571429)","(0.5636363636363637, -6.428571428571429)",(-0.4625388798490645-2.026829164850227j),(-0.35550097205363596-0.3310753712351172j),(0.5182367235835095+0.1405997381602499j),(-0.625274631378938-1.8363535317753596j)
"(0.6060606060606062, -6.428571428571429)","(0.6060606060606062, -6.428571428571429)",(1.3115674129986332-1.2027122213515427j),(-0.3274251899695496-0.35131803951114743j),(0.4835805929472665+0.2124926485877572j),(1.1554120100209162-1.0638868304281524j)
"(0.6484848484848484, -6.428571428571429)","(0.6484848484848484, -6.428571428571429)",(1.2809249265142222+0.7729187232144674j),(-0.2961377463095698-0.3703341130679562j),(0.4351886310277831+0.28132118110584664j),(1.141874041796009+0.861931655176577j)
"(0.6909090909090909, -6.428571428571429)","(0.6909090909090909, -6.428571428571429)",(-0.5712346382661297+1.5155978771177687j),(-0.26167228719718816-0.3875091804361273j),(0.37272668819735233+0.34348851190798707j),(-0.6822890392662939+1.5596185456459088j)
"(0.7333333333333334, -6.428571428571429)","(0.7333333333333334, -6.428571428571429)",(-1.9846028483395635+0.0633848933640572j),(-0.2241587261574659-0.40219817245904277j),(0.2968336284627195+0.39502720531581587j),(-2.057277750644817+0.0705558605072841j)
"(0.7757575757575759, -6.428571428571429)","(0.7757575757575759, -6.428571428571429)",(-1.182779091303066-1.8195962197323157j),(-0.18383820845398974-0.4137412110102243j),(0.20933137719647169+0.43185823384547245j),(-1.208272260045548-1.8377132425675637j)
"(0.8181818181818183, -6.428571428571429)","(0.8181818181818183, -6.428571428571429)",(0.8397484992163233-1.80864885810771j),(-0.14107597978130765-0.42148399398806113j),(0.11337038822778629+0.4501500789116373j),(0.8674540907698447-1.837314943031286j)
"(0.8606060606060608, -6.428571428571429)","(0.8606060606060608, -6.428571428571429)",(1.5496980203927415+0.005826853316423741j),(-0.0963709043891854-0.4248027346968761j),(0.01346637834337549+0.446766302040601j),(1.6326025464385514-0.016136714027301158j)
"(0.9030303030303031, -6.428571428571429)","(0.9030303030303031, -6.428571428571429)",(0.14342145923779126+1.2271750165461195j),(-0.05036022979053976-0.4231333609238557j),(-0.08461697322228626+0.4197712500188108j),(0.27839866225061727+1.2305371274511643j)
"(0.9454545454545455, -6.428571428571429)","(0.9454545454545455, -6.428571428571429)",(-1.415384016914671+0.287374518743646j),(-0.003818110710268595-0.4160042886383023j),(-0.17417819365614504+0.36894183644788686j),(-1.2373877125482573+0.33443697093406144j)
"(0.987878787878788, -6.428571428571429)","(0.987878787878788, -6.428571428571429)",(-1.0055402987145465-1.500362771548411j),(0.04235358589869895-0.40307162459509305j),(-0.24810342240651911+0.2962115455550003j),(-0.7997904622067264-1.393502692508318j)
"(1.0303030303030305, -6.428571428571429)","(1.0303030303030305, -6.428571428571429)",(0.8379742728362254-1.719308730147705j),(0.08714353777023777-0.38415513841821863j),(-0.29960158867597236+0.20595536531394443j),(1.05043232374196-1.5411089570434309j)
"(1.0727272727272728, -6.428571428571429)","(1.0727272727272728, -6.428571428571429)",(1.67705006951023-0.09174566790463468j),(0.12945933626309217-0.3592728071851058j),(-0.3231051989740345+0.1050169630691219j),(1.8706959322211723+0.16251017621134922j)
"(1.1151515151515152, -6.428571428571429)","(1.1151515151515152, -6.428571428571429)",(0.4780627918761261+1.1828228576578481j),(0.16816653949237148-0.3286712169046657j),(-0.31524627913038905+0.0023882668818867438j),(0.6251425315141437+1.509105807680627j)
"(1.1575757575757577, -6.428571428571429)","(1.1575757575757577, -6.428571428571429)",(-1.0133076101441287+0.4482777602875991j),(0.2021383009535832-0.29284866251187974j),(-0.2757697709998015-0.09151787418092829j),(-0.9396761400979103+0.8326442969804071j)
"(1.2000000000000002, -6.428571428571429)","(1.2000000000000002, -6.428571428571429)",(-0.7008025472978459-1.1550234806377926j),(0.23031457836836414-0.25256749120031674j),(-0.20820856401397406-0.1660062684327209j),(-0.7229085616522359-0.7364497210047548j)
"(1.2424242424242427, -6.428571428571429)","(1.2424242424242427, -6.428571428571429)",(0.9677904576058829-1.2943473955032108j),(0.2517688540613909-0.20885216335748702j),(-0.12012796138317718-0.21157579662172352j),(0.8361495649276691-0.8739194355240002j)
"(1.284848484848485, -6.428571428571429)","(1.284848484848485, -6.428571428571429)",(1.6335812981580673+0.3065136001433386j),(0.2657790846469364-0.1629697458463176j),(-0.022765821518008617-0.22156808737953354j),(1.3905680350291396+0.6910514333691897j)
"(1.3272727272727274, -6.428571428571429)","(1.3272727272727274, -6.428571428571429)",(0.318811872032068+1.4744250736849673j),(0.2718983241398053-0.11639018462688158j),(0.07004187474628028-0.1937319211636417j),(-0.023128326854017556+1.7845471794754906j)
"(1.3696969696969699, -6.428571428571429)","(1.3696969696969699, -6.428571428571429)",(-1.1921213963584183+0.612901540961997j),(0.27001924714563347-0.07072479275396391j),(0.14364846303596573-0.13137946550224935j),(-1.6057891065400174+0.8150057992182103j)
"(1.4121212121212123, -6.428571428571429)","(1.4121212121212123, -6.428571428571429)",(-0.8285244765547376-1.0539715386069124j),(0.26042578978273717-0.02764297054956258j),(0.1849433405389181-0.04379267526355645j),(-1.2738936068763929-0.9825358927937934j)
"(1.4545454545454546, -6.428571428571429)","(1.4545454545454546, -6.428571428571429)",(0.8625260130431863-1.172622834179659j),(0.2438245080395277+0.01123076414222124j),(0.18493404732834806+0.054406021714941875j),(0.43376745767531055-1.238259620036822j)
"(1.496969696969697, -6.428571428571429)","(1.496969696969697, -6.428571428571429)",(1.4575825340717279+0.43875928627138605j),(0.22134822725730155+0.04443489041861859j),(0.14108773505800973+0.1450612097254715j),(1.0951465717564166+0.24926318612729598j)
"(1.5393939393939395, -6.428571428571429)","(1.5393939393939395, -6.428571428571429)",(0.05487961118229778+1.5010636639559483j),(0.19452532190802493+0.07079687612783232j),(0.058868764136682517+0.20938586136052742j),(-0.1985144748624097+1.2208809264675886j)
"(1.581818181818182, -6.428571428571429)","(1.581818181818182, -6.428571428571429)",(-1.4159507834388505+0.45667033610257557j),(0.16520969267521698+0.08955704024784063j),(-0.048066596691253044+0.23159175995059972j),(-1.5330938794228144+0.13552153590413524j)
"(1.6242424242424245, -6.428571428571429)","(1.6242424242424245, -6.428571428571429)",(-0.8615880239759969-1.301414699066867j),(0.1354693058725061+0.10047784677046824j),(-0.15938820632451442+0.20260620766629142j),(-0.8376691235239886-1.6044987535036266j)
"(1.6666666666666667, -6.428571428571429)","(1.6666666666666667, -6.428571428571429)",(1.0132424651832368-1.3219844556398286j),(0.10743503442317451+0.10392446470471292j),(-0.25137445571334416+0.12303439786085622j),(1.1571818864734065-1.5489433182053978j)
"(1.7090909090909092, -6.428571428571429)","(1.7090909090909092, -6.428571428571429)",(1.6255334908064472+0.4706709703782773j),(0.08311635486212218+0.10090185350237466j),(-0.30158199329560137+0.004491740743493878j),(1.8439991292399263+0.3652773761324088j)
"(1.7515151515151517, -6.428571428571429)","(1.7515151515151517, -6.428571428571429)",(0.10528513832468245+1.6121078414452836j),(0.06419590157503374+0.09303465370928374j),(-0.2940724786914883-0.13137797547794688j),(0.335161715441137+1.6504511632139467j)
"(1.7939393939393942, -6.428571428571429)","(1.7939393939393942, -6.428571428571429)",(-1.4452295935883497+0.5070681881050874j),(0.051820453965180986+0.08247915867004114j),(-0.22401228946054555-0.2564472358157267j),(-1.273037758092985+0.6810362652507729j)
"(1.8363636363636366, -6.428571428571429)","(1.8363636363636366, -6.428571428571429)",(-0.8482775916641877-1.313179444982532j),(0.046410939158848676+0.07176184922448535j),(-0.10034279315890433-0.34183444158554843j),(-0.7943457376641321-1.043106852621469j)
"(1.8787878787878791, -6.428571428571429)","(1.8787878787878791, -6.428571428571429)",(1.0895815064489005-1.2878300089637202j),(0.04751761945591883+0.06354639060120619j),(0.05455686503098202-0.36475453447552786j),(0.9875070219619996-0.9866218650893985j)
"(1.9212121212121216, -6.428571428571429)","(1.9212121212121216, -6.428571428571429)",(1.6597036079962422+0.5872133469765717j),(0.05374786214942688+0.060340301605102974j),(0.20869375954128314-0.3148742249149741j),(1.3972619863055322+0.8417472702864428j)
"(1.9636363636363636, -6.428571428571429)","(1.9636363636363636, -6.428571428571429)",(0.03423978150060797+1.704592465141286j),(0.06279185062216659+0.06416300853396213j),(0.32735909205993896-0.1983481057323585j),(-0.35591116118149757+1.8387775623396825j)
"(2.006060606060606, -6.428571428571429)","(2.006060606060606, -6.428571428571429)",(-1.5240599331330773+0.4708987312852507j),(0.07156556231241441+0.07620757530084214j),(0.3817054345079369-0.038010831896587584j),(-1.9773309299534285+0.4327019878809962j)
"(2.0484848484848484, -6.428571428571429)","(2.0484848484848484, -6.428571428571429)",(-0.7820034815075567-1.4177897556294958j),(0.07647994527468122+0.09653755996151737j),(0.356832772166198+0.13095672551686577j),(-1.215316198948436-1.645284041107879j)
"(2.090909090909091, -6.428571428571429)","(2.090909090909091, -6.428571428571429)",(1.3157826636380918-1.2805154665615635j),(0.07383065250996608+0.12386641316033523j),(0.2569523254043612+0.269322189313061j),(0.9849996857237646-1.6737040690349598j)
"(2.1333333333333333, -6.428571428571429)","(2.1333333333333333, -6.428571428571429)",(1.8947615455750098+0.8120361144640533j),(0.06028483354633438+0.15546774963673837j),(0.10566758919620726+0.3441607106074164j),(1.728809122832468+0.31240765421989863j)
"(2.175757575757576, -6.428571428571429)","(2.175757575757576, -6.428571428571429)",(0.12313152440139288+2.086319801175012j),(0.03342203544762174+0.18725902868184213j),(-0.05937386585124505+0.33840351810648533j),(0.1490833548050162+1.5606572543866848j)
"(2.2181818181818183, -6.428571428571429)","(2.2181818181818183, -6.428571428571429)",(-1.6149162696663186+0.8911758290124281j),(-0.007732269544505277+0.21408755273707555j),(-0.19650077620895687+0.2564992913030536j),(-1.4106832239128564+0.42058898497229885j)
"(2.2606060606060607, -6.428571428571429)","(2.2606060606060607, -6.428571428571429)",(-1.0259098025553497-1.007859491578043j),(-0.062256487519722695+0.23022602946028434j),(-0.27206014292779135+0.12392928190102484j),(-0.6915931721078356-1.3620148029393522j)
"(2.303030303030303, -6.428571428571429)","(2.303030303030303, -6.428571428571429)",(0.8880229722725685-0.8987938653235459j),(-0.1270489388912745+0.23005629409710762j),(-0.2707637675823268-0.019926936751734566j),(1.2858356787461698-1.108923222668919j)
"(2.3454545454545452, -6.428571428571429)","(2.3454545454545452, -6.428571428571429)",(1.226544509192447+1.0542363272458442j),(-0.19678914270807107+0.2088867023403282j),(-0.2007052145491937-0.13384319195745525j),(1.6240388664497118+0.9791928168629711j)
"(2.3878787878787877, -6.428571428571429)","(2.3878787878787877, -6.428571428571429)",(-0.7145137156672683+1.9951636472581766j),(-0.2642061668344922+0.1638152619159294j),(-0.09083778246557939-0.18801954084614222j),(-0.3594697663671967+2.0193679261883895j)
"(2.43030303030303, -6.428571428571429)","(2.43030303030303, -6.428571428571429)",(-2.3770726278840595+0.36874566644097784j),(-0.3206843903820158+0.09452216337808943j),(0.018826245448128283-0.17399156164609172j),(-2.075214482950172+0.44821506470898015j)
"(2.4727272727272727, -6.428571428571429)","(2.4727272727272727, -6.428571428571429)",(-1.4558910324159053-1.8359419198009568j),(-0.35719250934521907+0.0038581373560869874j),(0.09130042414550416-0.10732009831112861j),(-1.1899989472161905-1.7324799588459152j)
"(2.515151515151515, -6.428571428571429)","(2.515151515151515, -6.428571428571429)",(0.8678965580888282-1.7758107339286713j),(-0.365467945364391-0.10190498987664852j),(0.10604540664438289-0.021537880051206233j),(1.1273190968088362-1.6523678640008166j)
"(2.5575757575757576, -6.428571428571429)","(2.5575757575757576, -6.428571428571429)",(1.5138953446960324+0.3174991895051784j),(-0.3393326535051496-0.21327334042729054j),(0.06653055100017899+0.04491877457746508j),(1.786697447201003+0.4858537553550039j)
"(2.6, -6.428571428571429)","(2.6, -6.428571428571429)",(-0.24920623531082653+1.4507745406163888j),(-0.27596671197182776-0.3182455862286012j),(-0.0014315995017189016+0.06409580083829694j),(0.028192076162720126+1.704924326006693j)
"(2.6424242424242426, -6.428571428571429)","(2.6424242424242426, -6.428571428571429)",(-1.804127435750429+0.02510358833934595j),(-0.1769334470570549-0.4035408706587439j),(-0.06049587570392108+0.03013665537945589j),(-1.566698112989453+0.39850780361863397j)
"(2.684848484848485, -6.428571428571429)","(2.684848484848485, -6.428571428571429)",(-0.8498909651240852-1.947184510731538j),(-0.04874442877391611-0.4562535192713483j),(-0.07783253299317851-0.03794583236774858j),(-0.7233140033569906-1.4529851590924412j)
"(2.727272727272727, -6.428571428571429)","(2.727272727272727, -6.428571428571429)",(1.3747553281866116-1.6740877048232923j),(0.09721756595420643-0.46575862205468643j),(-0.039922567818878776-0.10409878937595719j),(1.317460330051284-1.1042302933926487j)
"(2.7696969696969695, -6.428571428571429)","(2.7696969696969695, -6.428571428571429)",(1.8317275494332899+0.48367410905726005j),(0.24553111518789836-0.4256130644924262j),(0.04041535004912572-0.13096533126028548j),(1.5457810841962658+1.0402525048099718j)
"(2.812121212121212, -6.428571428571429)","(2.812121212121212, -6.428571428571429)",(-0.027990771169258633+1.503183703717259j),(0.378333692165433-0.33514405382759094j),(0.12840815978596523-0.09710498430019886j),(-0.5347326231206568+1.935432741845049j)
"(2.8545454545454545, -6.428571428571429)","(2.8545454545454545, -6.428571428571429)",(-1.4510597493938104-0.036601306993442134j),(0.47756471043915305-0.2004079837395329j),(0.1819474500771085-0.008069114463264332j),(-2.110571909910072+0.1718757912093551j)
"(2.896969696969697, -6.428571428571429)","(2.896969696969697, -6.428571428571429)",(-0.23823221343484902-1.8902406720571068j),(0.5275992057945261-0.03424866139950468j),(0.17051700772035394+0.10412606433018134j),(-0.9363484269497291-1.9601180749877833j)
"(2.9393939393939394, -6.428571428571429)","(2.9393939393939394, -6.428571428571429)",(2.1000331327228685-1.2324827842679482j),(0.517899806223861+0.14471043582968227j),(0.09005399715484702+0.193676811574061j),(1.4920793293441605-1.5708700316716915j)
"(2.981818181818182, -6.428571428571429)","(2.981818181818182, -6.428571428571429)",(2.3489677139319842+1.363017870176314j),(0.4452419080894059+0.31414700753569585j),(-0.033364339632202124+0.2207654828783854j),(1.9370901454747804+0.8281053797622328j)
"(3.0242424242424244, -6.428571428571429)","(3.0242424242424244, -6.428571428571429)",(0.02574545373361184+2.6249676283862016j),(0.31506321775219853+0.4510095902764105j),(-0.1533751350583167+0.16970782210014965j),(-0.13594262896026998+2.004250216009641j)
"(3.066666666666667, -6.428571428571429)","(3.066666666666667, -6.428571428571429)",(-1.9234042656982944+1.0453052778649834j),(0.1415697606810268+0.5349979087788087j),(-0.22285937340841477+0.056977307016058555j),(-1.8421146529709065+0.45333006207011606j)
"(3.109090909090909, -6.428571428571429)","(3.109090909090909, -6.428571428571429)",(-1.161992712900953-1.085050509082382j),(-0.053602261250645496+0.5520180716628063j),(-0.2144878996893883-0.07505090087333025j),(-0.8939025519609194-1.5620176798718581j)
"(3.1515151515151514, -6.428571428571429)","(3.1515151515151514, -6.428571428571429)",(0.8707788396253031-0.8965339618567231j),(-0.24413210470297877+0.49699476504123163j),(-0.1327559723962243-0.17617612396293747j),(1.2476669167245062-1.2173526029350172j)
"(3.193939393939394, -6.428571428571429)","(3.193939393939394, -6.428571428571429)",(1.0673461783749199+1.0824998819396425j),(-0.4028587157417982+0.37544845529436566j),(-0.011730242436891584-0.21006337167983805j),(1.4819351365536098+0.9171147983251149j)
"(3.2363636363636363, -6.428571428571429)","(3.2363636363636363, -6.428571428571429)",(-0.9389214549975227+1.7493328952260583j),(-0.5061577455465424+0.20339490055061452j),(0.10051670418220912-0.16941685812494306j),(-0.5332804136331895+1.7153548528003868j)
"(3.278787878787879, -6.428571428571429)","(3.278787878787879, -6.428571428571429)",(-2.260701400888894-0.12225860529841526j),(-0.5381014796398363+0.005388548325130516j),(0.16334392607738363-0.07755557142728657j),(-1.8859438473264414-0.0500915821962592j)
"(3.3212121212121213, -6.428571428571429)","(3.3212121212121213, -6.428571428571429)",(-0.8703196987002663-2.0814508929740487j),(-0.4935936524278758-0.18912531800708882j),(0.16055636628921946+0.024032116567015357j),(-0.5372824125616099-1.9163576915339755j)
"(3.3636363636363638, -6.428571428571429)","(3.3636363636363638, -6.428571428571429)",(1.4535006726183395-1.4230812138446614j),(-0.37977390392961746-0.35062371723371905j),(0.10503094992380269+0.09565860841333945j),(1.7282436266241543-1.1681161050242816j)
"(3.4060606060606062, -6.428571428571429)","(3.4060606060606062, -6.428571428571429)",(1.544202692376397+0.9527213684623356j),(-0.21525506796699398-0.45465675562254476j),(0.02937872474457267+0.11686121026055904j),(1.7300790355988183+1.2905169138243213j)
"(3.4484848484848487, -6.428571428571429)","(3.4484848484848487, -6.428571428571429)",(-0.7038022992658247+1.708469392593007j),(-0.02715731804439734-0.4863441668889984j),(-0.03182442699867727+0.09288590093269714j),(-0.6448205542227501+2.1019276585493083j)
"(3.4909090909090907, -6.428571428571429)","(3.4909090909090907, -6.428571428571429)",(-2.1064644769618512-0.29177245460222817j),(0.15363446527737892-0.44325851926646015j),(-0.058663830624604105+0.04785498208843366j),(-2.201435111614626+0.10363108257579834j)
"(3.533333333333333, -6.428571428571429)","(3.533333333333333, -6.428571428571429)",(-0.577743658855264-2.341622770094633j),(0.29813839168622924-0.3359885282034284j),(-0.0529524969579237+0.009312503739864322j),(-0.8229295535835696-2.014946745631069j)
"(3.5757575757575757, -6.428571428571429)","(3.5757575757575757, -6.428571428571429)",(1.9484265819731523-1.59248250652427j),(0.3847347808662052-0.1861207376543042j),(-0.032939390773895724-0.006899854382057151j),(1.596631191880843-1.3994619144879086j)
"(3.618181818181818, -6.428571428571429)","(3.618181818181818, -6.428571428571429)",(2.1535426708735885+1.016143052694039j),(0.4032337117720003-0.021934816937510388j),(-0.019725899137211178-0.0032875206361427703j),(1.7700348582387995+1.041365390267692j)
"(3.6606060606060606, -6.428571428571429)","(3.6606060606060606, -6.428571428571429)",(-0.11401582519257364+2.06041227059165j),(0.3565943909562318+0.12734496439447032j),(-0.023727940545860284+0.004044620632827231j),(-0.44688227560294513+1.9290226855643522j)
"(3.703030303030303, -6.428571428571429)","(3.703030303030303, -6.428571428571429)",(-1.6907862709263553+0.35198770636155235j),(0.25982250439230514+0.23750064519427408j),(-0.038932619064832315-0.0021186247642432663j),(-1.911676156253828+0.11660568593152154j)
"(3.7454545454545456, -6.428571428571429)","(3.7454545454545456, -6.428571428571429)",(-0.528975520500165-1.4990015295995995j),(0.13621939235160815+0.29410317669739083j),(-0.04781341817201042-0.02768411712623399j),(-0.6173814946797628-1.7654205891707564j)
"(3.787878787878788, -6.428571428571429)","(3.787878787878788, -6.428571428571429)",(1.5028240013255176-0.8200003793773913j),(0.011820479305255555+0.29496351100208085j),(-0.03354203452514277-0.06227516060094343j),(1.524545556545405-1.0526887297785288j)
"(3.83030303030303, -6.428571428571429)","(3.83030303030303, -6.428571428571429)",(1.3444922539879032+1.364718874775953j),(-0.09063556405976442+0.24961798737029983j),(0.007896097524958106-0.08453855975141018j),(1.4272317205227094+1.1996394471570635j)
"(3.872727272727273, -6.428571428571429)","(3.872727272727273, -6.428571428571429)",(-0.8783436436979504+1.833817306846445j),(-0.15667723890113489+0.17595725301208673j),(0.06282946039895908-0.074681504180127j),(-0.7844958651957745+1.7325415580144852j)
"(3.915151515151515, -6.428571428571429)","(3.915151515151515, -6.428571428571429)",(-2.015262777494196-0.20692205332332775j),(-0.18269666828452635+0.09488236487507755j),(0.10529756473585637-0.02719903572193459j),(-1.937863673945526-0.2746053824764707j)
"(3.957575757575758, -6.428571428571429)","(3.957575757575758, -6.428571428571429)",(-0.3787289364777098-1.9287128299150211j),(-0.17546240757344977+0.024459059184641575j),(0.11016091311335845+0.04336084463891378j),(-0.31342744201761846-1.9965327337385765j)
"(4.0, -6.428571428571429)","(4.0, -6.428571428571429)",(1.7827388172850613-0.8491817199544779j),(-0.14869665594078182-0.024751281259502936j),(0.06724035555895082+0.10717537141381338j),(1.8641951176668923-0.9316058101087883j)
"(-0.2, -6.142857142857143)","(-0.2, -6.142857142857143)",(-1.554458132871655-4.103792284194124j),(0.1924256958848204+0.4818444118461489j),(-0.5734867745699797-0.1418629479698472j),(-1.1733970541864958-4.443773748070425j)
"(-0.1575757575757576, -6.142857142857143)","(-0.1575757575757576, -6.142857142857143)",(-4.806779073432182-0.15231510290168299j),(0.20291330957097986+0.479567458699444j),(-0.5803706890143584-0.11762378612798707j),(-4.429321693988803-0.5142587754731399j)
"(-0.11515151515151516, -6.142857142857143)","(-0.11515151515151516, -6.142857142857143)",(-2.2881506739890622+3.5836042304411855j),(0.210759467818841+0.47780996993801933j),(-0.5848107304412755-0.0994892804631872j),(-1.9140994113666279+3.2052835409663536j)
"(0.1393939393939394, -6.142857142857143)","(0.1393939393939394, -6.142857142857143)",(-3.8709453439865915+2.2369636706482057j),(0.20238201419115182+0.48234016396820406j),(-0.5791593672771742-0.12571859227978097j),(-3.494167990900569+1.8803420989597828j)
"(0.18181818181818182, -6.142857142857143)","(0.18181818181818182, -6.142857142857143)",(-3.11331671862659-2.401911194304742j),(0.19164098264707174+0.4853578574186893j),(-0.5713221110882803-0.15221648710330885j),(-2.7336355901853815-2.7350525646201227j)
"(0.22424242424242424, -6.142857142857143)","(0.22424242424242424, -6.142857142857143)",(1.4041960853796502-3.3859098977349458j),(0.17818103228148394+0.4886777310328609j),(-0.5597823780522979-0.18437227806655707j),(1.7857974311504643-3.6902153507012496j)
"(0.26666666666666666, -6.142857142857143)","(0.26666666666666666, -6.142857142857143)",(3.739645946178706+0.3552331052641916j),(0.16199113183558494+0.4920681152306703j),(-0.5434766170109905-0.22157926407817194j),(4.121131431354112+0.08474425411169328j)
"(0.30909090909090914, -6.142857142857143)","(0.30909090909090914, -6.142857142857143)",(1.0798175411727824+3.6044082232508834j),(0.14307480930489713+0.4952528794368234j),(-0.5212322420036004-0.26296919362344195j),(1.4579749738714858+3.372124537437502j)
"(0.3515151515151515, -6.142857142857143)","(0.3515151515151515, -6.142857142857143)",(-2.6476460469969387+2.1471330185161674j),(0.1214580185569551+0.49791326573033984j),(-0.49183777613658314-0.30735385421498307j),(-2.2772662894173106+1.9565736070008106j)
"(0.393939393939394, -6.142857142857143)","(0.393939393939394, -6.142857142857143)",(-2.372120707901556-1.672902793860334j),(0.0971980186172595+0.4996909070530239j),(-0.45413724883062906-0.35317342650960787j),(-2.0151814776881865-1.81942027440375j)
"(0.43636363636363634, -6.142857142857143)","(0.43636363636363634, -6.142857142857143)",(1.236495265637477-2.4736087522737984j),(0.07039305132415366+0.5001923702165731j),(-0.4071508363236216-0.3984612792776742j),(1.5732530506369449-2.5753398432126975j)
"(0.4787878787878788, -6.142857142857143)","(0.4787878787878788, -6.142857142857143)",(2.9806490779165213+0.6840988751960551j),(0.04119251717671161+0.498995575808657j),(-0.35022099253971545-0.4408370292931072j),(3.289677553279525+0.6259403286805052j)
"(0.5212121212121212, -6.142857142857143)","(0.5212121212121212, -6.142857142857143)",(0.4923879174187621+3.211467878400356j),(0.009807247931058275+0.4956584372266945j),(-0.2831792240537878-0.47754126413434583j),(0.7657598935414917+3.1933507053080072j)
"(0.5636363636363637, -6.142857142857143)","(0.5636363636363637, -6.142857142857143)",(-2.590360151177059+1.576926795641007j),(-0.02348063955415241+0.4897300231026143j),(-0.20652320278511693-0.5055256979876186j),(-2.3603563088377895+1.5927224705260112j)
"(0.6060606060606062, -6.142857142857143)","(0.6060606060606062, -6.142857142857143)",(-1.8992193255860945-1.7860714233567558j),(-0.058308945720131296+0.4807644745739424j),(-0.12158731940291927-0.5216109383724721j),(-1.719323060463044-1.745224959558226j)
"(0.6484848484848484, -6.142857142857143)","(0.6484848484848484, -6.142857142857143)",(1.4983108578163762-2.040679083139796j),(-0.09422840689581798+0.4683377946117791j),(-0.03068265723294023-0.5227196730239988j),(1.6232219219451345-1.9862972047275762j)
"(0.6909090909090909, -6.142857142857143)","(0.6909090909090909, -6.142857142857143)",(2.689818240556355+1.1776191948456702j),(-0.13069840235820937+0.4520674652545307j),(0.06282423608533462-0.506185231026427j),(2.75769240682923+1.2317369606175665j)
"(0.7333333333333334, -6.142857142857143)","(0.7333333333333334, -6.142857142857143)",(-0.08586891636054342+3.2813359440798946j),(-0.1670863106488112+0.43163463634979665j),(0.15452893437340462-0.4701237486298425j),(-0.07331154008513685+3.3198250563599405j)
"(0.7757575757575759, -6.142857142857143)","(0.7757575757575759, -6.142857142857143)",(-2.9502603501544264+1.2564705943597132j),(-0.20267152361403157+0.40680836566971146j),(0.23913870572111803-0.41384281219291086j),(-2.9867275322615128+1.2635050408829125j)
"(0.8181818181818183, -6.142857142857143)","(0.8181818181818183, -6.142857142857143)",(-1.8875775733067017-2.0618797541970553j),(-0.23665511379592255+0.37747107901741833j),(0.3107838992684731-0.338241623395561j),(-1.9617063587792523-2.1011092098189126j)
"(0.8606060606060608, -6.142857142857143)","(0.8606060606060608, -6.142857142857143)",(1.561114568523803-1.9971681417199167j),(-0.26817605587624965+0.34364407030463007j),(0.3635068413247553-0.24613980165971208j),(1.4657837830752973-2.0946724103648346j)
"(0.9030303030303031, -6.142857142857143)","(0.9030303030303031, -6.142857142857143)",(2.4598448684338297+1.3468047052132255j),(-0.29633470403865575+0.30551149332575356j),(0.39192019326952376-0.14245759459507332j),(2.3642593792029616+1.1837508064825453j)
"(0.9454545454545455, -6.142857142857143)","(0.9454545454545455, -6.142857142857143)",(-0.5490067965677634+3.2044930222845265j),(-0.32022390452610033+0.2634409357881882j),(0.39199362155112427-0.03416436098908057j),(-0.6207765135927874+2.975216447485419j)
"(0.987878787878788, -6.142857142857143)","(0.987878787878788, -6.142857142857143)",(-3.2974938117207535+0.8582445421978778j),(-0.3389676615370307+0.21799834848186164j),(0.3618877645477418+0.07007983721480711j),(-3.3204139147314646+0.5701663565012091j)
"(1.0303030303030305, -6.142857142857143)","(1.0303030303030305, -6.142857142857143)",(-1.9371107352683936-2.509098387513094j),(-0.35176666895604847+0.1699548742904736j),(0.30271343275052737+0.16063789807243753j),(-1.8880574990628725-2.839691159876005j)
"(1.0727272727272728, -6.142857142857143)","(1.0727272727272728, -6.142857142857143)",(1.6378009711294461-2.2628630875274083j),(-0.35794927744612076+0.1202830373465832j),(0.21906048942515058+0.22796445246440966j),(1.7766897591504163-2.611110577338401j)
"(1.1151515151515152, -6.142857142857143)","(1.1151515151515152, -6.142857142857143)",(2.4316568544872865+1.1712813695042676j),(-0.3570256110672821+0.07013987161554648j),(0.11912620393962335+0.26396045993739514j),(2.6695562616149453+0.8371810379513259j)
"(1.1575757575757577, -6.142857142857143)","(1.1575757575757577, -6.142857142857143)",(-0.6377956059495442+2.893364755439632j),(-0.3487416268260464+0.020834950542978483j),(0.014289136305029348+0.26346142757925284j),(-0.3033431154285272+2.6090683773174006j)
"(1.2000000000000002, -6.142857142857143)","(1.2000000000000002, -6.142857142857143)",(-3.208652371188705+0.40993866511072286j),(-0.3331289967233537-0.026218021647606473j),(-0.08196822753622142+0.22562413595072922j),(-2.7935551469291298+0.21053255080760014j)
"(1.2424242424242427, -6.142857142857143)","(1.2424242424242427, -6.142857142857143)",(-1.5950072853048987-2.850517087036991j),(-0.31054588402217753-0.0695663437062675j),(-0.15578285443080234+0.15491419239099125j),(-1.128678546851919-2.935864935721715j)
"(1.284848484848485, -6.142857142857143)","(1.284848484848485, -6.142857142857143)",(2.027514580637086-2.336882068279136j),(-0.2817031077496736-0.10779904646886518j),(-0.19513467675556076+0.06137895346875085j),(2.5043523651423203-2.2904619752790216j)
"(1.3272727272727274, -6.142857142857143)","(1.3272727272727274, -6.142857142857143)",(2.658443810683932+1.2381647630344572j),(-0.24766998539525087-0.13964033716535051j),(-0.19226472858399196-0.0400592238108478j),(3.098378524663175+1.4178643240106554j)
"(1.3696969696969699, -6.142857142857143)","(1.3696969696969699, -6.142857142857143)",(-0.5222350276248502+2.891227920726437j),(-0.20985446535895816-0.1640508752577827j),(-0.14583753422062612-0.13142086975626463j),(-0.16654302804526583+3.1866996657404845j)
"(1.4121212121212123, -6.142857142857143)","(1.4121212121212123, -6.142857142857143)",(-3.011332046496708+0.3516528695390903j),(-0.16995315175438616-0.18032988198476396j),(-0.062311702890795705-0.1945151867643859j),(-2.779067191851526+0.7264979382882402j)
"(1.4545454545454546, -6.142857142857143)","(1.4545454545454546, -6.142857142857143)",(-1.3059927819001091-2.765557956008129j),(-0.12986859779540044-0.1882090698752461j),(0.043997364857091936-0.21446092006491946j),(-1.2201215489618007-2.3628879660679636j)
"(1.496969696969697, -6.142857142857143)","(1.496969696969697, -6.142857142857143)",(2.185212103583575-2.0484604651498266j),(-0.0915938551088888-0.18792773400411378j),(0.15251823013690682-0.18325848123280963j),(2.124287728555557-1.677274249912903j)
"(1.5393939393939395, -6.142857142857143)","(1.5393939393939395, -6.142857142857143)",(2.536635762744009+1.5112111940455428j),(-0.057067681263853275-0.18027739856769293j),(0.2397348182062034-0.10259273917996808j),(2.3539686258016586+1.7940813317932038j)
"(1.581818181818182, -6.142857142857143)","(1.581818181818182, -6.142857142857143)",(-0.7671895985634996+2.9132248554778073j),(-0.0280078745860078-0.16660451146836872j),(0.2838341538929522+0.014993175941988329j),(-1.023015877870444+3.0648361910041877j)
"(1.6242424242424245, -6.142857142857143)","(1.6242424242424245, -6.142857142857143)",(-3.102839025139276+0.17574935232700475j),(-0.005734629536245945-0.14876116320588606j),(0.2698647144799269+0.14722696031462104j),(-3.3669691100829566+0.17728355521826977j)
"(1.6666666666666667, -6.142857142857143)","(1.6666666666666667, -6.142857142857143)",(-1.1982179247208804-2.8784875631782385j),(0.008999861293189537-0.1289969436376111j),(0.19422258383017618+0.2657805883770829j),(-1.4014403698442461-3.0152712079177104j)
"(1.7090909090909092, -6.142857142857143)","(1.7090909090909092, -6.142857142857143)",(2.2771489601377524-1.9869230782700855j),(0.01615568740768565-0.10978997667369866j),(0.0671595958493455+0.3420995180851142j),(2.1938336768807214-2.219232619681501j)
"(1.7515151515151517, -6.142857142857143)","(1.7515151515151517, -6.142857142857143)",(2.464796847108664+1.577166634190978j),(0.016501264636855677-0.09362181978777784j),(-0.08776754788934507+0.3543022602769665j),(2.5360631303611534+1.3164861937017893j)
"(1.7939393939393942, -6.142857142857143)","(1.7939393939393942, -6.142857142857143)",(-0.8671825320207311+2.8075706032650434j),(0.011638935825740939-0.08270894242320738j),(-0.23777756293242575+0.2935000742034623j),(-0.6410439049140464+2.5967794714847883j)
"(1.8363636363636366, -6.142857142857143)","(1.8363636363636366, -6.142857142857143)",(-3.0199758919141737+0.00048038849011335094j),(0.0039406994795139726-0.07871224506921536j),(-0.3480272812059794+0.16767485587753422j),(-2.675889310187708-0.08848222231820552j)
"(1.8787878787878791, -6.142857142857143)","(1.8787878787878791, -6.142857142857143)",(-0.9841789584700102-2.869621912291552j),(-0.0036191826232413165-0.08245455358028701j),(-0.3903958210007973+0.001567300053719644j),(-0.5901639548459717-2.7887346587649846j)
"(1.9212121212121216, -6.142857142857143)","(1.9212121212121216, -6.142857142857143)",(2.3329823488701282-1.7628571535734077j),(-0.007738164025632604-0.09368292462273754j),(-0.3516291149847665-0.16808893890521961j),(2.6923496278805272-1.5010852900454505j)
"(1.9636363636363636, -6.142857142857143)","(1.9636363636363636, -6.142857142857143)",(2.214500890196825+1.7292785897241079j),(-0.00515633271563102-0.11091642874104048j),(-0.23832695524497133-0.3013427423602677j),(2.457984178157427+2.141537760825416j)
"(2.006060606060606, -6.142857142857143)","(2.006060606060606, -6.142857142857143)",(-1.2090708204153384+2.618765756581343j),(0.006900925664111305-0.13141930675970342j),(-0.07677261422358954-0.3657735506493636j),(-1.13919913185586+3.11595861399041j)
"(2.0484848484848484, -6.142857142857143)","(2.0484848484848484, -6.142857142857143)",(-3.1192469164041503-0.45616665411962715j),(0.030250138455032365-0.151332702829445j),(0.09308941331811173-0.34616695106288536j),(-3.2425864681772945+0.041332999772703216j)
"(2.090909090909091, -6.142857142857143)","(2.090909090909091, -6.142857142857143)",(-0.7644495842144272-3.295809684911137j),(0.06530351006523698-0.16598474981180592j),(0.22840646537627565-0.24990467503547495j),(-1.0581595596559399-2.879920260063856j)
"(2.1333333333333333, -6.142857142857143)","(2.1333333333333333, -6.142857142857143)",(2.6825086393142286-2.0104507421990374j),(0.11071687516997421-0.17037862981317137j),(0.2959998900145927-0.10578382164326457j),(2.2757918741296614-1.7342882907426014j)
"(2.175757575757576, -6.142857142857143)","(2.175757575757576, -6.142857142857143)",(2.5765445537153973+1.5541536823368907j),(0.1632033597273312-0.15983247359937336j),(0.28279986280606095+0.04409724293140444j),(2.130541331182005+1.6698889130048595j)
"(2.2181818181818183, -6.142857142857143)","(2.2181818181818183, -6.142857142857143)",(-0.7074467247989873+2.449746357221694j),(0.21757833097788684-0.1307160132268976j),(0.20034567128758426+0.15734912105995355j),(-1.1253707270644584+2.4231132493886385j)
"(2.2606060606060607, -6.142857142857143)","(2.2606060606060607, -6.142857142857143)",(-2.3634824885183208-0.40874255181242236j),(0.26708349348869503-0.08120049092432385j),(0.08120234437978235+0.2051144767946596j),(-2.711768326386798-0.5326565376827581j)
"(2.303030303030303, -6.142857142857143)","(2.303030303030303, -6.142857142857143)",(0.029931235904835207-2.751065942016845j),(0.3040079098636577-0.011915270235575239j),(-0.03213179579828314+0.1818037119764805j),(-0.2419448781605394-2.9209543837577505j)
"(2.3454545454545452, -6.142857142857143)","(2.3454545454545452, -6.142857142857143)",(3.0791568375657796-1.0184713397067646j),(0.3205826932032561+0.07360771456641836j),(-0.10233449134742402+0.10681234333445683j),(2.8609086357099476-1.1988913976076399j)
"(2.3878787878787877, -6.142857142857143)","(2.3878787878787877, -6.142857142857143)",(2.362885479600369+2.569960128541861j),(0.31007789683646503+0.16881693029406594j),(-0.11094202339252923+0.01696631313014471j),(2.163749606156433+2.3841768851176504j)
"(2.43030303030303, -6.142857142857143)","(2.43030303030303, -6.142857142857143)",(-1.306852171901172+3.0990573231956975j),(0.26798090994955553+0.26444347284853653j),(-0.06515383085218159-0.0479997977580501j),(-1.509679250998546+2.882613648105211j)
"(2.4727272727272727, -6.142857142857143)","(2.4727272727272727, -6.142857142857143)",(-2.974337894855824-0.13875084748565264j),(0.19309369649578573+0.3492696422017921j),(0.005435228392452861-0.061555213749404765j),(-3.1728668197440624-0.42646527593803996j)
"(2.515151515151515, -6.142857142857143)","(2.515151515151515, -6.142857142857143)",(-0.46387916417645214-2.6288132415334675j),(0.08836085241386578+0.4113468499053374j),(0.061474124441069415-0.021520239468548592j),(-0.6137141410313873-3.0186398519702564j)
"(2.5575757575757576, -6.142857142857143)","(2.5575757575757576, -6.142857142857143)",(2.5857885504897093-0.9417399912952966j),(-0.038759271756228335+0.4395685015394318j),(0.07110383926743834+0.04879446396427621j),(2.553443982978499-1.4301029567990047j)
"(2.6, -6.142857142857143)","(2.6, -6.142857142857143)",(1.830341290677645+2.492856461946518j),(-0.17653541468783693+0.4254232922086961j),(0.024620139580150444+0.11059037433399013j),(1.9822565657853315+1.9568427954038317j)
"(2.6424242424242426, -6.142857142857143)","(2.6424242424242426, -6.142857142857143)",(-1.715028752868307+2.8322193341936304j),(-0.30990349899116076+0.36468515638478793j),(-0.06011727685838067+0.12701048855326333j),(-1.3450079770187657+2.340523689255579j)
"(2.684848484848485, -6.142857142857143)","(2.684848484848485, -6.142857142857143)",(-3.1598886259964427-0.3873225892013137j),(-0.42209393838519+0.2587535476062551j),(-0.14457597143406684+0.08061445405852977j),(-2.593218716177186-0.7266905908660986j)
"(2.727272727272727, -6.142857142857143)","(2.727272727272727, -6.142857142857143)",(-0.640618071637677-2.6633208282958947j),(-0.49681377948978556+0.11535650836628496j),(-0.1863936916493917-0.01709993142874504j),(0.0425893995015002-2.7615774052334348j)
"(2.7696969696969695, -6.142857142857143)","(2.7696969696969695, -6.142857142857143)",(2.0980749000733594-0.9310703345168418j),(-0.5207275057130448-0.05162035239970728j),(-0.1590177918959717-0.12905192003791052j),(2.777820197682376-0.750398062079224j)
"(2.812121212121212, -6.142857142857143)","(2.812121212121212, -6.142857142857143)",(1.0607309225888901+2.102023372561328j),(-0.48587598506155405-0.2233103981894364j),(-0.06514844442559745-0.2080431092420125j),(1.6117553520760415+2.533376879992777j)
"(2.8545454545454545, -6.142857142857143)","(2.8545454545454545, -6.142857142857143)",(-2.288066542486554+1.8138642791534871j),(-0.39161306123378964-0.37802659936371985j),(0.06267858532381688-0.21777286063620444j),(-1.9591320665765812+2.4096637391534115j)
"(2.896969696969697, -6.142857142857143)","(2.896969696969697, -6.142857142857143)",(-3.0441224442507218-1.7284935892230526j),(-0.24564582084884407-0.49420364173070075j),(0.17529784429186338-0.14979270217467072j),(-2.973774467693741-1.084497245317681j)
"(2.9393939393939394, -6.142857142857143)","(2.9393939393939394, -6.142857142857143)",(0.20553262655189763-3.754775711398798j),(-0.06385146680550968-0.5537390037437537j),(0.22825946992635937-0.028231735672343255j),(0.041124623431047946-3.172804971982701j)
"(2.981818181818182, -6.142857142857143)","(2.981818181818182, -6.142857142857143)",(3.3039451301407334-1.4316281189800486j),(0.13128871207359447-0.5452085658039243j),(0.2014865870542445+0.10032119770162427j),(2.9711698310128942-0.9867407508777486j)
"(3.0242424242424244, -6.142857142857143)","(3.0242424242424244, -6.142857142857143)",(2.2551012436679367+2.1572312748864304j),(0.3135664069013958-0.4663656165833595j),(0.10791603890414338+0.187271249321476j),(1.8336187978623975+2.436325642148314j)
"(3.066666666666667, -6.142857142857143)","(3.066666666666667, -6.142857142857143)",(-1.2552135616292215+2.2844771904376917j),(0.4569019019601206-0.32537035366381906j),(-0.01302448224068405+0.20316280129025988j),(-1.699090981348658+2.406684742811251j)
"(3.109090909090909, -6.142857142857143)","(3.109090909090909, -6.142857142857143)",(-2.272242424170344-0.8846725816630667j),(0.5396047422638678-0.14035359212083415j),(-0.11384366312929736+0.14945604004268087j),(-2.6980035033049146-0.8937750295849134j)
"(3.1515151515151514, -6.142857142857143)","(3.1515151515151514, -6.142857142857143)",(0.49932745814007645-2.6380563483984707j),(0.5482999167604854+0.06281647944192102j),(-0.16020070965082583+0.05555551418950897j),(0.11122825103041689-2.7564283420299005j)
"(3.193939393939394, -6.142857142857143)","(3.193939393939394, -6.142857142857143)",(2.9772618351734352-0.3967497255971332j),(0.4807393563286943+0.2543584918366262j),(-0.1445807101135581-0.03685036431185885j),(2.641103188958299-0.6142578531219005j)
"(3.2363636363636363, -6.142857142857143)","(3.2363636363636363, -6.142857142857143)",(1.544927781122259+2.695935261346686j),(0.34683564901477687+0.40543846299728215j),(-0.08623186156350542-0.09378382827530145j),(1.2843239936709876+2.3842806266247054j)
"(3.278787878787879, -6.142857142857143)","(3.278787878787879, -6.142857142857143)",(-1.832580636960312+2.2898894538080112j),(0.16753216235968668+0.49322790667917055j),(-0.018418395950582988-0.10314694689409916j),(-1.9816944033694157+1.8998084940229396j)
"(3.3212121212121213, -6.142857142857143)","(3.3212121212121213, -6.142857142857143)",(-2.4301295020282323-0.9827870324360876j),(-0.028473592752773835+0.5051763809959577j),(0.029514497142629367-0.07649907440977857j),(-2.431170406418088-1.4114643390222668j)
"(3.3636363636363638, -6.142857142857143)","(3.3636363636363638, -6.142857142857143)",(0.503378312923132-2.409529212253209j),(-0.2096800861200273+0.44156798296590594j),(0.045601272149417026-0.03878220091781094j),(0.6674571268937423-2.8123149943013037j)
"(3.4060606060606062, -6.142857142857143)","(3.4060606060606062, -6.142857142857143)",(2.6501602944350666+0.0902927540163877j),(-0.34752000953365997+0.3157005516281821j),(0.037711472119411324-0.012663839943085942j),(2.959968831849315-0.21274395766870846j)
"(3.4484848484848487, -6.142857142857143)","(3.4484848484848487, -6.142857142857143)",(0.7434936714436748+2.9526010950353268j),(-0.4217386552405641+0.15148214991370304j),(0.024924980634220627-0.006474892964799106j),(1.1403073460500184+2.8075938380864227j)
"(3.4909090909090907, -6.142857142857143)","(3.4909090909090907, -6.142857142857143)",(-2.7372019646408874+1.9585546288437512j),(-0.4242376672351483-0.02120053205108896j),(0.023777983877695627-0.01196874350880112j),(-2.336742281283435+1.9917239044036412j)
"(3.533333333333333, -6.142857142857143)","(3.533333333333333, -6.142857142857143)",(-2.9643742984281127-1.776096315220257j),(-0.36045947949918117-0.1724460086118781j),(0.03762878781659887-0.012182126042127542j),(-2.6415436067455307-1.5914681805662514j)
"(3.5757575757575757, -6.142857142857143)","(3.5757575757575757, -6.142857142857143)",(0.4773998717284944-3.2692789138157146j),(-0.24789067631397776-0.27835481276866j),(0.05498620586722736+0.0059407033346140425j),(0.6703043421752448-2.996864804381669j)
"(3.618181818181818, -6.142857142857143)","(3.618181818181818, -6.142857142857143)",(2.9652314712186474-0.5835200610983576j),(-0.11192342376940376-0.3257142934955771j),(0.057249992275648656+0.04175257671489597j),(3.0199049027124025-0.2995583443176765j)
"(3.6606060606060606, -6.142857142857143)","(3.6606060606060606, -6.142857142857143)",(1.2456439059286102+2.4967992868955187j),(0.02001950169461023-0.31420241442453084j),(0.03110693800722144+0.0795236474148621j),(1.1945174662267786+2.7314780539051875j)
"(3.703030303030303, -6.142857142857143)","(3.703030303030303, -6.142857142857143)",(-2.0935493409874235+1.761614049393386j),(0.12469642842567873-0.2555195219437047j),(-0.02149368321098651+0.09627444384542723j),(-2.1967520862021157+1.9208591274916635j)
"(3.7454545454545456, -6.142857142857143)","(3.7454545454545456, -6.142857142857143)",(-2.3203634757937373-1.5962143013581456j),(0.18803012240347505-0.1696239241553527j),(-0.0814336236454139+0.07473561530341397j),(-2.4269599745517985-1.5013259925062068j)
"(3.787878787878788, -6.142857142857143)","(3.787878787878788, -6.142857142857143)",(0.8154401195958569-2.7644075623908253j),(0.20754660108849743-0.07903342499740335j),(-0.12011911692706281+0.014696422082254523j),(0.7280126354344223-2.7000705594756766j)
"(3.83030303030303, -6.142857142857143)","(3.83030303030303, -6.142857142857143)",(2.830611012672231-0.12367570084602156j),(0.19159426781362407-0.0027378348514617294j),(-0.11355559707266563-0.06343610977996134j),(2.7525723419312724-0.05750175621459849j)
"(3.872727272727273, -6.142857142857143)","(3.872727272727273, -6.142857142857143)",(0.9084189848827338+2.528669076484993j),(0.15555887159621862+0.04854756402832547j),(-0.056194308611598055-0.12566672318056268j),(0.8090544218981132+2.60578823563723j)
"(3.915151515151515, -6.142857142857143)","(3.915151515151515, -6.142857142857143)",(-2.1298983410880297+1.4273084773600235j),(0.11619172693197283+0.07437208638904548j),(0.03272938666509361-0.13991690098597004j),(-2.278819454685096+1.4928532919569482j)
"(3.957575757575758, -6.142857142857143)","(3.957575757575758, -6.142857142857143)",(-1.875927274553507-1.7964569445142904j),(0.08580599901243119+0.08314286896404184j),(0.11501521137315365-0.09324864296756954j),(-2.076748484939092-1.7863511705107626j)
"(4.0, -6.142857142857143)","(4.0, -6.142857142857143)",(1.3636509500993133-2.436554119687518j),(0.06823724072106475+0.0877268225822654j),(0.1506261573303916-0.0017971398827996334j),(1.144787552047857-2.5224838023869838j)
"(-0.2, -5.857142857142858)","(-0.2, -5.857142857142858)",(-1.2608462507597529-3.023575424460155j),(0.2413393513962125-0.467186697243617j),(0.2737714962456557+0.543428384379126j),(-1.775957098401621-3.099817111595664j)
"(-0.1575757575757576, -5.857142857142858)","(-0.1575757575757576, -5.857142857142858)",(-2.2188782944036065+1.4593128676136862j),(0.23240415053601177-0.4739441470648242j),(0.2989740755010291+0.5318912294133322j),(-2.7502565204406473+1.4013657852651782j)
"(-0.11515151515151516, -5.857142857142858)","(-0.11515151515151516, -5.857142857142858)",(2.391515918654667+3.887169363958485j),(0.2256744055312083-0.47896026163589783j),(0.31730198233789436+0.5226188978207394j),(1.8485395307855643+3.8435107277736433j)
"(0.1393939393939394, -5.857142857142858)","(0.1393939393939394, -5.857142857142858)",(-1.2877845582153218+3.6764065527380394j),(0.23502229540305944-0.47540900319523177j),(0.29122665241614076+0.536892774975152j),(-1.814033506034522+3.614922780958119j)
"(0.18181818181818182, -5.857142857142858)","(0.18181818181818182, -5.857142857142858)",(-3.152054397389213-1.0794757639618324j),(0.24473457363207768-0.46894779482102544j),(0.26337990367069236+0.5492607599060462j),(-3.660168874691983-1.1597887290468532j)
"(0.22424242424242424, -5.857142857142858)","(0.22424242424242424, -5.857142857142858)",(0.6068820306472544-3.78596320668399j),(0.25652773455350814-0.46052776369328363j),(0.22809995276265677+0.5624065214323023j),(0.12225434333108948-3.887841964423009j)
"(0.26666666666666666, -5.857142857142858)","(0.26666666666666666, -5.857142857142858)",(4.0340860756059325-0.7696515829706481j),(0.2702185242519585-0.44997793447910067j),(0.18514266767823234+0.5749017487080813j),(3.5787248836757417-0.8945753971996286j)
"(0.30909090909090914, -5.857142857142858)","(0.30909090909090914, -5.857142857142858)",(1.9580062932440263+3.439240815485872j),(0.2855765401385342-0.4371088062763448j),(0.13443657934735614+0.585021587650353j),(1.537993173758136+3.291328034111864j)
"(0.3515151515151515, -5.857142857142858)","(0.3515151515151515, -5.857142857142858)",(-2.7933940498682683+2.6602153278736873j),(0.30232016517175003-0.42172043050109925j),(0.07619652765737958+0.5907694901067446j),(-3.171910742697398+2.4911662682680418j)
"(0.393939393939394, -5.857142857142858)","(0.393939393939394, -5.857142857142858)",(-3.5018712430287833-2.1668055415377463j),(0.32011282874779284-0.40361222296654675j),(0.011048992254177544+0.5899335869696753j),(-3.8330330640307535-2.353126905540875j)
"(0.43636363636363634, -5.857142857142858)","(0.43636363636363634, -5.857142857142858)",(0.8900901734419147-4.323419898439144j),(0.3385600580992602-0.3825945680785852j),(-0.05984008509027392+0.580184652662484j),(0.6113702004329284-4.521009983023043j)
"(0.4787878787878788, -5.857142857142858)","(0.4787878787878788, -5.857142857142858)",(4.261413726358015-0.8120191978531717j),(0.3572078584594178-0.35850220190396j),(-0.13464902365639725+0.5592242369631736j),(4.038854891554994-1.0127412329123853j)
"(0.5212121212121212, -5.857142857142858)","(0.5212121212121212, -5.857142857142858)",(1.9358380448178243+3.407818544251197j),(0.37554302583071086-0.33120925871468926j),(-0.21081497335585034+0.5249878835079981j),(1.7711099923429638+3.214039919457888j)
"(0.5636363636363637, -5.857142857142858)","(0.5636363636363637, -5.857142857142858)",(-2.7351157439597804+2.410287104425859j),(0.39299604472606436-0.3006457301487494j),(-0.2850035017344551+0.4759019686155394j),(-2.8431082869513897+2.235030865959069j)
"(0.6060606060606062, -5.857142857142858)","(0.6060606060606062, -5.857142857142858)",(-3.1113234130872627-2.349395248876604j),(0.4089472444016052-0.2668149169181358j),(-0.3531606262019351+0.41118324816973123j),(-3.1671100312869327-2.4937635801281997j)
"(0.6484848484848484, -5.857142857142858)","(0.6484848484848484, -5.857142857142858)",(1.3664678090256543-4.1033482833758965j),(0.42273686862342397-0.2298112523916234j),(-0.4106747629047071+0.33115783097722096j),(1.3544057033069374-4.204694861961494j)
"(0.6909090909090909, -5.857142857142858)","(0.6909090909090909, -5.857142857142858)",(4.394343781168708-0.3316137746718064j),(0.4336796422427727-0.1898376514866422j),(-0.45267105891635834+0.23756187927699346j),(4.413335197842293-0.37933800246215765j)
"(0.7333333333333334, -5.857142857142858)","(0.7333333333333334, -5.857142857142858)",(1.7126598252267953+3.6765673768655724j),(0.4410842785703466-0.14722129798832692j),(-0.47444875589104823+0.13377173707422962j),(1.7460243025474969+3.69001693777967j)
"(0.7757575757575759, -5.857142857142858)","(0.7757575757575759, -5.857142857142858)",(-2.8670331315170356+2.2921830448252876j),(0.4442781512979626-0.10242654522926221j),(-0.4720523945835051+0.024899411446940842j),(-2.8392588882314933+2.369710178607609j)
"(0.8181818181818183, -5.857142857142858)","(0.8181818181818183, -5.857142857142858)",(-2.833177350381411-2.4878439791313665j),(0.4426370426730217-0.05606339192933993j),(-0.4429398185720674-0.08231554157625295j),(-2.832874574482365-2.3494650456257737j)
"(0.8606060606060608, -5.857142857142858)","(0.8606060606060608, -5.857142857142858)",(1.8179752739545922-3.833024519197928j),(0.43561946991623907-0.008889836420265104j),(-0.3866760310987587-0.17987991614981882j),(1.769031835137112-3.6442547666278444j)
"(0.9030303030303031, -5.857142857142858)","(0.9030303030303031, -5.857142857142858)",(4.536856933653691+0.28033527880813813j),(0.42280458638417434+0.03819365590731419j),(-0.3055465581964692-0.25922582783922005j),(4.419598905465985+0.501367450740044j)
"(0.9454545454545455, -5.857142857142858)","(0.9454545454545455, -5.857142857142858)",(1.4383533254222645+4.173914366372144j),(0.4039320655164396+0.08415927500387972j),(-0.20495452512371956-0.31219206175188047j),(1.2393757850295444+4.401947153120145j)
"(0.987878787878788, -5.857142857142858)","(0.987878787878788, -5.857142857142858)",(-3.194780879056305+2.435912619052101j),(0.3789417310381664+0.12787804664478913j),(-0.09345212748826268-0.3322444075861727j),(-3.4802704826062087+2.640278979993485j)
"(1.0303030303030305, -5.857142857142858)","(1.0303030303030305, -5.857142857142858)",(-2.908179695312921-2.445739481720853j),(0.3480100399246896+0.16815809159130554j),(0.017729312678047778-0.3157976398805902j),(-3.2739190479156584-2.2980999334315686j)
"(1.0727272727272728, -5.857142857142858)","(1.0727272727272728, -5.857142857142858)",(1.8365519508717065-3.556045843186573j),(0.31157991768670473+0.20379529145689998j),(0.11573624631071364-0.26342643316829273j),(1.4092357868742882-3.4964147014751803j)
"(1.1151515151515152, -5.857142857142858)","(1.1151515151515152, -5.857142857142858)",(4.284115025664067+0.7175703301257934j),(0.2703799699045701+0.23363573492134782j),(0.18773052123021286-0.18069401484043962j),(3.826004534529284+0.6646286100448852j)
"(1.1575757575757577, -5.857142857142858)","(1.1575757575757577, -5.857142857142858)",(0.8806555261831408+4.386480272631906j),(0.22542884759878534+0.25664810854266795j),(0.22297256856196687-0.07830858782638515j),(0.4322541100223886+4.208140751915623j)
"(1.2000000000000002, -5.857142857142858)","(1.2000000000000002, -5.857142857142858)",(-3.700156332152022+2.260525263099978j),(0.17802063608982358+0.27200277152141583j),(0.2150658358643821+0.028638595178912995j),(-4.093242804106228+1.9598838963996492j)
"(1.2424242424242427, -5.857142857142858)","(1.2424242424242427, -5.857142857142858)",(-3.093492541027322-2.7420827409584225j),(0.1296876783048518+0.27915269403556237j),(0.16393966850689703+0.12247715264372658j),(-3.387119887839071-3.143712587637711j)
"(1.284848484848485, -5.857142857142858)","(1.284848484848485, -5.857142857142858)",(1.8188409740338158-3.664967476642251j),(0.08213833271578774+0.2779098723700751j),(0.0770623703428604+0.1857254334646061j),(1.6596402709751676-4.128602782476932j)
"(1.3272727272727274, -5.857142857142858)","(1.3272727272727274, -5.857142857142858)",(4.133230999759303+0.7306128183840268j),(0.03716887165551793+0.268509439122413j),(-0.03061018576320407+0.20448595781072595j),(4.126672313866989+0.25761742145088784j)
"(1.3696969696969699, -5.857142857142858)","(1.3696969696969699, -5.857142857142858)",(0.6097899954960997+4.227536409352393j),(-0.00344893583011093+0.2516526874987024j),(-0.13829541022781788+0.17186710426459864j),(0.7515343415540285+3.8040166175890917j)
"(1.4121212121212123, -5.857142857142858)","(1.4121212121212123, -5.857142857142858)",(-3.7816086523312507+1.885668531454544j),(-0.03810009985812634+0.22851988330683373j),(-0.22270252424812365+0.09063191501603314j),(-3.5208060282250004+1.5665167331316772j)
"(1.4545454545454546, -5.857142857142858)","(1.4545454545454546, -5.857142857142858)",(-2.847332330659369-3.0163282541552574j),(-0.06547075680930982+0.2007443163452761j),(-0.2626430732195233-0.02577131341609189j),(-2.5192185006305357-3.1913012570844415j)
"(1.496969696969697, -5.857142857142858)","(1.496969696969697, -5.857142857142858)",(2.121469532477046-3.585863006179825j),(-0.08469332122730112+0.1703407918788688j),(-0.24411664404086972-0.15446536097685362j),(2.4502794977452167-3.60173843708184j)
"(1.5393939393939395, -5.857142857142858)","(1.5393939393939395, -5.857142857142858)",(4.153894126377598+0.996932620946752j),(-0.09547793948402898+0.13958486331391046j),(-0.16469104803254456-0.2669287330896323j),(4.414063113894172+1.1242764907224738j)
"(1.581818181818182, -5.857142857142858)","(1.581818181818182, -5.857142857142858)",(0.385758764165132+4.318538291134501j),(-0.09821324910669114+0.11084361980585594j),(-0.03586393604993002-0.3349158961762138j),(0.5198359493217531+4.542610567504859j)
"(1.6242424242424245, -5.857142857142858)","(1.6242424242424245, -5.857142857142858)",(-3.9177080867915985+1.728647556457372j),(-0.09401827885979148+0.08636465228413986j),(0.11768579736434669-0.33740946064886346j),(-3.941375605296154+1.9796923648220957j)
"(1.6666666666666667, -5.857142857142858)","(1.6666666666666667, -5.857142857142858)",(-2.749184596321767-3.1415167941493993j),(-0.08472808353745617+0.06803658622687446j),(0.2624268699736796-0.2669174569486574j),(-2.9268833827579908-2.9426359234276163j)
"(1.7090909090909092, -5.857142857142858)","(1.7090909090909092, -5.857142857142858)",(2.2235917062240045-3.4858339569364483j),(-0.0727989360404276+0.057141685172618535j),(0.36340874625287156-0.13320692142453405j),(1.9329818960115603-3.4097687206845326j)
"(1.7515151515151517, -5.857142857142858)","(1.7515151515151517, -5.857142857142858)",(4.024723533842398+1.1312196903006229j),(-0.061124970388866405+0.05412762237576631j),(0.39326935790476186+0.03710843197288139j),(3.692579146326502+1.0399836359519752j)
"(1.7939393939393942, -5.857142857142858)","(1.7939393939393942, -5.857142857142858)",(0.1747092106015909+4.197052632637662j),(-0.05276716258603474+0.05843048317751864j),(0.34045470676174633+0.2057805997798953j),(-0.11297833357412068+3.932841549680248j)
"(1.8363636363636366, -5.857142857142858)","(1.8363636363636366, -5.857142857142858)",(-3.851803501020189+1.4294520208090868j),(-0.05060711483092874+0.06838314816355193j),(0.2140297260056304+0.3322139600620449j),(-4.015226112194891+1.02885491258349j)
"(1.8787878787878791, -5.857142857142858)","(1.8787878787878791, -5.857142857142858)",(-2.3573307541345123-3.206272112863449j),(-0.0569514176750574+0.08124117411036201j),(0.04302855195810262+0.38463335586802205j),(-2.3434078884175573-3.6721466428418332j)
"(1.9212121212121216, -5.857142857142858)","(1.9212121212121216, -5.857142857142858)",(2.5463255190418876-3.0931793535850645j),(-0.07312598031445465+0.09335110769980548j),(-0.13029733342250105+0.3498943228045231j),(2.7497488327788435-3.536424784089393j)
"(1.9636363636363636, -5.857142857142858)","(1.9636363636363636, -5.857142857142858)",(3.8987329746208648+1.710934371567278j),(-0.09911167713882613+0.10047327375193137j),(-0.2620275738581817+0.23856418731193973j),(4.2598722256178725+1.371896910503407j)
"(2.006060606060606, -5.857142857142858)","(2.006060606060606, -5.857142857142858)",(-0.3273420862490339+4.5307067831008645j),(-0.13328059147319+0.0982526451423233j),(-0.3197289687626139+0.08295890653487958j),(0.12566747398677003+4.349495231423662j)
"(2.0484848484848484, -5.857142857142858)","(2.0484848484848484, -5.857142857142858)",(-4.372416021510907+1.4239467151307335j),(-0.17229353694829463+0.08280856323896688j),(-0.2929462950513214-0.07206121058508377j),(-3.907176189511291+1.4131993624768504j)
"(2.090909090909091, -5.857142857142858)","(2.090909090909091, -5.857142857142858)",(-2.757794521885296-3.316881506666957j),(-0.2112121425026778+0.051389088784360604j),(-0.19707331856045107-0.18314241712028262j),(-2.349509060822167-3.185128178331035j)
"(2.1333333333333333, -5.857142857142858)","(2.1333333333333333, -5.857142857142858)",(2.076712452515438-3.217602308863322j),(-0.24386107433016252+0.003011988573992745j),(-0.0685422508238292-0.22280597172578165j),(2.3891157776694296-2.997808325711533j)
"(2.175757575757576, -5.857142857142858)","(2.175757575757576, -5.857142857142858)",(3.2754721222107377+1.3109435521136552j),(-0.2634476815347856-0.061003934883047436j),(0.047709452611744196-0.18888548409872186j),(3.491210351133779+1.5608329710954245j)
"(2.2181818181818183, -5.857142857142858)","(2.2181818181818183, -5.857142857142858)",(-0.7631391590650489+3.632739838571176j),(-0.26340899200994383-0.13672159089024677j),(0.11441715077688015-0.10505165194720176j),(-0.6141473178319852+3.8745130814086246j)
"(2.2606060606060607, -5.857142857142858)","(2.2606060606060607, -5.857142857142858)",(-4.16890124391463+0.29735755238717815j),(-0.23841313281416876-0.21758039338399837j),(0.11581210040737282-0.011529436511551076j),(-4.046300211507834+0.5264673822827276j)
"(2.303030303030303, -5.857142857142858)","(2.303030303030303, -5.857142857142858)",(-1.9263022177517986-4.0764235835101745j),(-0.1853996046032934-0.29477683417473705j),(0.06339904358195102+0.05098646812799747j),(-1.8043016567304562-3.832633217463435j)
"(2.3454545454545452, -5.857142857142858)","(2.3454545454545452, -5.857142857142858)",(3.0100808447439538-3.3153537245037334j),(-0.10450784969601094-0.358061574466975j),(-0.009224932255859448+0.058066049020008066j),(3.1238136266958243-3.0153581990567666j)
"(2.3878787878787877, -5.857142857142858)","(2.3878787878787877, -5.857142857142858)",(3.841358185772634+1.585326437256795j),(0.00027543799055222977-0.39692418819165853j),(-0.06102363510675471+0.011904787123270939j),(3.9021063828888365+1.9703458383251826j)
"(2.43030303030303, -5.857142857142858)","(2.43030303030303, -5.857142857142858)",(-0.5169023462098515+3.821689682480721j),(0.12091489406992491-0.4020663830999113j),(-0.06188727321655944-0.05957369258149736j),(-0.575929967063217+4.28332975816213j)
"(2.4727272727272727, -5.857142857142858)","(2.4727272727272727, -5.857142857142858)",(-3.8943153716322176+0.3159147094518471j),(0.24570097733360738-0.36699320926013357j),(-0.006790517265221313-0.11516527385629385j),(-4.133225831700604+0.7980731925682745j)
"(2.515151515151515, -5.857142857142858)","(2.515151515151515, -5.857142857142858)",(-1.5064261123850056-3.9767540746531673j),(0.3602642684640822-0.2894921953278815j),(0.08092742323100066-0.11944985301282524j),(-1.9476178040800884-3.5678120263124606j)
"(2.5575757575757576, -5.857142857142858)","(2.5575757575757576, -5.857142857142858)",(3.369341826172165-3.0226491969501907j),(0.44919955916027615-0.17273672977517876j),(0.1593346475723932-0.0600850435078444j),(2.7608076194394955-2.7898274236671674j)
"(2.6, -5.857142857142858)","(2.6, -5.857142857142858)",(4.033042206804886+1.869564786379751j),(0.4981582836943702-0.02575551093742333j),(0.18694292840273102+0.044864022069125195j),(3.3479409947077845+1.8504562752480491j)
"(2.6424242424242426, -5.857142857142858)","(2.6424242424242426, -5.857142857142858)",(-0.2548428068383608+3.9723877228791884j),(0.49615550220164767+0.13693634263425639j),(0.142547312550462+0.15359848767153628j),(-0.8935456215904705+3.6818528925733958j)
"(2.684848484848485, -5.857142857142858)","(2.684848484848485, -5.857142857142858)",(-3.342798139744314+0.6307997930477058j),(0.4377457878750113+0.29664494583538603j),(0.03646738338505621+0.21884015009796493j),(-3.8170113110043817+0.1153146971143548j)
"(2.727272727272727, -5.857142857142858)","(2.727272727272727, -5.857142857142858)",(-0.9512156404701805-3.0741348403456543j),(0.32467402962031605+0.43269802657931505j),(-0.09259670776982112+0.2094905770875447j),(-1.1832929623206754-3.7163234440125144j)
"(2.7696969696969695, -5.857142857142858)","(2.7696969696969695, -5.857142857142858)",(3.279249463778154-1.611888284145135j),(0.16662252313495607+0.5253216123463751j),(-0.1941546727249196+0.12544685875853004j),(3.3067816133681176-2.26265675525004j)
"(2.812121212121212, -5.857142857142858)","(2.812121212121212, -5.857142857142858)",(2.986298710673363+3.095421246508365j),(-0.019233073915465877+0.5588107046752929j),(-0.22839145830437368-0.0017333846503558748j),(3.2339232428932023+2.5383439264834275j)
"(2.8545454545454545, -5.857142857142858)","(2.8545454545454545, -5.857142857142858)",(-1.8305361321477698+4.33870950479585j),(-0.2099801204966517+0.5244849069471222j),(-0.18381987572247258-0.12286765002418817j),(-1.4367361359286455+3.937092247872916j)
"(2.896969696969697, -5.857142857142858)","(2.896969696969697, -5.857142857142858)",(-4.69270694746856+0.10991875236046958j),(-0.3799347700102132+0.42286740864832506j),(-0.08163533181401657-0.19317208438371244j),(-4.23113684564433-0.11977657190414304j)
"(2.9393939393939394, -5.857142857142858)","(2.9393939393939394, -5.857142857142858)",(-1.6993308117532298-3.975891434544232j),(-0.5044660646060819+0.26457470839295677j),(0.03513223895098994-0.1915739022059385j),(-1.2299969860981377-4.04889224073125j)
"(2.981818181818182, -5.857142857142858)","(2.981818181818182, -5.857142857142858)",(2.9785906844196117-2.478726885031501j),(-0.5641023701852761+0.06956652104626575j),(0.12196804515627391-0.1280939290269877j),(3.420725009448614-2.420199477050779j)
"(3.0242424242424244, -5.857142857142858)","(3.0242424242424244, -5.857142857142858)",(2.9074947023157085+2.287566505787048j),(-0.548195621953619-0.13533057814041202j),(0.15241554653210862-0.03631407376535438j),(3.3032747777372187+2.459211157692814j)
"(3.066666666666667, -5.857142857142858)","(3.066666666666667, -5.857142857142858)",(-1.646740555119345+3.5313993459982678j),(-0.45739447677719647-0.32038274013377216j),(0.12735722774040442+0.04440460482714823j),(-1.316703306082553+3.8073774813048917j)
"(3.109090909090909, -5.857142857142858)","(3.109090909090909, -5.857142857142858)",(-4.16864319223902-0.5087123658203809j),(-0.3043071614567903-0.45781359517916476j),(0.07034643828489086+0.08735728860557085j),(-3.93468246906712-0.13825605924678702j)
"(3.1515151515151514, -5.857142857142858)","(3.1515151515151514, -5.857142857142858)",(-1.0688555006451004-4.1730859597627665j),(-0.11201895650416831-0.5267295338415243j),(0.012718444123088264+0.08836432763855512j),(-0.9695549882640204-3.734720753559797j)
"(3.193939393939394, -5.857142857142858)","(3.193939393939394, -5.857142857142858)",(3.336807243783146-2.398622684498936j),(0.0894682336819888-0.5171360917826324j),(-0.022838926757895367+0.06309026412869925j),(3.2701779368590524-1.9445768568450026j)
"(3.2363636363636363, -5.857142857142858)","(3.2363636363636363, -5.857142857142858)",(2.990612542472006+2.1951298454418717j),(0.2683578187283622-0.43214722556940005j),(-0.03163890016224136+0.03477189260051371j),(2.7538936239058853+2.5925051784107582j)
"(3.278787878787879, -5.857142857142858)","(3.278787878787879, -5.857142857142858)",(-1.365082854102309+3.102935826649733j),(0.3968276914989015-0.2877735780028691j),(-0.02532031670791448+0.020036781707068834j),(-1.7365902288932962+3.3706726229455333j)
"(3.3212121212121213, -5.857142857142858)","(3.3212121212121213, -5.857142857142858)",(-3.3227244709788186-0.8223395806031855j),(0.4562892178438127-0.11014076283718065j),(-0.02148477519217798+0.020624036635345424j),(-3.7575289136304533-0.7328228544013502j)
"(3.3636363636363638, -5.857142857142858)","(3.3636363636363638, -5.857142857142858)",(0.03626310586698167-3.7710705554880626j),(0.440974276107073+0.06944987777790926j),(-0.03133141904433337+0.02478140787710876j),(-0.37337975119575795-3.8653018411430806j)
"(3.4060606060606062, -5.857142857142858)","(3.4060606060606062, -5.857142857142858)",(3.9540185658614737-1.2696703046685303j),(0.35896105945621626+0.22067187213459086j),(-0.0522933830439508+0.016574015506649102j),(3.6473508894492084-1.5069161923097703j)
"(3.4484848484848487, -5.857142857142858)","(3.4484848484848487, -5.857142857142858)",(2.7229079033013726+3.389512536243952j),(0.23027120942343912+0.32022232607027223j),(-0.06937035671283763-0.012620710726545265j),(2.562007050590771+3.081910920900225j)
"(3.4909090909090907, -5.857142857142858)","(3.4909090909090907, -5.857142857142858)",(-2.1735373514780663+3.7162453783742238j),(0.08234359942931532+0.35637359819596287j),(-0.06411063395955982-0.056821132916778594j),(-2.1917703169478218+3.4166929130950394j)
"(3.533333333333333, -5.857142857142858)","(3.533333333333333, -5.857142857142858)",(-4.0403300493152585-0.8177004487704456j),(-0.05614207928169365+0.33089728774266136j),(-0.026446658532508986-0.09634021549461905j),(-3.957741311501056-1.052257521018488j)
"(3.5757575757575757, -5.857142857142858)","(3.5757575757575757, -5.857142857142858)",(-0.3411072937089294-3.9559289541038862j),(-0.1616357406819377+0.25781637308044786j),(0.03676256527917504-0.10688552191814614j),(-0.21623411830616673-4.106859805266188j)
"(3.618181818181818, -5.857142857142858)","(3.618181818181818, -5.857142857142858)",(3.7198566912478888-1.382559284740166j),(-0.2206834835620741+0.15923104236458996j),(0.10138330029831144-0.0729706999309673j),(3.8391568745116516-1.4688196271737886j)
"(3.6606060606060606, -5.857142857142858)","(3.6606060606060606, -5.857142857142858)",(2.466156373010404+3.248329434021914j),(-0.23217527441533442+0.05926107372088356j),(0.13540331981795672+0.0008002132276447339j),(2.5629283276077817+3.188268147073386j)
"(3.703030303030303, -5.857142857142858)","(3.703030303030303, -5.857142857142858)",(-2.3288508004718884+3.447968526426689j),(-0.20623756833693993-0.02227520226255728j),(0.11501726689263915+0.08718502401667215j),(-2.2376304990275875+3.3830587046725737j)
"(3.7454545454545456, -5.857142857142858)","(3.7454545454545456, -5.857142857142858)",(-3.9769791146151325-1.0305062326387737j),(-0.16005879012933713-0.07466464015642088j),(0.039979833760146834+0.14608186823238004j),(-3.856900158245942-1.1019234607147328j)
"(3.787878787878788, -5.857142857142858)","(3.787878787878788, -5.857142857142858)",(-0.267645479651612-3.9139168939613276j),(-0.11185682968803813-0.09815951070780904j),(-0.06094613978524927+0.14418221156377348j),(-0.0948425101783246-3.959939594817292j)
"(3.83030303030303, -5.857142857142858)","(3.83030303030303, -5.857142857142858)",(3.4944838409929093-1.2652885495914796j),(-0.07483226295722477-0.10229084838842896j),(-0.1404067556910837+0.07525067755048642j),(3.709722859641218-1.238248378753537j)
"(3.872727272727273, -5.857142857142858)","(3.872727272727273, -5.857142857142858)",(2.025866493360968+3.0212801067995345j),(-0.053064213748819956-0.1011203614329147j),(-0.15636050362720852-0.031467477318368554j),(2.2352912107369964+3.1538679455508176j)
"(3.915151515151515, -5.857142857142858)","(3.915151515151515, -5.857142857142858)",(-2.495130256858325+2.788250042934579j),(-0.04079702637193703-0.10695297875364507j),(-0.09741915850512528-0.12298159269260468j),(-2.3569140719812625+3.0181846143808286j)
"(3.957575757575758, -5.857142857142858)","(3.957575757575758, -5.857142857142858)",(-3.560911263972742-1.6659837778584152j),(-0.025524828158683063-0.12466847020158091j),(0.006677124798765989-0.1511678185409563j),(-3.542063560612825-1.390147489115878j)
"(4.0, -5.857142857142858)","(4.0, -5.857142857142858)",(0.4317165017553621-4.031297060320491j),(0.0060106123482786215-0.14880110690556217j),(0.09935716734861137-0.1023788830284552j),(0.3263487220584721-3.780117070386474j)
"(-0.2, -5.571428571428571)","(-0.2, -5.571428571428571)",(-5.320232571355222-1.0264372433271747j),(-0.5182260209524847+0.125165632285329j),(0.2423497572634374-0.5793308436421005j),(-5.044356307666175-0.5722720319704032j)
"(-0.1575757575757576, -5.571428571428571)","(-0.1575757575757576, -5.571428571428571)",(-4.860957988470933+4.651194369440504j),(-0.5175063529613233+0.13685403359214957j),(0.21453046368601836-0.5923330754876284j),(-4.557982099195628+5.106673411335983j)
"(-0.11515151515151516, -5.571428571428571)","(-0.11515151515151516, -5.571428571428571)",(0.7580815588110259+6.34612256223984j),(-0.5169022132334721+0.145607492830851j),(0.1935252977212643-0.60109699887969j),(1.0814584743232336+6.801612068288679j)
"(0.1393939393939394, -5.571428571428571)","(0.1393939393939394, -5.571428571428571)",(-3.06338240788229+5.868718626559924j),(-0.5204952282093707+0.13572280031451694j),(0.22461585854034138-0.5894675320193539j),(-2.7675030382132606+6.322463358264761j)
"(0.18181818181818182, -5.571428571428571)","(0.18181818181818182, -5.571428571428571)",(-6.083952359934646+0.8882602031840838j),(-0.5219861783456292+0.12359923813460813j),(0.255105000845465-0.5747679238412261j),(-5.817071182434481+1.3394288888907018j)
"(0.22424242424242424, -5.571428571428571)","(0.22424242424242424, -5.571428571428571)",(-2.882239840928227-3.7071378749822927j),(-0.5233243036038094+0.10848982527313453j),(0.2914664082002241-0.5541631194831107j),(-2.6503819455246416-3.2614645807723166j)
"(0.26666666666666666, -5.571428571428571)","(0.26666666666666666, -5.571428571428571)",(1.921782442325171-2.473915357693326j),(-0.5242398946118804+0.09042647227446061j),(0.33255637359690127-0.5263455874578878j),(2.11346596334015-2.0379962425098985j)
"(0.30909090909090914, -5.571428571428571)","(0.30909090909090914, -5.571428571428571)",(1.929498288839136+1.8873089733819814j),(-0.5244151487263229+0.06946782363407032j),(0.376811053009817-0.48996045287945683j),(2.077102384555642+2.307801602627368j)
"(0.3515151515151515, -5.571428571428571)","(0.3515151515151515, -5.571428571428571)",(-2.1320294426264557+2.6508923496093537j),(-0.5234882279198808+0.04570858098096001j),(0.4221825225877793-0.4437423936916769j),(-2.030723737294354+3.0489261623200705j)
"(0.393939393939394, -5.571428571428571)","(0.393939393939394, -5.571428571428571)",(-3.7358884752352117-1.2968966096809313j),(-0.5210590903788728+0.01928976988126156j),(0.4661007827603734-0.38669051697255236j),(-3.6809301676167125-0.9294958625896405j)
"(0.43636363636363634, -5.571428571428571)","(0.43636363636363634, -5.571428571428571)",(-0.10011829360133684-3.996470150228519j),(-0.5166974912190694-0.009590427088279752j),(0.5054808646047186-0.3182787987381754j),(-0.0889016669869861-3.668600924402064j)
"(0.4787878787878788, -5.571428571428571)","(0.4787878787878788, -5.571428571428571)",(3.7267833840982214-1.1346417635800023j),(-0.5099535360816192-0.040665770998980354j),(0.5367964035393283-0.23869240445911122j),(3.6999405166405124-0.8552835881219109j)
"(0.5212121212121212, -5.571428571428571)","(0.5212121212121212, -5.571428571428571)",(2.0934377517456757+3.560558355737437j),(-0.5003711235104709-0.07359163876803941j),(0.55624079033865-0.1490705626536678j),(2.0375680849174964+3.7832205571591446j)
"(0.5636363636363637, -5.571428571428571)","(0.5636363636363637, -5.571428571428571)",(-3.0154620993693055+3.4641039579502517j),(-0.4875045192920172-0.10793605136936565j),(0.5599928032116013-0.05172527357261678j),(-3.0879503832888897+3.623765282892234j)
"(0.6060606060606062, -5.571428571428571)","(0.6060606060606062, -5.571428571428571)",(-4.558655483707359-1.4896905810453278j),(-0.4709381599667673-0.14317298815607776j),(0.5445939656061879+0.04970657019003373j),(-4.63231128934678-1.3962241630792838j)
"(0.6484848484848484, -5.571428571428571)","(0.6484848484848484, -5.571428571428571)",(-0.3326208042705584-4.5163320400532j),(-0.4503095764191314-0.17867904796451434j),(0.5074286314977382+0.15022969798394048j),(-0.3897398593491652-4.4878826900726265j)
"(0.6909090909090909, -5.571428571428571)","(0.6909090909090909, -5.571428571428571)",(3.8079042636836036-1.4362723828848334j),(-0.4253350574596486-0.21373461480479145j),(0.44727476189810456+0.24363183039838526j),(3.785964559245148-1.466169598478427j)
"(0.7333333333333334, -5.571428571428571)","(0.7333333333333334, -5.571428571428571)",(2.0852239218956092+3.401120465340603j),(-0.39583733773259144-0.24753072699496279j),(0.3648648912304887+0.3228507802326665j),(2.116196368397712+3.3258004121028995j)
"(0.7757575757575759, -5.571428571428571)","(0.7757575757575759, -5.571428571428571)",(-3.077041960901265+3.154347901703003j),(-0.3617742007094144-0.2791828073328293j),(0.2633664772876806+0.38059921029713656j),(-2.978634237479531+3.0529314987386957j)
"(0.8181818181818183, -5.571428571428571)","(0.8181818181818183, -5.571428571428571)",(-4.405872770613836-1.9151722586133062j),(-0.3232664511921045-0.3077522598933595j),(0.14866488864225513+0.4102434323220028j),(-4.231271208063987-2.0176634310419495j)
"(0.8606060606060608, -5.571428571428571)","(0.8606060606060608, -5.571428571428571)",(0.03450049759000018-4.778676883158714j),(-0.2806232586292008-0.332276648037569j),(0.029319387520078406+0.40688017747113675j),(0.28580436869912257-4.853280412592282j)
"(0.9030303030303031, -5.571428571428571)","(0.9030303030303031, -5.571428571428571)",(4.11749903442196-1.4787999674532897j),(-0.2343624410108627-0.35180871350613513j),(-0.08392724540917629+0.3684899641091612j),(4.435788720841999-1.4954812180563157j)
"(0.9454545454545455, -5.571428571428571)","(0.9454545454545455, -5.571428571428571)",(2.2377093798950654+3.330235936192721j),(-0.18522290080037207-0.365463861417205j),(-0.17916185210079716+0.2969774221727729j),(2.6020941327962346+3.398722375437153j)
"(0.987878787878788, -5.571428571428571)","(0.987878787878788, -5.571428571428571)",(-2.843466580972089+2.9235515846994176j),(-0.13416620365126186-0.3724749175598769j),(-0.24483206022827217+0.19885389192180464j),(-2.464468317092555+3.09717261033749j)
"(1.0303030303030305, -5.571428571428571)","(1.0303030303030305, -5.571428571428571)",(-3.903138550335781-2.065311511276245j),(-0.08236428222994427-0.37225197940272653j),(-0.27167373068084644+0.08529697142430005j),(-3.5491005374249904-1.7783565032978184j)
"(1.0727272727272728, -5.571428571428571)","(1.0727272727272728, -5.571428571428571)",(0.5937254522733635-4.5687370197859565j),(-0.03117053128818616-0.36444407384311683j),(-0.2547741651951381-0.028642167800210956j),(0.8796701487566878-4.175650778142629j)
"(1.1151515151515152, -5.571428571428571)","(1.1151515151515152, -5.571428571428571)",(4.368060657864915-1.0326588994702297j),(0.017927786465893467-0.34899817805208216j),(-0.19537776932074002-0.12580276898963946j),(4.545510640719762-0.5578579524285081j)
"(1.1575757575757577, -5.571428571428571)","(1.1575757575757577, -5.571428571428571)",(2.17693391420753+3.6151564710313595j),(0.06337681774816802-0.3262100658300182j),(-0.10195417848681088-0.18958121965618624j),(2.215511274946173+4.130947756517564j)
"(1.2000000000000002, -5.571428571428571)","(1.2000000000000002, -5.571428571428571)",(-2.8404719779577596+2.9299024948719334j),(0.1036425187477432-0.2967605580427034j),(0.009945956483054432-0.2071852953486873j),(-2.9540604531885575+3.433848348263324j)
"(1.2424242424242427, -5.571428571428571)","(1.2424242424242427, -5.571428571428571)",(-3.632847017573112-2.0011798131378145j),(0.13731360403377718-0.2617302611157706j),(0.11938608783935264-0.17290090003181383j),(-3.8895467094462415-1.5665486519902299j)
"(1.284848484848485, -5.571428571428571)","(1.284848484848485, -5.571428571428571)",(0.8304969837324344-4.1567767859508695j),(0.16321607066977786-0.22258597195825303j),(0.2033451537652235-0.09059508807668323j),(0.463935759297433-3.843595725915933j)
"(1.3272727272727274, -5.571428571428571)","(1.3272727272727274, -5.571428571428571)",(4.169955190726701-0.5119130407580985j),(0.18053168776687245-0.18113281208716372j),(0.24127483185326623+0.025377796088645026j),(3.7481486711065624-0.3561580247595798j)
"(1.3696969696969699, -5.571428571428571)","(1.3696969696969699, -5.571428571428571)",(1.6523267480450223+3.7334268890676277j),(0.1889102091818241-0.13942800249979043j),(0.2201096992170085+0.15153638052570184j),(1.2433068396461897+3.721318511041716j)
"(1.4121212121212123, -5.571428571428571)","(1.4121212121212123, -5.571428571428571)",(-3.1334030732380027+2.555110427071725j),(0.18856276989074874-0.0996551155936175j),(0.13855228484762497+0.2591487488730841j),(-3.4605181279763766+2.3956167937922586j)
"(1.4545454545454546, -5.571428571428571)","(1.4545454545454546, -5.571428571428571)",(-3.390268318135812-2.3677797346420264j),(0.18032237750025387-0.06396164796737469j),(0.009307767572007129+0.32023622418938613j),(-3.5798984632080733-2.6240543108640377j)
"(1.496969696969697, -5.571428571428571)","(1.496969696969697, -5.571428571428571)",(1.2552077460841762-4.049408593599497j),(0.1656570747169687-0.03426770660187013j),(-0.14184370924090633+0.3145860290922145j),(1.2313943806081138-4.329726916089841j)
"(1.5393939393939395, -5.571428571428571)","(1.5393939393939395, -5.571428571428571)",(4.233776135606352-0.09479831581653017j),(0.14662269525035476-0.012059162022727268j),(-0.28061766848358183+0.23604533321301166j),(4.3677711088395785-0.31878448700681455j)
"(1.581818181818182, -5.571428571428571)","(1.581818181818182, -5.571428571428571)",(1.337885280660392+3.9177206220972582j),(0.1257455664715658+0.0018157447791414994j),(-0.3719401513539877+0.09612951780908996j),(1.5840798655428139+3.819775359509027j)
"(1.6242424242424245, -5.571428571428571)","(1.6242424242424245, -5.571428571428571)",(-3.332993428009492+2.340717275060293j),(0.10583127286361033+0.007322401821764744j),(-0.3892047611766571-0.0766866378581309j),(-3.049619939696445+2.410081511096659j)
"(1.6666666666666667, -5.571428571428571)","(1.6666666666666667, -5.571428571428571)",(-3.193310402485964-2.5568437612066854j),(0.08970367366499901+0.005361147909104494j),(-0.322592682160846-0.24264886271086006j),(-2.960421393990117-2.31955604640493j)
"(1.7090909090909092, -5.571428571428571)","(1.7090909090909092, -5.571428571428571)",(1.5000926406074357-3.8288261591262582j),(0.07988839910829369-0.0021940774104521137j),(-0.18371091540109366-0.3605639246414988j),(1.6039151569002357-3.4660681570743073j)
"(1.7515151515151517, -5.571428571428571)","(1.7515151515151517, -5.571428571428571)",(4.032642699699195+0.28396048410855695j),(0.07826623080886227-0.012564833139561311j),(-0.004428402798252966-0.3994317827094759j),(3.958804871688585+0.6959570999575941j)
"(1.7939393939393942, -5.571428571428571)","(1.7939393939393942, -5.571428571428571)",(0.7853243704773888+3.8541615856876903j),(0.08573283220230085-0.022262776697155953j),(0.1706770639807722-0.3484036597343398j),(0.5289144742943157+4.224828022119186j)
"(1.8363636363636366, -5.571428571428571)","(1.8363636363636366, -5.571428571428571)",(-3.5914709362288835+1.6928916893419237j),(0.1019105277746331-0.027415418869756j),(0.29674374580819673-0.2215083656892044j),(-3.9901252098117133+1.9418154739008842j)
"(1.8787878787878791, -5.571428571428571)","(1.8787878787878791, -5.571428571428571)",(-2.7474497696750375-3.2337399984619695j),(0.1249632182709398-0.02421210243054735j),(0.3423982177039482-0.054797849505122044j),(-3.2148112056499256-3.1547300465263j)
"(1.9212121212121216, -5.571428571428571)","(1.9212121212121216, -5.571428571428571)",(2.332751215959033-3.937374691531033j),(0.15156496796994084-0.009439315152073312j),(0.300258683543676+0.10408452342132862j),(1.880927564445416-4.0320198998002885j)
"(1.9636363636363636, -5.571428571428571)","(1.9636363636363636, -5.571428571428571)",(4.642793771461003+0.7149660112812151j),(0.17706447419321533+0.018946813835843054j),(0.19003156855411632+0.21109211404902403j),(4.275697728713671+0.48492708339634805j)
"(2.006060606060606, -5.571428571428571)","(2.006060606060606, -5.571428571428571)",(1.0088088727398834+4.355261314127797j),(0.195870375005379+0.061282549555800404j),(0.05226706454791082+0.2406696162401958j),(0.7606714331865936+4.053309148331801j)
"(2.0484848484848484, -5.571428571428571)","(2.0484848484848484, -5.571428571428571)",(-3.4354296704708993+2.068268083778835j),(0.2020561533714345+0.11577896579629215j),(-0.06578846243969423+0.19472106770652484j),(-3.5716973614026397+1.757768050276018j)
"(2.090909090909091, -5.571428571428571)","(2.090909090909091, -5.571428571428571)",(-2.5036376499569712-2.6945213485269415j),(0.1901497914046461+0.1783152363175867j),(-0.12746740561179165+0.10166090744721615j),(-2.5663200357498255-2.974497492291744j)
"(2.1333333333333333, -5.571428571428571)","(2.1333333333333333, -5.571428571428571)",(2.300433366709373-3.0317383617163483j),(0.1560356740381268+0.24252474145605935j),(-0.12046101095922782+0.005136184385959745j),(2.264858703630474-3.2793992875583675j)
"(2.175757575757576, -5.571428571428571)","(2.175757575757576, -5.571428571428571)",(3.9351672532483652+1.600473279378237j),(0.09785972744896061+0.3002315699785466j),(-0.06121358124060496-0.05371367556934383j),(3.8985211070400094+1.3539553849690342j)
"(2.2181818181818183, -5.571428571428571)","(2.2181818181818183, -5.571428571428571)",(-0.15168448513567306+4.588358553818132j),(0.016800077870872152+0.3422542700115886j),(0.012543297978783268-0.05342542052622212j),(-0.18102786098532847+4.299529704332766j)
"(2.2606060606060607, -5.571428571428571)","(2.2606060606060607, -5.571428571428571)",(-4.326474244576884+1.5481178047321216j),(-0.08244798654040363+0.3595388735297888j),(0.05862650492915532-0.0013498872459195377j),(-4.302652762965636+1.1899288184482524j)
"(2.303030303030303, -5.571428571428571)","(2.303030303030303, -5.571428571428571)",(-2.7037502446775705-3.3739267192741553j),(-0.19161538465103842+0.3445199000704646j),(0.04969215833491983+0.0697699434260379j),(-2.561827018361452-3.788216562770658j)
"(2.3454545454545452, -5.571428571428571)","(2.3454545454545452, -5.571428571428571)",(2.4651434560019534-3.2730597339570378j),(-0.29933803726328245+0.2925452132512153j),(-0.013640635393504724+0.11694370368605089j),(2.7781221286587408-3.682548650894304j)
"(2.3878787878787877, -5.571428571428571)","(2.3878787878787877, -5.571428571428571)",(3.8589578741537185+1.7467347372433002j),(-0.3922144852987455+0.2031499092686132j),(-0.1022612624575339+0.10743050055518168j),(4.353433621909998+1.4361543274195052j)
"(2.43030303030303, -5.571428571428571)","(2.43030303030303, -5.571428571428571)",(-0.624232359368136+4.6183382266817095j),(-0.4563977709170051+0.08093869166928068j),(-0.17156397921739336+0.03520801719276005j),(0.0037293907662624692+4.502191517819669j)
"(2.4727272727272727, -5.571428571428571)","(2.4727272727272727, -5.571428571428571)",(-4.847579746456735+1.1926369208806205j),(-0.4795746427046256-0.0641528157920522j),(-0.18245449897645932-0.07466844433950161j),(-4.18555060477565+1.3314581810121742j)
"(2.515151515151515, -5.571428571428571)","(2.515151515151515, -5.571428571428571)",(-2.997229601375456-3.926653103141446j),(-0.45308395255684814-0.21739176152472173j),(-0.12060966131346347-0.17650207008241328j),(-2.4235359875051445-3.532759271534311j)
"(2.5575757575757576, -5.571428571428571)","(2.5575757575757576, -5.571428571428571)",(2.293430457496833-3.833437881103842j),(-0.37384597723878704-0.3606493441638839j),(-0.004560796602881903-0.22474176429685086j),(2.671837231338502-3.2480467726431073j)
"(2.6, -5.571428571428571)","(2.6, -5.571428571428571)",(3.6985279100996817+1.0118528145696195j),(-0.24573652190040243-0.47460302495539386j),(0.12172152672304634-0.19534548042632593j),(3.8225429052770377+1.6818013199513393j)
"(2.6424242424242426, -5.571428571428571)","(2.6424242424242426, -5.571428571428571)",(-0.4628128038877025+3.5204064294837654j),(-0.08006238209017208-0.5415138605391985j),(0.20849411191281178-0.09731352806243942j),(-0.5912445337103422+4.159233818085403j)
"(2.684848484848485, -5.571428571428571)","(2.684848484848485, -5.571428571428571)",(-3.9044928516007036+0.06906560267422224j),(0.10511133884542921-0.5482010703908995j),(0.22270782502073191+0.03133747609209703j),(-4.2323120154668645+0.5859291969730247j)
"(2.727272727272727, -5.571428571428571)","(2.727272727272727, -5.571428571428571)",(-1.3566438981784184-4.331345042283836j),(0.2868681588970141-0.48872370784067315j),(0.16232890691302101+0.14113645966643926j),(-1.8058409639884536-3.9837577941096014j)
"(2.7696969696969695, -5.571428571428571)","(2.7696969696969695, -5.571428571428571)",(3.8562817638673454-3.142603439756939j),(0.44045177784847195-0.36623959339648576j),(0.055729071764204254+0.1934365898224053j),(3.3601009142546694-2.9698004361828585j)
"(2.812121212121212, -5.571428571428571)","(2.812121212121212, -5.571428571428571)",(4.423487657126054+2.3396468615161625j),(0.5430176235428517-0.19356971053491176j),(-0.052966374845852884+0.17641237915573849j),(3.933436408429055+2.3568041928953356j)
"(2.8545454545454545, -5.571428571428571)","(2.8545454545454545, -5.571428571428571)",(-0.592718613897976+4.659719395594848j),(0.5775509384920272+0.00783809200612768j),(-0.12463031155919237+0.10738789232387487j),(-1.0456392408308108+4.544493411264845j)
"(2.896969696969697, -5.571428571428571)","(2.896969696969697, -5.571428571428571)",(-4.295440113146304+0.6605054965191599j),(0.5362461677065727+0.21059093504444293j),(-0.14142226417233764+0.02145406010990728j),(-4.690264016680539+0.42846050136480973j)
"(2.9393939393939394, -5.571428571428571)","(2.9393939393939394, -5.571428571428571)",(-1.5672409371658782-3.994466471109157j),(0.4226329479601226+0.38540273670023534j),(-0.1111281264367647-0.046714597047003106j),(-1.8787457586892362-4.3331546107623895j)
"(2.981818181818182, -5.571428571428571)","(2.981818181818182, -5.571428571428571)",(3.713741204009126-2.693846418721505j),(0.2518744436159202+0.5059197914094922j),(-0.05885061415511377-0.07814242305941718j),(3.52071737454832-3.1216237870715804j)
"(3.0242424242424244, -5.571428571428571)","(3.0242424242424244, -5.571428571428571)",(4.054027414059399+2.8477669420580636j),(0.04895276457244831+0.5534750048911554j),(-0.01186073024010763-0.07481007023153272j),(4.016935379727058+2.369102007398441j)
"(3.066666666666667, -5.571428571428571)","(3.066666666666667, -5.571428571428571)",(-1.1710472865434962+4.957040530762784j),(-0.15514330522657563+0.520819639221402j),(0.013857865229790682-0.05378167971865808j),(-1.0297618465467113+4.490002571260041j)
"(3.109090909090909, -5.571428571428571)","(3.109090909090909, -5.571428571428571)",(-4.8412490342761805+0.7250710259335396j),(-0.32867300681495754+0.4139698319836555j),(0.018916943858398958-0.03488947902741118j),(-4.531492971319622+0.34599067297729524j)
"(3.1515151515151514, -5.571428571428571)","(3.1515151515151514, -5.571428571428571)",(-2.0607559015439882-3.9580721177729346j),(-0.44490259679532784+0.2516027001091653j),(0.016295424528732477-0.029182841112929615j),(-1.6321487292773929-4.18049197676917j)
"(3.193939393939394, -5.571428571428571)","(3.193939393939394, -5.571428571428571)",(3.0353148718915546-2.709202459725507j),(-0.48720684093086475+0.06190898031199964j),(0.02109632927526313-0.03386453870930408j),(3.501425383547156-2.7372469013282026j)
"(3.2363636363636363, -5.571428571428571)","(3.2363636363636363, -5.571428571428571)",(3.1874806568213967+2.407168524956249j),(-0.45236859165855137-0.1226297579967593j),(0.04017674006042795-0.035503374064065826j),(3.5996725084195202+2.5653016570170744j)
"(3.278787878787879, -5.571428571428571)","(3.278787878787879, -5.571428571428571)",(-1.7256640432633734+3.8854325895072725j),(-0.3512257189980418-0.2715462837921503j),(0.06688750190385263-0.019292944201357153j),(-1.4413258261691841+4.17627181750078j)
"(3.3212121212121213, -5.571428571428571)","(3.3212121212121213, -5.571428571428571)",(-4.555443766736047-0.54098338439674j),(-0.20635401224792735-0.3624321258129659j),(0.08352750703756036+0.02037726992113671j),(-4.43261726152568-0.19892852850491075j)
"(3.3636363636363638, -5.571428571428571)","(3.3636363636363638, -5.571428571428571)",(-1.06096310011171-4.652668498957365j),(-0.04715782585644595-0.38532019172494j),(0.07079790911193516+0.07336451628539747j),(-1.0846031833671992-4.340712823517822j)
"(3.4060606060606062, -5.571428571428571)","(3.4060606060606062, -5.571428571428571)",(4.002258541283155-2.5466202945246788j),(0.09659172374427547-0.34429720416074544j),(0.020338739049082365+0.1153512888728897j),(3.8853280784897963-2.317674379236823j)
"(3.4484848484848487, -5.571428571428571)","(3.4484848484848487, -5.571428571428571)",(3.5400006395670545+2.9385163745294336j),(0.20126031153037938-0.25585209031934314j),(-0.055952074625995316+0.1186259903480533j),(3.3946924026626704+3.0757424745007236j)
"(3.4909090909090907, -5.571428571428571)","(3.4909090909090907, -5.571428571428571)",(-1.8292265473846636+4.129471844564607j),(0.2542680482518158-0.1442783255591168j),(-0.12634514025791152+0.0684110694816056j),(-1.957149455378568+4.205339100642118j)
"(3.533333333333333, -5.571428571428571)","(3.533333333333333, -5.571428571428571)",(-4.547413305268067-0.6749296878340997j),(0.25611099915520896-0.03525570603475201j),(-0.15246025243721786-0.023669092611688963j),(-4.651064051986059-0.6160048891876587j)
"(3.5757575757575757, -5.571428571428571)","(3.5757575757575757, -5.571428571428571)",(-0.7162374653243206-4.7322098963461805j),(0.2188939096859862+0.050692681478793494j),(-0.1109679444974298-0.11879984837208814j),(-0.824163430512877-4.664102729452886j)
"(3.618181818181818, -5.571428571428571)","(3.618181818181818, -5.571428571428571)",(4.373007777121827-2.2812515375435396j),(0.1617394479139952+0.10303776294522518j),(-0.012021571684745797-0.16765871365053625j),(4.223289900892578-2.2166305868382286j)
"(3.6606060606060606, -5.571428571428571)","(3.6606060606060606, -5.571428571428571)",(3.615719526905491+3.3463290436975113j),(0.10437962115917554+0.12294218768266311j),(0.0993064553282087-0.13855406349971283j),(3.412033450418107+3.361940919514561j)
"(3.703030303030303, -5.571428571428571)","(3.703030303030303, -5.571428571428571)",(-1.9402285500095713+4.361338669614165j),(0.060865512061503764+0.12125736188725084j),(0.16442616135765897-0.040603667492533954j),(-2.165520223428734+4.280684975219448j)
"(3.7454545454545456, -5.571428571428571)","(3.7454545454545456, -5.571428571428571)",(-4.549962279435337-0.5706395211420117j),(0.03541395809961598+0.11339216515729938j),(0.14608917576787878+0.07570371275189224j),(-4.731465413302832-0.7597353990512032j)
"(3.787878787878788, -5.571428571428571)","(3.787878787878788, -5.571428571428571)",(-0.6313239391008326-4.46476819668122j),(0.021847925374727798+0.11268681489609365j),(0.05470939292452574+0.14593708772876895j),(-0.7078812574000861-4.723392099306083j)
"(3.83030303030303, -5.571428571428571)","(3.83030303030303, -5.571428571428571)",(4.220622214501425-1.8314876242871199j),(0.006983550323807345+0.12455426070866846j),(-0.05453851410971407+0.13252860802708655j),(4.268177178287332-2.088570493022875j)
"(3.872727272727273, -5.571428571428571)","(3.872727272727273, -5.571428571428571)",(3.1114949999551533+3.6190789515194455j),(-0.023027785876787752+0.14357909160735133j),(-0.11634519612653171+0.05106838602366003j),(3.2508679819584727+3.424431473888434j)
"(3.915151515151515, -5.571428571428571)","(3.915151515151515, -5.571428571428571)",(-2.4614106285527853+4.2093905819166295j),(-0.075549116195184+0.15492048639945458j),(-0.09989556954277592-0.03951127627524705j),(-2.2859659428148253+4.093981371792422j)
"(3.957575757575758, -5.571428571428571)","(3.957575757575758, -5.571428571428571)",(-4.731379076579659-0.9068503577207345j),(-0.14618051358189083+0.13993997602482192j),(-0.03047845947724093-0.07932282482701551j),(-4.554720103520527-0.9674675089185409j)
"(4.0, -5.571428571428571)","(4.0, -5.571428571428571)",(-0.5960517810706039-4.576283162920554j),(-0.21767083006746749+0.0843917394823246j),(0.03099100135584638-0.05225801464551193j),(-0.40937195235898277-4.608416887757366j)
"(-0.2, -5.285714285714286)","(-0.2, -5.285714285714286)",(-4.564340899064661-3.3968206393012137j),(0.4400147205478516+0.31428329481431694j),(-0.6185520418150496+0.19823799012919804j),(-4.385803577797462-3.9093419242447287j)
"(-0.1575757575757576, -5.285714285714286)","(-0.1575757575757576, -5.285714285714286)",(-3.7971759020670555+1.8919632596162885j),(0.4488166904946779+0.30574939441573107j),(-0.609571236021178+0.23134517772142418j),(-3.636421356540555+1.3548686874791334j)
"(-0.11515151515151516, -5.285714285714286)","(-0.11515151515151516, -5.285714285714286)",(1.1480734754597774+2.565346694918971j),(0.4553613790476091+0.2993031396706534j),(-0.6018068765415858+0.25556391530940803j),(1.294518972953754+2.0104796399389095j)
"(0.1393939393939394, -5.285714285714286)","(0.1393939393939394, -5.285714285714286)",(-1.4643187873608468+2.9105928056422288j),(0.44994351056973714+0.3089710774906757j),(-0.6147284110302258+0.2204579315011823j),(-1.299533886900358+2.3811637966503705j)
"(0.18181818181818182, -5.285714285714286)","(0.18181818181818182, -5.285714285714286)",(-4.722430428931171-0.97975730287955j),(0.44130913428683044+0.31843551168088224j),(-0.6241787732324816+0.1837288296248174j),(-4.5395607899855195-1.4819216441852496j)
"(0.22424242424242424, -5.285714285714286)","(0.22424242424242424, -5.285714285714286)",(-1.6488926856565556-5.58766094127879j),(0.4301845729386966+0.3298006944223611j),(-0.6325393694932278+0.13769448068367074j),(-1.4465378891020244-6.055156116384821j)
"(0.26666666666666666, -5.285714285714286)","(0.26666666666666666, -5.285714285714286)",(4.107656035148688-4.315807204388046j),(0.4164071792374188+0.3428202792443166j),(-0.6376978829211338+0.08244351586135192j),(4.3289467388324026-4.741070999493715j)
"(0.30909090909090914, -5.285714285714286)","(0.30909090909090914, -5.285714285714286)",(5.133745622172589+1.3850855773282165j),(0.39980358282990314+0.357188913967669j),(-0.6371831735355532+0.01845694666619887j),(5.37112521287824+1.0094397166943487j)
"(0.3515151515151515, -5.285714285714286)","(0.3515151515151515, -5.285714285714286)",(0.5675800125959194+4.087193552798803j),(0.3802007218220878+0.3725390445568125j),(-0.628260183594109-0.053215075173133966j),(0.8156394743679406+3.767869583415125j)
"(0.393939393939394, -5.285714285714286)","(0.393939393939394, -5.285714285714286)",(-2.865586198064741+0.8070281900039452j),(0.35743898529308216+0.3884386341902586j),(-0.6080895750771955-0.13077621560512523j),(-2.6149356082806277+0.5493657714188118j)
"(0.43636363636363634, -5.285714285714286)","(0.43636363636363634, -5.285714285714286)",(-0.46532538131983475-2.969693575927218j),(0.33138741573198993+0.40439043865300844j),(-0.5739649236252996-0.2115317262514446j),(-0.22274787342652508-3.1625522883287815j)
"(0.4787878787878788, -5.285714285714286)","(0.4787878787878788, -5.285714285714286)",(3.836987221351074-1.2846793188269912j),(0.3019607953907284+0.4198335595205752j),(-0.5236327168661172-0.29179513006338664j),(4.058659142826463-1.4127177482841797j)
"(0.5212121212121212, -5.285714285714286)","(0.5212121212121212, -5.285714285714286)",(3.2308071513409393+3.684129768561874j),(0.269138273349882+0.4341480537283786j),(-0.4556874710403373-0.36689558872991246j),(3.4173563490313947+3.616877303563408j)
"(0.5636363636363637, -5.285714285714286)","(0.5636363636363637, -5.285714285714286)",(-2.0570678002916765+4.67729936377855j),(0.2329829801901618+0.44666339850548287j),(-0.37001561562740315-0.43133129232565215j),(-1.920035164854435+4.661967257598719j)
"(0.6060606060606062, -5.285714285714286)","(0.6060606060606062, -5.285714285714286)",(-4.838294039070355-0.2051760450453416j),(0.19366182797147954+0.45667157819807064j),(-0.26823825332909423-0.4791102651101855j),(-4.763717613712741-0.18273735813322672j)
"(0.6484848484848484, -5.285714285714286)","(0.6484848484848484, -5.285714285714286)",(-1.067593278903842-4.515654633800961j),(0.15146441339103536+0.46344545624612066j),(-0.15407717648895197-0.5043048333242974j),(-1.0649805158059253-4.474795256722784j)
"(0.6909090909090909, -5.285714285714286)","(0.6909090909090909, -5.285714285714286)",(4.265800673724275-2.3241480931863014j),(0.1068196468191689+0.4662629029115322j),(-0.03354562723854961-0.5018166508116123j),(4.192526654143656-2.288594345286221j)
"(0.7333333333333334, -5.285714285714286)","(0.7333333333333334, -5.285714285714286)",(3.9022088482022204+3.4381188420987145j),(0.06030844259792791+0.46443685002956253j),(0.08514736080571272-0.4683046547333853j),(3.7567530447985797+3.4419866468025373j)
"(0.7757575757575759, -5.285714285714286)","(0.7757575757575759, -5.285714285714286)",(-1.630858428886314+4.940685686848825j),(0.01267055855759053+0.45735102481460815j),(0.19208346157056475-0.4031713237494941j),(-1.8356124490144692+4.886505985783711j)
"(0.8181818181818183, -5.285714285714286)","(0.8181818181818183, -5.285714285714286)",(-4.754186119917221+0.27148268409826365j),(-0.03519649382567814+0.4445005698046834j),(0.27658151144223325-0.309441057329784j),(-4.995571137533776+0.13642317162336426j)
"(0.8606060606060608, -5.285714285714286)","(0.8606060606060608, -5.285714285714286)",(-1.366886987510954-3.9929862759786747j),(-0.08224858372742341+0.4255360911378724j),(0.32860282193993773-0.19431238448802715j),(-1.6132412257234683-4.22420998262852j)
"(0.9030303030303031, -5.285714285714286)","(0.9030303030303031, -5.285714285714286)",(3.547539094266294-2.0257925239145265j),(-0.1273181065159291+0.4003089143306729j),(0.34050944997417487-0.0691424436343588j),(3.334347750808048-2.3569589946108405j)
"(0.9454545454545455, -5.285714285714286)","(0.9454545454545455, -5.285714285714286)",(3.022029377528037+3.1751176201782414j),(-0.1691507179965897+0.3689145078709793j),(0.30894110638083144+0.05135044381024992j),(2.8822389891437954+2.754852668497012j)
"(0.987878787878788, -5.285714285714286)","(0.987878787878788, -5.285714285714286)",(-2.1294348325969157+4.139895427586414j),(-0.20645655344271804+0.3317302267528532j),(0.23644876155936417+0.1507838309594658j),(-2.159427040713562+3.6573813698740953j)
"(1.0303030303030305, -5.285714285714286)","(1.0303030303030305, -5.285714285714286)",(-4.578139745967365-0.5213185776742626j),(-0.2379758170860096+0.2894428233178611j),(0.13243373940043174+0.213653200170247j),(-4.472597668281788-1.0244146011623707j)
"(1.0727272727272728, -5.285714285714286)","(1.0727272727272728, -5.285714285714286)",(-0.8810025890194542-4.238646728961113j),(-0.2625572764226513+0.2430606897441333j),(0.012935580875362878+0.22842989894196836j),(-0.6313808934721657-4.710137317647215j)
"(1.1151515151515152, -5.285714285714286)","(1.1151515151515152, -5.285714285714286)",(3.702091284269026-1.8319216342549782j),(-0.2792465292395293+0.19390567436010034j),(-0.10106794815160172+0.19067044968179692j),(4.082405761660157-2.2164977582968755j)
"(1.1575757575757577, -5.285714285714286)","(1.1575757575757577, -5.285714285714286)",(2.7151505808624825+3.184173909257394j),(-0.28737900596842775+0.14357970265048656j),(-0.18691812824082352+0.1053855462554024j),(3.1894477150717337+2.9352086603515053j)
"(1.2000000000000002, -5.285714285714286)","(1.2000000000000002, -5.285714285714286)",(-2.3504543272019123+3.640019762831467j),(-0.2866706638502613+0.09390247806179466j),(-0.22476242420402193-0.012154822928062331j),(-1.839021239147629+3.558272107697735j)
"(1.2424242424242427, -5.285714285714286)","(1.2424242424242427, -5.285714285714286)",(-4.218350263057377-1.1001721365754888j),(-0.27729742924347806+0.046818354189037965j),(-0.20248801062946975-0.13785766937405736j),(-3.738564823184429-1.0091328213904693j)
"(1.284848484848485, -5.285714285714286)","(1.284848484848485, -5.285714285714286)",(-0.1909139048132671-4.2546504886493j),(-0.25995292549535914+0.004273118562928808j),(-0.11992694112206066-0.24275327546771583j),(0.1889659618041527-4.016170331744513j)
"(1.3272727272727274, -5.285714285714286)","(1.3272727272727274, -5.285714285714286)",(4.003022563823617-1.2846415424073854j),(-0.23587321873953732-0.03193512063156192j),(0.009010970985608041-0.2990760018180155j),(4.229884811577546-0.9536304199578081j)
"(1.3696969696969699, -5.285714285714286)","(1.3696969696969699, -5.285714285714286)",(2.3460060041527484+3.6173980520436704j),(-0.20681758758402644-0.06032265271304361j),(0.1574225006786538-0.28735043129911947j),(2.395401091058121+3.9650711360558333j)
"(1.4121212121212123, -5.285714285714286)","(1.4121212121212123, -5.285714285714286)",(-2.88042375995796+3.4436901973265273j),(-0.17499603041140346-0.07989174905197709j),(0.29021756032317164-0.20270907497091423j),(-2.9956452898697283+3.7262910213494185j)
"(1.4545454545454546, -5.285714285714286)","(1.4545454545454546, -5.285714285714286)",(-4.266355142850933-1.6638750469413572j),(-0.14293765373206233-0.09029005619184552j),(0.3721343097032033-0.05840060962986393j),(-4.495551798822074-1.5151843811196477j)
"(1.496969696969697, -5.285714285714286)","(1.496969696969697, -5.285714285714286)",(0.2353621428813033-4.539684445469576j),(-0.11329938407844486-0.09193718378512386j),(0.377283191853366+0.11521138207718758j),(-0.028621664893617837-4.56295864376164j)
"(1.5393939393939395, -5.285714285714286)","(1.5393939393939395, -5.285714285714286)",(4.350079213205429-1.0985110160481797j),(-0.08862154028357727-0.08609584817062955j),(0.29760375995039723+0.2768261797500476j),(4.14109699353861-1.2892413476275977j)
"(1.581818181818182, -5.285714285714286)","(1.581818181818182, -5.285714285714286)",(2.3036362908898647+3.8532810154334083j),(-0.07104531897639518-0.07486526541902j),(0.1473365279354152+0.3846601671030564j),(2.2273450819308445+3.543486113749372j)
"(1.6242424242424245, -5.285714285714286)","(1.6242424242424245, -5.285714285714286)",(-3.0062550208380827+3.3664375750099573j),(-0.062016450298525046-0.061077957256488055j),(-0.038701003702091175+0.4086043938741627j),(-2.9055375668374666+3.0189111383922826j)
"(1.6666666666666667, -5.285714285714286)","(1.6666666666666667, -5.285714285714286)",(-4.072648072521948-1.8276930294013878j),(-0.06200805723155911-0.048088319139948446j),(-0.21356389078725274+0.3403498504432041j),(-3.797076124503136-2.1199545607046435j)
"(1.7090909090909092, -5.285714285714286)","(1.7090909090909092, -5.285714285714286)",(0.6036014136923169-4.316674883312729j),(-0.07030263759766098-0.0394524068048756j),(-0.3315874429931896+0.19769916318673772j),(1.0054914942831674-4.474921639694591j)
"(1.7515151515151517, -5.285714285714286)","(1.7515151515151517, -5.285714285714286)",(4.339437021056772-0.4849282481945053j),(-0.08487638580491433-0.038513073372162504j),(-0.3628282935438406+0.020678816685902105j),(4.787141700405527-0.46709399150824493j)
"(1.7939393939393942, -5.285714285714286)","(1.7939393939393942, -5.285714285714286)",(1.6789709530566337+4.301644060524162j),(-0.1024270532019657-0.047921767178629275j),(-0.3035176417185539-0.14029455620599215j),(2.0849156479771533+4.489860383908783j)
"(1.8363636363636366, -5.285714285714286)","(1.8363636363636366, -5.285714285714286)",(-3.8409534356370925+3.1848741731813366j),(-0.1185777427795888-0.06914611180179668j),(-0.17819022624951908-0.24085251483683617j),(-3.544185466607985+3.4948727998199693j)
"(1.8787878787878791, -5.285714285714286)","(1.8787878787878791, -5.285714285714286)",(-4.5602741567962575-2.5091699842340036j),(-0.12827259832285526-0.10202818820810748j),(-0.031743415630294446-0.2580503707957832j),(-4.400258142843108-2.1490914252301128j)
"(1.9212121212121216, -5.285714285714286)","(1.9212121212121216, -5.285714285714286)",(0.580705624564333-5.045137418614036j),(-0.12635644222391032-0.14446898529004165j),(0.08652538938573986-0.19862560729801113j),(0.6205366774025034-4.702042826025983j)
"(1.9636363636363636, -5.285714285714286)","(1.9636363636363636, -5.285714285714286)",(4.532552503381972-1.0667209121884786j),(-0.10830056119749502-0.19231631812219896j),(0.14128476249109007-0.09621187856433258j),(4.4995683020883765-0.7781927155019472j)
"(2.006060606060606, -5.285714285714286)","(2.006060606060606, -5.285714285714286)",(1.989853224272111+3.739288566367097j),(-0.07100413677409845-0.2395235111968981j),(0.12462582682985913+0.0022431915391158044j),(1.9362315342163503+3.976568886024879j)
"(2.0484848484848484, -5.285714285714286)","(2.0484848484848484, -5.285714285714286)",(-3.2245164254171432+2.653156921135969j),(-0.013569945123649493-0.2786222370902806j),(0.0585996853754699+0.05592339622168453j),(-3.2695461656689635+2.875855762004565j)
"(2.090909090909091, -5.285714285714286)","(2.090909090909091, -5.285714285714286)",(-3.6058014790239517-2.6616884015111353j),(0.06207016059502225-0.30151484925939j),(-0.014966270909070212+0.04742642122887378j),(-3.6529053687099036-2.407599973480619j)
"(2.1333333333333333, -5.285714285714286)","(2.1333333333333333, -5.285714285714286)",(1.4457240208351585-4.570564492625818j),(0.15081333787822912-0.3005416421804829j),(-0.0535974644328371-0.009917694042400069j),(1.3485081473897664-4.260105156402935j)
"(2.175757575757576, -5.285714285714286)","(2.175757575757576, -5.285714285714286)",(4.809014671260506-0.27942357883249797j),(0.24444942380084422-0.2697219812765898j),(-0.03401717466757396-0.07856388533364655j),(4.598582422127236+0.0688622877777384j)
"(2.2181818181818183, -5.285714285714286)","(2.2181818181818183, -5.285714285714286)",(1.7296513691822137+4.206779427169318j),(0.33221657917865355-0.2060134062475694j),(0.036506232964823915-0.11476446725754427j),(1.3609285570387364+4.527557300674431j)
"(2.2606060606060607, -5.285714285714286)","(2.2606060606060607, -5.285714285714286)",(-3.4265861827050177+2.564650463809042j),(0.40187470371963313-0.11039019251237046j),(0.12310663858542151-0.09005416126533303j),(-3.951567525010072+2.765094817586746j)
"(2.303030303030303, -5.285714285714286)","(2.303030303030303, -5.285714285714286)",(-3.295882106106774-2.8825234604128305j),(0.4412407850655116+0.011476011808208265j),(0.17976417213614806-0.005976037070332082j),(-3.9168870633084336-2.8880234351507066j)
"(2.3454545454545452, -5.285714285714286)","(2.3454545454545452, -5.285714285714286)",(2.0895285568108113-4.3680962004468j),(0.4400370144972407+0.14913554033003745j),(0.1717343512599254+0.1054237584417105j),(1.4777571910536451-4.622655499218548j)
"(2.3878787878787877, -5.285714285714286)","(2.3878787878787877, -5.285714285714286)",(5.273299708267217+0.42251674831127956j),(0.3918120225076087+0.28802584193756725j),(0.0931005199555721+0.1960553370728434j),(4.7883871658040364-0.061564430699131104j)
"(2.43030303030303, -5.285714285714286)","(2.43030303030303, -5.285714285714286)",(1.775326847645242+5.073646135068754j),(0.2956263172391596+0.41093043296426496j),(-0.029369803929164585+0.2244177353676482j),(1.509070334335247+4.43829796673684j)
"(2.4727272727272727, -5.285714285714286)","(2.4727272727272727, -5.285714285714286)",(-3.6757140890055062+3.378263567735897j),(0.15716438332374166+0.5001483734259763j),(-0.1481801189498502+0.17530465931110092j),(-3.6846983533793978+2.70281053499882j)
"(2.515151515151515, -5.285714285714286)","(2.515151515151515, -5.285714285714286)",(-3.79286414207796-2.0654584596673997j),(-0.011035469721391307+0.5401432377175914j),(-0.21697743988606172+0.06682630621250299j),(-3.564851232470507-2.672428003597494j)
"(2.5575757575757576, -5.285714285714286)","(2.5575757575757576, -5.285714285714286)",(1.126711066989195-3.625152162177769j),(-0.19044728286582355+0.5203019753385507j),(-0.21141290073182323-0.05852875041386044j),(1.5285712505868418-4.086925387102459j)
"(2.6, -5.285714285714286)","(2.6, -5.285714285714286)",(3.796244128407308+0.6223572216499691j),(-0.35857419202535695+0.43733539607138633j),(-0.1387925940858449-0.15387782545395984j),(4.29361091451851+0.3388996510325426j)
"(2.6424242424242426, -5.285714285714286)","(2.6424242424242426, -5.285714285714286)",(0.32081125791277+4.315167463431064j),(-0.49196396864235653+0.29682378270095494j),(-0.03241733093336836-0.18863753563658012j),(0.8451925574884949+4.206981216366689j)
"(2.684848484848485, -5.285714285714286)","(2.684848484848485, -5.285714285714286)",(-4.335000454806593+1.9348185715204036j),(-0.5698501072253614+0.11347652988216136j),(0.06548255029822359-0.15985054295336806j),(-3.8306328978794553+1.9811925845916103j)
"(2.727272727272727, -5.285714285714286)","(2.727272727272727, -5.285714285714286)",(-3.4650341281825368-3.3374631169547415j),(-0.57785227420028-0.09015788670597158j),(0.12287706031452264-0.08962857396245855j),(-3.0100589142967795-3.1576766562863114j)
"(2.7696969696969695, -5.285714285714286)","(2.7696969696969695, -5.285714285714286)",(1.8131538862601733-4.144270913005237j),(-0.5110539799746957-0.2865384506164869j),(0.12974579515475373-0.01163732773552783j),(2.1944620710801153-3.8460951346532224j)
"(2.812121212121212, -5.285714285714286)","(2.812121212121212, -5.285714285714286)",(4.109688863912162+0.583400184310316j),(-0.37577926898666236-0.4472314284813335j),(0.09804108074050262+0.04538637548584492j),(4.387427052158321+0.9852452373058047j)
"(2.8545454545454545, -5.285714285714286)","(2.8545454545454545, -5.285714285714286)",(0.23789760705881136+4.063055276630534j),(-0.1895395028268682-0.5476544647931693j),(0.051781944963683775+0.06887190651634709j),(0.3756551649219958+4.541837834907356j)
"(2.896969696969697, -5.285714285714286)","(2.896969696969697, -5.285714285714286)",(-4.221487440441989+1.243133600478333j),(0.02108688118568876-0.5716245966743382j),(0.01363950210195189+0.0641574284970503j),(-4.25621382372963+1.7506007686556209j)
"(2.9393939393939394, -5.285714285714286)","(2.9393939393939394, -5.285714285714286)",(-2.762741495148689-4.004442788624177j),(0.22448207873657774-0.5147815439465131j),(-0.005236505211098479+0.047716521726920216j),(-2.9819870686741683-3.5373777664045836j)
"(2.981818181818182, -5.285714285714286)","(2.981818181818182, -5.285714285714286)",(2.837805563822763-4.273181326148634j),(0.3893346978113203-0.3860616402040961j),(-0.00820076771330752+0.03639642455443891j),(2.45667163372475-3.9235161104989773j)
"(3.0242424242424244, -5.285714285714286)","(3.0242424242424244, -5.285714285714286)",(4.9503718082174615+0.9687406173180445j),(0.4903468727020435-0.20670661281739164j),(-0.008659435064265078+0.037945674574415326j),(4.468684370579683+1.1375015555610208j)
"(3.066666666666667, -5.285714285714286)","(3.066666666666667, -5.285714285714286)",(0.7612995995877762+4.608162046614448j),(0.5131415474036705-0.006768831798805157j),(-0.020748896551725873+0.04683602227054004j),(0.26890694873583154+4.5680948561427135j)
"(3.109090909090909, -5.285714285714286)","(3.109090909090909, -5.285714285714286)",(-3.8241875166123145+1.8388540686107957j),(0.45724691160115755+0.18036621855195495j),(-0.0492994595788557+0.04731112509702873j),(-4.232134968634616+1.611176724961812j)
"(3.1515151515151514, -5.285714285714286)","(3.1515151515151514, -5.285714285714286)",(-2.5084521469832404-3.1733177172308187j),(0.33634846282185665+0.3244042448754914j),(-0.08393926118992102+0.023077146226896626j),(-2.760861348615176-3.5207991083332066j)
"(3.193939393939394, -5.285714285714286)","(3.193939393939394, -5.285714285714286)",(2.599974250406596-3.251943212372353j),(0.1755544574294959+0.40414453843381676j),(-0.10163220191343789-0.030147540878014016j),(2.5260519948905378-3.6259402099281557j)
"(3.2363636363636363, -5.285714285714286)","(3.2363636363636363, -5.285714285714286)",(4.081015132979059+1.6687175957779707j),(0.006112647248725489+0.41165768735962127j),(-0.07888137756266811-0.0961349931370092j),(4.153783863293001+1.3531949015553586j)
"(3.278787878787879, -5.285714285714286)","(3.278787878787879, -5.285714285714286)",(-0.25668992358739806+4.538594845909813j),(-0.1413167165812484+0.3535562026714497j),(-0.008995550458706212-0.14110062572460802j),(-0.10637765654744347+4.326139268962971j)
"(3.3212121212121213, -5.285714285714286)","(3.3212121212121213, -5.285714285714286)",(-4.307773949809506+1.2376277373070614j),(-0.24326875263519215+0.2489175484923726j),(0.08602735374171809-0.1306412710781219j),(-4.150532550916032+1.1193514598928107j)
"(3.3636363636363638, -5.285714285714286)","(3.3636363636363638, -5.285714285714286)",(-2.368274008221928-3.5817700414393805j),(-0.28830828702606215+0.12425239963031053j),(0.1600414462057799-0.05361904129974013j),(-2.2400071674016457-3.652403399769951j)
"(3.4060606060606062, -5.285714285714286)","(3.4060606060606062, -5.285714285714286)",(2.7583992696380415-3.112065226130602j),(-0.2787890375801811+0.006727792091647972j),(0.16649298259500286+0.062480519312848884j),(2.87069532462322-3.181273537535099j)
"(3.4484848484848487, -5.285714285714286)","(3.4484848484848487, -5.285714285714286)",(3.7379944055604666+1.934154240636008j),(-0.22899292964570417-0.08258284286303275j),(0.08992091896880615+0.15936317661427973j),(3.8770664162373647+1.857373906884761j)
"(3.4909090909090907, -5.285714285714286)","(3.4909090909090907, -5.285714285714286)",(-0.8758278454441228+4.317238782098735j),(-0.1600971896155536-0.13354352584953277j),(-0.03639830316669677+0.18012429399675653j),(-0.6793323526618724+4.270658013951511j)
"(3.533333333333333, -5.285714285714286)","(3.533333333333333, -5.285714285714286)",(-4.556618036894797+0.5394132714290201j),(-0.0933761890795819-0.1484551781545016j),(-0.14388496344162804+0.10789596847598598j),(-4.319356884373587+0.5799724811075356j)
"(3.5757575757575757, -5.285714285714286)","(3.5757575757575757, -5.285714285714286)",(-2.0356510492266167-4.158678969078819j),(-0.043670163148920534-0.1396974968499968j),(-0.17020381487583006-0.01707676898748523j),(-1.8217770712018662-4.001904703241337j)
"(3.618181818181818, -5.285714285714286)","(3.618181818181818, -5.285714285714286)",(3.2084932785470577-3.181300873589472j),(-0.015201985626220917-0.12418003002036831j),(-0.10265439621560289-0.11936258046563288j),(3.3263496603888814-2.937758263103471j)
"(3.6606060606060606, -5.285714285714286)","(3.6606060606060606, -5.285714285714286)",(3.8289720099533673+2.080374549062254j),(-0.001204275853926319-0.11635523453474761j),(0.009882418376715794-0.13887288714240711j),(3.820293867430578+2.3356026707394086j)
"(3.703030303030303, -5.285714285714286)","(3.703030303030303, -5.285714285714286)",(-1.0056898357207316+4.179129511306642j),(0.012351568662980858-0.12216590451055367j),(0.09023505353499778-0.07439778894132312j),(-1.10827645791871+4.375693204758519j)
"(3.7454545454545456, -5.285714285714286)","(3.7454545454545456, -5.285714285714286)",(-4.4075158757934485+0.1256698253792895j),(0.040033407077278496-0.13617965272451252j),(0.09022488336205273+0.015400730239335737j),(-4.537774166232779+0.2464487478644663j)
"(3.787878787878788, -5.285714285714286)","(3.787878787878788, -5.285714285714286)",(-1.4825326231686329-4.363512642573833j),(0.08952058457314857-0.14324349812961085j),(0.027634967626127837+0.05858230583743752j),(-1.5996881753679093-4.27885145028166j)
"(3.83030303030303, -5.285714285714286)","(3.83030303030303, -5.285714285714286)",(3.7421082565998502-2.9129453031966346j),(0.15626685944948-0.12448302433778043j),(-0.029845629657228295+0.02932692919942357j),(3.6156870268075987-2.8177892080582776j)
"(3.872727272727273, -5.285714285714286)","(3.872727272727273, -5.285714285714286)",(3.977027432992724+2.513303828997957j),(0.22261200104472292-0.06582826053416783j),(-0.024323774829515886-0.02991384774201944j),(3.7787392067775167+2.609045937274144j)
"(3.915151515151515, -5.285714285714286)","(3.915151515151515, -5.285714285714286)",(-1.056445107022235+4.374719612678929j),(0.26233278520423475+0.03395020081717289j),(0.038088045327095754-0.04639273171911602j),(-1.3568659375535654+4.387162143580872j)
"(3.957575757575758, -5.285714285714286)","(3.957575757575758, -5.285714285714286)",(-4.247203796784187+0.19026517937439474j),(0.24969150358328482+0.15895771065312603j),(0.08852217533156957+0.013631307737191458j),(-4.585417475699042+0.01767616098407726j)
"(4.0, -5.285714285714286)","(4.0, -5.285714285714286)",(-1.1537624962299742-3.975778668715433j),(0.1701750556693204+0.27796361513014106j),(0.05709464943539501+0.10547861754262167j),(-1.3810322013346896-4.359220901388196j)
"(-0.2, -5.0)","(-0.2, -5.0)",(-2.927719370847918-0.7850238740258808j),(-0.051001426144750936-0.5462908285710842j),(0.572013120286519+0.3556862464320025j),(-3.448731064989686-0.594419291886799j)
"(-0.1575757575757576, -5.0)","(-0.1575757575757576, -5.0)",(-0.27955758354353466+3.881581559504206j),(-0.06380138921569752-0.5474850424587j),(0.5940725055477902+0.3238930341365905j),(-0.8098286998756273+4.1051735678263155j)
"(-0.11515151515151516, -5.0)","(-0.11515151515151516, -5.0)",(5.412408703046334+2.353544252665729j),(-0.07340017508341157-0.5482994035449668j),(0.6092495680101+0.29953115446559014j),(4.876559310119646+2.602312501745106j)
"(0.1393939393939394, -5.0)","(0.1393939393939394, -5.0)",(2.1430891857104313+4.404378496113492j),(-0.06193257334604601-0.5506263951776007j),(0.5884700426032923+0.3367388369115616j),(1.6165517164531849+4.618266054379531j)
"(0.18181818181818182, -5.0)","(0.18181818181818182, -5.0)",(-2.783551332688275+1.8557897682337194j),(-0.04847902574732274-0.5502052938402019j),(0.5634890216106+0.3716497942048782j),(-3.298561328551552+2.034345267869043j)
"(0.22424242424242424, -5.0)","(0.22424242424242424, -5.0)",(-1.591692082624684-3.2551344920675245j),(-0.031814406840036356-0.549076872452328j),(0.5293991134331794+0.41210084992248963j),(-2.089276789217827-3.1181584695376863j)
"(0.26666666666666666, -5.0)","(0.26666666666666666, -5.0)",(3.7237220724899194-3.2349452088924817j),(-0.012029847009041712-0.5469323959092393j),(0.48466381635732075+0.4559710412650863j),(3.2510881031416403-3.143983854248329j)
"(0.30909090909090914, -5.0)","(0.30909090909090914, -5.0)",(5.247139080779838+2.273542213390777j),(0.010740952174843891-0.543413205059003j),(0.42789273028964453+0.5004699005903482j),(4.808505398315349+2.316485517859432j)
"(0.3515151515151515, -5.0)","(0.3515151515151515, -5.0)",(0.2753246258077875+5.769418599017995j),(0.036310941549719325-0.538118055368455j),(0.3581125326161893+0.5421008976519085j),(-0.11909884835812112+5.765435756734542j)
"(0.393939393939394, -5.0)","(0.393939393939394, -5.0)",(-4.831080984072063+2.3948696259350366j),(0.0644282631219703-0.5306130175557112j),(0.2750905055362577+0.5767030122747696j),(-5.170599752730291+2.348779631215978j)
"(0.43636363636363634, -5.0)","(0.43636363636363634, -5.0)",(-3.5299327555485753-3.2765959862371057j),(0.09476473245078756-0.5204443709772347j),(0.17968939182544857+0.5996073995049095j),(-3.8043868798248117-3.3557590147647804j)
"(0.4787878787878788, -5.0)","(0.4787878787878788, -5.0)",(1.8053567139646753-3.705790451725706j),(0.1269050636918484-0.5071548611305756j),(0.07421354999690391+0.6059433803302015j),(1.604238100275923-3.804578970925332j)
"(0.5212121212121212, -5.0)","(0.5212121212121212, -5.0)",(3.376565213685289+1.0415941593509017j),(0.16033781679228812-0.49030357426732j),(-0.037315002782913484+0.5911162963743034j),(3.253542399675914+0.9407814372439183j)
"(0.5636363636363637, -5.0)","(0.5636363636363637, -5.0)",(-0.9367105782638272+3.539875486871748j),(0.1944492234056283-0.46948949379209504j),(-0.14903211773335434+0.5514561605669837j),(-0.9821276839361012+3.4579088200968595j)
"(0.6060606060606062, -5.0)","(0.6060606060606062, -5.0)",(-4.584459766741899-0.3112294969416587j),(0.22852120279705804-0.4443785357611515j),(-0.2533526011565348+0.4849989850389317j),(-4.559628368382422-0.3518499462194389j)
"(0.6484848484848484, -5.0)","(0.6484848484848484, -5.0)",(-1.7202725223279316-5.309325174489209j),(0.2617349862528456-0.4147335092339377j),(-0.3414277500824662+0.3923135698890892j),(-1.640579758498311-5.286905235144361j)
"(0.6909090909090909, -5.0)","(0.6909090909090909, -5.0)",(4.3088800352857515-4.20776317127603j),(0.2931817973422931-0.38044601279618045j),(-0.4040026864219516+0.27723134630996576j),(4.41970092436541-4.104548504789815j)
"(0.7333333333333334, -5.0)","(0.7333333333333334, -5.0)",(5.431389941062319+1.9690396768598886j),(0.32188195004807035-0.3415687719771733j),(-0.43267779318267324+0.14728729761250192j),(5.5421857841969215+2.16332115122456j)
"(0.7757575757575759, -5.0)","(0.7757575757575759, -5.0)",(0.10049347237456871+5.131671475799976j),(0.34681348891501423-0.29834636676506593j),(-0.42148624211156605+0.013653487852622081j),(0.17516622557112052+5.41636435471242j)
"(0.8181818181818183, -5.0)","(0.8181818181818183, -5.0)",(-4.467633869026507+1.268765612682032j),(0.3669510676127361-0.2512417326670489j),(-0.36858171535767764-0.10963563490649489j),(-4.466003221281565+1.6296429802555759j)
"(0.8606060606060608, -5.0)","(0.8606060606060608, -5.0)",(-2.25530638809428-4.047082805163308j),(0.38131511354146436-0.20095529916713847j),(-0.27770762948411554-0.2072855596673922j),(-2.3589138721516285-3.6388419463287778j)
"(0.9030303030303031, -5.0)","(0.9030303030303031, -5.0)",(3.3173304711613487-3.4770057480285153j),(0.3890304383219224-0.14843323095329977j),(-0.15902608357278294-0.2651354201622699j),(3.087326116412209-3.0634370969129456j)
"(0.9454545454545455, -5.0)","(0.9454545454545455, -5.0)",(4.347824905051927+1.9291776127951532j),(0.38939233066011697-0.09486105206811037j),(-0.028866188496071737-0.27308541942253456j),(3.9872987628878813+2.297124084285798j)
"(0.987878787878788, -5.0)","(0.987878787878788, -5.0)",(-0.45781991529273014+4.426107119970956j),(0.381936843336028-0.04163906600599047j),(0.09194779498337532-0.22804871249280645j),(-0.9317045536121334+4.695794898469753j)
"(1.0303030303030305, -5.0)","(1.0303030303030305, -5.0)",(-4.144423568606783+0.5835738060053257j),(0.36651053402811584+0.009663455308655393j),(0.18127986629487874-0.1362025558744958j),(-4.692213968929777+0.7101129065711661j)
"(1.0727272727272728, -5.0)","(1.0727272727272728, -5.0)",(-1.486642057090839-3.9615025471537746j),(0.3433334619807436+0.05737725390021153j),(0.22008187591957645-0.013721831103376858j),(-2.050057394991159-4.005157969950609j)
"(1.1151515151515152, -5.0)","(1.1151515151515152, -5.0)",(3.611106630067209-2.631865376456476j),(0.3130479523882155+0.09982549331909664j),(0.19725215577625668+0.11469931933440312j),(3.100806521902737-2.8463901891099757j)
"(1.1575757575757577, -5.0)","(1.1575757575757577, -5.0)",(3.741122258795144+2.6919922246317194j),(0.2767447406815946+0.13543753631873606j),(0.11378231644844833+0.21983780893051044j),(3.350595201665101+2.3367168793824726j)
"(1.2000000000000002, -5.0)","(1.2000000000000002, -5.0)",(-1.3980039178361963+4.3503133458084635j),(0.23595786158626428+0.16287915801575428j),(-0.015178750073967195+0.27409405439299317j),(-1.6187830293484933+3.913340133399716j)
"(1.2424242424242427, -5.0)","(1.2424242424242427, -5.0)",(-4.50701742656863-0.15050978511256996j),(0.19262033211105498+0.18119096186198905j),(-0.1615378122339819+0.2586714952737142j),(-4.538099946445703-0.5903722422482732j)
"(1.284848484848485, -5.0)","(1.284848484848485, -5.0)",(-1.0544539325701718-4.487291676680624j),(0.1489745555682686+0.18992332192501515j),(-0.2892947765439748+0.1699553103683185j),(-0.9141337115944658-4.847170308973958j)
"(1.3272727272727274, -5.0)","(1.3272727272727274, -5.0)",(4.18605576024013-2.42182785601973j),(0.10743464256337458+0.18925298930818327j),(-0.3628862542503502+0.022954449118945425j),(4.441507371927106-2.634035294446859j)
"(1.3696969696969699, -5.0)","(1.3696969696969699, -5.0)",(3.7741405395250003+3.295637769902159j),(0.07040257858228538+0.1800641016174559j),(-0.35707030134646084-0.14998841469212515j),(4.060808262289176+3.265562082976828j)
"(1.4121212121212123, -5.0)","(1.4121212121212123, -5.0)",(-1.8751586535555382+4.673593825356894j),(0.04004625272469346+0.16397534497879312j),(-0.26557091925724574-0.3059165280681706j),(-1.649633987022986+4.815535008446272j)
"(1.4545454545454546, -5.0)","(1.4545454545454546, -5.0)",(-4.96146962811439-0.30224613128113j),(0.018054435964267694+0.14329609501471838j),(-0.10539179805800515-0.40241118004031984j),(-4.874132266020652-0.04313104625552852j)
"(1.496969696969697, -5.0)","(1.496969696969697, -5.0)",(-1.197966707643446-4.773558003043171j),(0.005391203736002857+0.12089810427092829j),(0.08553166038432437-0.4103594863885855j),(-1.2888895717637732-4.484096620925514j)
"(1.5393939393939395, -5.0)","(1.5393939393939395, -5.0)",(4.1609005990268955-2.5817979180329904j),(0.0020790726567086943+0.09999612416427993j),(0.2578085635938569-0.3242722129647177j),(3.90101296277633-2.3575218292325526j)
"(1.581818181818182, -5.0)","(1.581818181818182, -5.0)",(3.6753403561161817+3.109223041203179j),(0.007045028256200792+0.08384083699686296j),(0.3651247435652209-0.16609722550513048j),(3.30317058429476+3.1914794297114466j)
"(1.6242424242424245, -5.0)","(1.6242424242424245, -5.0)",(-1.8476745101041248+4.272783445107765j),(0.01806525046629368+0.07534023817773128j),(0.37941576103965413+0.019893782319490023j),(-2.2451555216100725+4.177549424610544j)
"(1.6666666666666667, -5.0)","(1.6666666666666667, -5.0)",(-4.510424563460474-0.6890371468241521j),(0.03184128868083559+0.07664015745988542j),(0.3011741333095023+0.1805675725187297j),(-4.843439985450813-0.9462448768027673j)
"(1.7090909090909092, -5.0)","(1.7090909090909092, -5.0)",(-0.4536071024708612-4.6935243533237045j),(0.04423154120567818+0.0887092766564818j),(0.16034447679016403+0.271747238173243j),(-0.6581831204667035-5.053980868153429j)
"(1.7515151515151517, -5.0)","(1.7515151515151517, -5.0)",(4.684185628369895-1.9386375900092774j),(0.05064655459656865+0.11098648495750743j),(0.00634687906921887+0.27397545431835424j),(4.627192194704108-2.323599529285139j)
"(1.7939393939393942, -5.0)","(1.7939393939393942, -5.0)",(3.654578875302799+3.9177607847389413j),(0.046595162174178854+0.1411559310554241j),(-0.10992631931070548+0.19971680520136456j),(3.7179100324393257+3.576888048482153j)
"(1.8363636363636366, -5.0)","(1.8363636363636366, -5.0)",(-2.242396974231776+4.847393714142305j),(0.028342292400597817+0.1751147537417613j),(-0.15549338709803004+0.08825983338719226j),(-2.115245879534344+4.5840191270133515j)
"(1.8787878787878791, -5.0)","(1.8787878787878791, -5.0)",(-4.978557258857426-0.3460139078609734j),(-0.006388777481102052+0.20718760929927865j),(-0.12798432445943062-0.010515401667190052j),(-4.844184156916893-0.542686115493062j)
"(1.9212121212121216, -5.0)","(1.9212121212121216, -5.0)",(-1.0036688569864183-4.419515982389873j),(-0.05776269713542159+0.23061913511324278j),(-0.05569163770607394-0.05724052735320914j),(-0.8902145221449227-4.592894590149907j)
"(1.9636363636363636, -5.0)","(1.9636363636363636, -5.0)",(3.8965435207512558-1.8650993779499057j),(-0.12333804190766459+0.23834040100444326j),(0.0158118038334614-0.039924286274729354j),(4.004069758825459-2.0635154926796195j)
"(2.006060606060606, -5.0)","(2.006060606060606, -5.0)",(2.8254271517685443+3.469522992627747j),(-0.19784926206523912+0.22396045537217005j),(0.045067223150448435+0.021355423327545076j),(2.978209190683335+3.224207113928032j)
"(2.0484848484848484, -5.0)","(2.0484848484848484, -5.0)",(-2.574641602618029+3.9506930599435357j),(-0.27336753247180634+0.18288415434293098j),(0.014469895787841924+0.08468628701742315j),(-2.3157439659340646+3.6831226185831816j)
"(2.090909090909091, -5.0)","(2.090909090909091, -5.0)",(-4.597346175295775-1.0509704943504254j),(-0.33990848662338774+0.11341006033635684j),(-0.061173484793772666+0.10716883599020272j),(-4.196264203878615-1.271549390676985j)
"(2.1333333333333333, -5.0)","(2.1333333333333333, -5.0)",(-0.4523529918735966-4.3848205825587865j),(-0.3864978480715819+0.017626830327990534j),(-0.14183161626115903+0.06655654244563732j),(0.07597647245914435-4.469003955332414j)
"(2.175757575757576, -5.0)","(2.175757575757576, -5.0)",(3.822241967341979-1.3585923276644776j),(-0.40263089143502795-0.09808651023321331j),(-0.18206274852139906-0.027014061613042623j),(4.406935607298406-1.2334917558182217j)
"(2.2181818181818183, -5.0)","(2.2181818181818183, -5.0)",(2.007526586419238+3.568352012411468j),(-0.37997723980733594-0.22313247375961204j),(-0.153803714683198-0.1352856424438939j),(2.541307540909772+3.9267701286149737j)
"(2.2606060606060607, -5.0)","(2.2606060606060607, -5.0)",(-3.3875013156933127+3.1224767883365248j),(-0.31410219589844096-0.34345934856921645j),(-0.060698861873419566-0.21018252185218128j),(-3.0127002579214524+3.6761186587579227j)
"(2.303030303030303, -5.0)","(2.303030303030303, -5.0)",(-4.60679206596169-2.4022258256314557j),(-0.20591647626852005-0.44304462140046696j),(0.0632529777184503-0.2169380713182804j),(-4.4641285674116205-1.7422431329127084j)
"(2.3454545454545452, -5.0)","(2.3454545454545452, -5.0)",(0.37919519079210967-5.440983178109599j),(-0.06254561962125038-0.5060014904312947j),(0.16982872361803664-0.1503650295572785j),(0.2719120867953234-4.784616658121026j)
"(2.3878787878787877, -5.0)","(2.3878787878787877, -5.0)",(4.924295009543137-1.7616173222155742j),(0.10265650951172253-0.519076100699652j),(0.2189685057859185-0.03637799627755608j),(4.602669994245495-1.206163225238366j)
"(2.43030303030303, -5.0)","(2.43030303030303, -5.0)",(2.9816255298377725+3.5760986769962906j),(0.27113073621119343-0.4741775707653366j),(0.1960392262798075+0.08119597065451137j),(2.5144555673467717+3.969080277107116j)
"(2.4727272727272727, -5.0)","(2.4727272727272727, -5.0)",(-2.4564288934491114+3.3168116444803872j),(0.4211988589928563-0.37049680368905286j),(0.11596607884899822+0.16096107815918692j),(-2.993593831290966+3.526347370010253j)
"(2.515151515151515, -5.0)","(2.515151515151515, -5.0)",(-3.6334546094726248-1.842330066170267j),(0.5310438240905606-0.21575189305753628j),(0.013613669912055724+0.18097342247091439j),(-4.178112103475241-1.8075515955836452j)
"(2.5575757575757576, -5.0)","(2.5575757575757576, -5.0)",(1.041519740623258-4.339895597865933j),(0.5822067219716567-0.026168984401988445j),(-0.07327128497752525+0.14489897981747898j),(0.5325843036291265-4.458625593281424j)
"(2.6, -5.0)","(2.6, -5.0)",(4.830980147221362-0.48334781244024316j),(0.5630460392447242+0.1750251239570746j),(-0.11959164715515269+0.0762301095973873j),(4.38752575513179-0.734603045994705j)
"(2.6424242424242426, -5.0)","(2.6424242424242426, -5.0)",(2.271779410597179+4.360507729341626j),(0.4715034029148646+0.3605714791143474j),(-0.12035228020988385+0.005317911067723773j),(1.920628287892198+3.9946183391595556j)
"(2.684848484848485, -5.0)","(2.684848484848485, -5.0)",(-3.081552757228023+3.4231341598877636j),(0.3165357458922829+0.5032827066047522j),(-0.08856290695335899-0.04386468674348832j),(-3.3095255961669467+2.9637161400264995j)
"(2.727272727272727, -5.0)","(2.727272727272727, -5.0)",(-3.730212988302516-1.8451347715663808j),(0.11772997381080305+0.5806655894203333j),(-0.04643573268796652-0.06195680921780261j),(-3.8015072294253525-2.3638435517689116j)
"(2.7696969696969695, -5.0)","(2.7696969696969695, -5.0)",(1.09034114883735-3.842445805924227j),(-0.0970911550816265+0.5792318403438417j),(-0.014380955801379304-0.055384582573811195j),(1.2018132597203557-4.366293063694258j)
"(2.812121212121212, -5.0)","(2.812121212121212, -5.0)",(4.292918535166197+0.34873585691458575j),(-0.29607205475914633+0.4975946805121805j),(-0.001891390848082106-0.04097535485899014j),(4.590881980773426-0.1078834687386046j)
"(2.8545454545454545, -5.0)","(2.8545454545454545, -5.0)",(1.01412957612732+4.734633995232918j),(-0.4487177963629732+0.34756667876706215j),(-0.00354440084698222-0.03602350162324127j),(1.4663917733372753+4.423090818089097j)
"(2.896969696969697, -5.0)","(2.896969696969697, -5.0)",(-4.377185222887594+2.8546090489829568j),(-0.531508094881296+0.15279240968184235j),(-0.0024662813351832057-0.047368399909616325j),(-3.843210846671114+2.749185039210731j)
"(2.9393939393939394, -5.0)","(2.9393939393939394, -5.0)",(-4.334750270923197-2.9977557187057324j),(-0.5325761017198982-0.055069763197948034j),(0.01859164731546637-0.06492136997204148j),(-3.8207658165187652-2.877764585535743j)
"(2.981818181818182, -5.0)","(2.981818181818182, -5.0)",(1.2128908243926753-4.863179225048836j),(-0.4543540291577298-0.24204678569707555j),(0.06288785874019279-0.06529375181443207j),(1.6043569948102123-4.555838687537329j)
"(3.0242424242424244, -5.0)","(3.0242424242424244, -5.0)",(4.658880365337069-0.25981483283603457j),(-0.31341933159974483-0.3783562567873806j),(0.11108781529272534-0.026956012202084934j),(4.861211881644088+0.14549743615343097j)
"(3.066666666666667, -5.0)","(3.066666666666667, -5.0)",(1.3375796012344108+4.2984739686504385j),(-0.13734476191114514-0.4443282421793822j),(0.12758845727234625+0.050078420228125385j),(1.3473359058732097+4.692723790601695j)
"(3.109090909090909, -5.0)","(3.109090909090909, -5.0)",(-3.9393872925626683+2.415390244815547j),(0.04094465532411445-0.4343431284238412j),(0.08290037770112896+0.1342218746807261j),(-4.0632323255879115+2.715511498558662j)
"(3.1515151515151514, -5.0)","(3.1515151515151514, -5.0)",(-3.645742602173801-3.2238686595619703j),(0.19013955241139333-0.35773243670431387j),(-0.019988882066168757+0.17420715127572636j),(-3.8158932725190255-3.040343374133383j)
"(3.193939393939394, -5.0)","(3.193939393939394, -5.0)",(1.886675662253836-4.644533303304881j),(0.2872266539573464-0.23625803173254453j),(-0.13572677801307806+0.13136000692268143j),(1.7351757863095678-4.539635278495018j)
"(3.2363636363636363, -5.0)","(3.2363636363636363, -5.0)",(4.949025077553037+0.19930851075716655j),(0.3222036914142037-0.0986392845828075j),(-0.1971302688238141+0.012611318870452193j),(4.823951654962647+0.28533647646952187j)
"(3.278787878787879, -5.0)","(3.278787878787879, -5.0)",(1.304720459496252+4.559660912191827j),(0.29953943849293757+0.02657672321613977j),(-0.15878098910248575-0.1226576880671025j),(1.1639620101058001+4.655741877042789j)
"(3.3212121212121213, -5.0)","(3.3212121212121213, -5.0)",(-3.8664738082531+2.4002770122647727j),(0.23588643746551763+0.1179534583455401j),(-0.03447256877405945-0.19473184896146123j),(-4.067887676944558+2.4770554028806937j)
"(3.3636363636363638, -5.0)","(3.3636363636363638, -5.0)",(-3.28287087987699-3.122269911772829j),(0.15458128902724913+0.1659849449264124j),(0.10335375114097789-0.15788031984949968j),(-3.540805920045217-3.1303745368497418j)
"(3.4060606060606062, -5.0)","(3.4060606060606062, -5.0)",(2.1868391829113265-4.1354368244882815j),(0.07844564053245649+0.174358233840249j),(0.16949042315512278-0.03737014542385263j),(1.9389031192237471-4.272424912904678j)
"(3.4484848484848487, -5.0)","(3.4484848484848487, -5.0)",(4.773162521431708+0.8445159551298741j),(0.023019569268161198+0.15719898902126145j),(0.1276455596561296+0.08392744438412131j),(4.622497392507417+0.6033895217244913j)
"(3.4909090909090907, -5.0)","(3.4909090909090907, -5.0)",(0.77400111453094+4.833147862243162j),(-0.007628149072879838+0.13306936550414136j),(0.01958510478332496+0.12563434962885556j),(0.7620441588204949+4.574444147110165j)
"(3.533333333333333, -5.0)","(3.533333333333333, -5.0)",(-4.229455925784623+2.23689850942583j),(-0.021048580777207355+0.11759875970474351j),(-0.06646681392546071+0.07232768883033198j),(-4.141940531081955+2.0469720608907545j)
"(3.5757575757575757, -5.0)","(3.5757575757575757, -5.0)",(-3.250671883625267-3.262668339220509j),(-0.032297896564151274+0.11723624308593397j),(-0.06768702995377175-0.014347362679393308j),(-3.150686957107344-3.36555721962705j)
"(3.618181818181818, -5.0)","(3.618181818181818, -5.0)",(2.2523279073829325-3.9097043416467687j),(-0.05679716967524138+0.1264415817306318j),(-0.00017221003960430758-0.04909628895318621j),(2.3092972870977784-3.9870496344242143j)
"(3.6606060606060606, -5.0)","(3.6606060606060606, -5.0)",(4.441451413816948+1.1864605402021742j),(-0.10260584144141294+0.12962911693627885j),(0.05514792688010373-0.00020675752817743247j),(4.488909328378257+1.0570381807940727j)
"(3.703030303030303, -5.0)","(3.703030303030303, -5.0)",(0.15413865214903166+4.797873256359305j),(-0.16502813219877055+0.1075807773883418j),(0.02755483456947872+0.07779094539665694j),(0.2916119497783235+4.6125015335743065j)
"(3.7454545454545456, -5.0)","(3.7454545454545456, -5.0)",(-4.639199309253699+1.764179832818185j),(-0.22595161659794324+0.04633942053729442j),(-0.07155973300705663+0.09113029935210193j),(-4.341687959648699+1.6267101129287886j)
"(3.787878787878788, -5.0)","(3.787878787878788, -5.0)",(-3.2429175081800476-3.748312658097303j),(-0.2588372404836146-0.05461036842364736j),(-0.14897356013147467-0.002331144890367393j),(-2.8351067075649583-3.6913711447832886j)
"(3.83030303030303, -5.0)","(3.83030303030303, -5.0)",(2.359830447410416-4.12831362470898j),(-0.23824277075267555-0.1782465772744471j),(-0.11101053553980798-0.14075497075715726j),(2.7090837537028993-3.8093120766773754j)
"(3.872727272727273, -5.0)","(3.872727272727273, -5.0)",(4.348698782199026+0.9806924742616538j),(-0.1508455444340477-0.2923006842446231j),(0.04204377176415279-0.20074442330616465j),(4.457500554868921+1.4737375818124416j)
"(3.915151515151515, -5.0)","(3.915151515151515, -5.0)",(0.10375550957931257+4.24855266231415j),(-0.0038809450479505283-0.358125089615343j),(0.19847607954548765-0.1068203104472266j),(-0.09083962491822456+4.71349806237672j)
"(3.957575757575758, -5.0)","(3.957575757575758, -5.0)",(-4.150088135781733+1.0605541431703478j),(0.17273218260811296-0.34381815468619825j),(0.22244430587449301+0.0884395500820713j),(-4.545264624264338+1.3159327477744747j)
"(4.0, -5.0)","(4.0, -5.0)",(-2.20729974414676-3.9632144571527244j),(0.33246493731352583-0.23728486111711827j),(0.07643691024187024+0.23443952386958128j),(-2.6162015917021564-3.960369119905187j)
"(-0.2, -4.714285714285714)","(-0.2, -4.714285714285714)",(-6.171130988395128+1.9368599142338114j),(-0.3855892542535967+0.4019127552421178j),(-0.10152687811274663-0.6932088514451421j),(-5.684014856028785+2.2281560104368356j)
"(-0.1575757575757576, -4.714285714285714)","(-0.1575757575757576, -4.714285714285714)",(-2.1406266550770856+6.3204526679439015j),(-0.3778077412231455+0.41294913470698447j),(-0.14551554110080617-0.6892780344516042j),(-1.6173033727531338+6.596781567688521j)
"(-0.11515151515151516, -4.714285714285714)","(-0.11515151515151516, -4.714285714285714)",(2.9737599932280543+4.607428410084861j),(-0.37190251593023893+0.4211674294019501j),(-0.1779584137346717-0.68458950561292j),(3.523620922892965+4.870850486295831j)
"(0.1393939393939394, -4.714285714285714)","(0.1393939393939394, -4.714285714285714)",(0.4329727208924765+6.124935495142729j),(-0.38168360161051773+0.4135760345136993j),(-0.12972467782316327-0.6942153125317531j),(0.9443810003261575+6.405574773160783j)
"(0.18181818181818182, -4.714285714285714)","(0.18181818181818182, -4.714285714285714)",(-5.134222478876468+4.23214890749829j),(-0.39055230253264744+0.40252639415469493j),(-0.080669781687283-0.6977789924441192j),(-4.663000394656537+4.527401505787715j)
"(0.22424242424242424, -4.714285714285714)","(0.22424242424242424, -4.714285714285714)",(-5.418488214930715-1.7157523170293045j),(-0.4010298854646546+0.3884164765748629j),(-0.020155582051809666-0.6968644245612899j),(-4.997302747414251-1.4073043690428775j)
"(0.26666666666666666, -4.714285714285714)","(0.26666666666666666, -4.714285714285714)",(-0.1597169239491554-3.849203435612429j),(-0.41279355595937905+0.37110520528058677j),(0.05088527349469857-0.6882918372633956j),(0.20219135851552508-3.5320168036296202j)
"(0.30909090909090914, -4.714285714285714)","(0.30909090909090914, -4.714285714285714)",(3.1105851004469462+0.37175450707277086j),(-0.42544846455590435+0.35045319671499503j),(0.13067657925408732-0.668540891577324j),(3.4053569857487633+0.6898422019350998j)
"(0.3515151515151515, -4.714285714285714)","(0.3515151515151515, -4.714285714285714)",(-0.23549287297979127+4.485240894882981j),(-0.4385263496398385+0.3263375791958617j),(0.21633865884916245-0.6340339606077735j),(-0.013305182189115224+4.792937276294893j)
"(0.393939393939394, -4.714285714285714)","(0.393939393939394, -4.714285714285714)",(-5.353725773054483+2.172359464290262j),(-0.45148602338876387+0.29866927710346214j),(0.30368540231260766-0.581549950795344j),(-5.205925151978327+2.455240137982144j)
"(0.43636363636363634, -4.714285714285714)","(0.43636363636363634, -4.714285714285714)",(-4.7481497589285055-3.775005571617143j),(-0.46371657172189557+0.26741249864401695j),(0.387145501500941-0.5087706208632926j),(-4.671578688707551-3.5336474493978676j)
"(0.4787878787878788, -4.714285714285714)","(0.4787878787878788, -4.714285714285714)",(1.1439772894365388-5.333004073222235j),(-0.47454421019314125+0.2326059555795341j),(0.4598871227489896-0.4149315260356322j),(1.1586343768806904-5.150678502766137j)
"(0.5212121212121212, -4.714285714285714)","(0.5212121212121212, -4.714285714285714)",(4.534448506222202-0.5035847257929176j),(-0.48324375844740974+0.19438507809726613j),(0.5142253702505539-0.3015082780567388j),(4.503466894419058-0.39646152583344485j)
"(0.5636363636363637, -4.714285714285714)","(0.5636363636363637, -4.714285714285714)",(1.2017614748338117+3.9216931834801243j),(-0.4890556445071615+0.153004172384323j),(0.5423718275211362-0.17281982219738318j),(1.148445291819837+3.9415088332931845j)
"(0.6060606060606062, -4.714285714285714)","(0.6060606060606062, -4.714285714285714)",(-3.662914589753052+1.9637603190634376j),(-0.4912092025024251+0.1088571148476322j),(0.537537550232867-0.036383243231179974j),(-3.7092429374834937+1.8912864474469855j)
"(0.6484848484848484, -4.714285714285714)","(0.6484848484848484, -4.714285714285714)",(-2.9058915894216826-3.156375475145259j),(-0.4889527585434445+0.0624948072118189j),(0.4953212991808212+0.09717548363344639j),(-2.9122601300590594-3.3160457659905243j)
"(0.6909090909090909, -4.714285714285714)","(0.6909090909090909, -4.714285714285714)",(2.405035603289661-3.6885422901258647j),(-0.48159058653187714+0.014637264224192105j),(0.4152077659763685+0.21484334324923807j),(2.47141842384517-3.918022897599295j)
"(0.7333333333333334, -4.714285714285714)","(0.7333333333333334, -4.714285714285714)",(4.483407146122974+1.5390086810366823j),(-0.4685262423692485-0.033822083743696434j),(0.3018825119856243+0.3026983234263467j),(4.650050876506598+1.270132441354032j)
"(0.7757575757575759, -4.714285714285714)","(0.7757575757575759, -4.714285714285714)",(-0.08588148039374705+5.311411086572095j),(-0.4493110463036958-0.08182245877837438j),(0.1659723814567703+0.3481301397501849j),(0.19745718445317845+5.045103405600284j)
"(0.8181818181818183, -4.714285714285714)","(0.8181818181818183, -4.714285714285714)",(-5.34259221030198+2.1373245757818236j),(-0.42369559175861987-0.1281547365864656j),(0.023786047049932334+0.3425831468178327j),(-4.942682665593292+1.9228961655504566j)
"(0.8606060606060608, -4.714285714285714)","(0.8606060606060608, -4.714285714285714)",(-4.159654658028829-3.9465168821974013j),(-0.3916811519256672-0.1714956525079387j),(-0.10429295495396484+0.2843529567284088j),(-3.6636805511491977-4.059374186417871j)
"(0.9030303030303031, -4.714285714285714)","(0.9030303030303031, -4.714285714285714)",(1.8330735058336192-4.89548548803533j),(-0.3535668004197919-0.21045884990829383j),(-0.1968829992717255+0.18074070350724922j),(2.3835233055251366-4.865767341634285j)
"(0.9454545454545455, -4.714285714285714)","(0.9454545454545455, -4.714285714285714)",(4.541856389439608+0.22278153543544926j),(-0.30998706280231764-0.2436633652414985j),(-0.23589859832307422+0.04875152701191919j),(5.087742050565+0.41769337366502857j)
"(0.987878787878788, -4.714285714285714)","(0.987878787878788, -4.714285714285714)",(0.6684600395411159+4.092215858222035j),(-0.26193411289942037-0.2698186514448871j),(-0.2113399569752091-0.08638426730258855j),(1.1417341094157454+4.448418776969511j)
"(1.0303030303030305, -4.714285714285714)","(1.0303030303030305, -4.714285714285714)",(-3.8836822061532508+1.4986402641145649j),(-0.21075809756397723-0.28782330112764265j),(-0.12541180862327028-0.19521511722172608j),(-3.5475122999660034+1.9816786824639336j)
"(1.0727272727272728, -4.714285714285714)","(1.0727272727272728, -4.714285714285714)",(-2.542323401780504-3.4662664200884925j),(-0.1581393170771033-0.2968723063625357j),(0.005437221517550946-0.2502887760957703j),(-2.3896213062209517-2.9191053376301865j)
"(1.1151515151515152, -4.714285714285714)","(1.1151515151515152, -4.714285714285714)",(2.62345834326776-3.431881281299359j),(-0.10602691392198273-0.2965651257147712j),(0.15181972045492398-0.23345510030661934j),(2.5776655367348185-2.9018610552779687j)
"(1.1575757575757577, -4.714285714285714)","(1.1575757575757577, -4.714285714285714)",(3.9783625441028976+1.6502463039155875j),(-0.056540617067897224-0.28700425878436836j),(0.27667381470421315-0.14235831486622463j),(3.7582293464665817+2.0796088775661805j)
"(1.2000000000000002, -4.714285714285714)","(1.2000000000000002, -4.714285714285714)",(-0.6575125839195243+4.4151247845778006j),(-0.01183507961065858-0.2688717918219482j),(0.3439770315537573+0.006141007684999551j),(-0.989654535862623+4.677855568714749j)
"(1.2424242424242427, -4.714285714285714)","(1.2424242424242427, -4.714285714285714)",(-4.754743137868729+0.6396756820209119j),(0.026069543801791793-0.2434699054945343j),(0.3290482399938029+0.17754196385017448j),(-5.109860921664324+0.7056036236652716j)
"(1.284848484848485, -4.714285714285714)","(1.284848484848485, -4.714285714285714)",(-2.291037897278573-4.566301322341682j),(0.05548204149489069-0.21271112397295774j),(0.2274505949191287+0.32702925358750173j),(-2.5739705336925924-4.680619451956226j)
"(1.3272727272727274, -4.714285714285714)","(1.3272727272727274, -4.714285714285714)",(3.583248323938039-3.825847319380146j),(0.07524513585453069-0.17904564439419687j),(0.059156161642210034+0.41144279092770286j),(3.4488470264412983-4.058244465913652j)
"(1.3696969696969699, -4.714285714285714)","(1.3696969696969699, -4.714285714285714)",(4.782758959533735+2.06795839526038j),(0.08493073805003906-0.14531686641972302j),(-0.13451918820650416+0.4027729569076996j),(4.8323474096902+1.8105023047724031j)
"(1.4121212121212123, -4.714285714285714)","(1.4121212121212123, -4.714285714285714)",(-0.41458060571198585+5.109031559837536j),(0.08500012459104242-0.11454252832475752j),(-0.3016020024013024+0.29870043213449327j),(-0.19797872790172588+4.924873656027801j)
"(1.4545454545454546, -4.714285714285714)","(1.4545454545454546, -4.714285714285714)",(-4.896366001153423+1.1992579757263329j),(0.07690041374213526-0.08962765175178508j),(-0.39530940556638666+0.12578652503426857j),(-4.577957009329171+1.1630991024438493j)
"(1.496969696969697, -4.714285714285714)","(1.496969696969697, -4.714285714285714)",(-2.610485755392729-4.150051747611338j),(0.06306837280783656-0.07302640169450497j),(-0.39002479215284097-0.06713556295796218j),(-2.2835293360477245-4.00988978295887j)
"(1.5393939393939395, -4.714285714285714)","(1.5393939393939395, -4.714285714285714)",(3.0312544758210564-3.554694328905902j),(0.04681630395321356-0.06638207719023953j),(-0.29130282631011606-0.22435113438476137j),(3.275740998177959-3.263961117330901j)
"(1.581818181818182, -4.714285714285714)","(1.581818181818182, -4.714285714285714)",(4.022178650255039+1.9275058988836968j),(0.03208343320395207-0.07018630202830158j),(-0.1351503817597183-0.3026006878613642j),(4.125245598810806+2.3002928887733627j)
"(1.6242424242424245, -4.714285714285714)","(1.6242424242424245, -4.714285714285714)",(-0.969420878583393+4.376036865359546j),(0.02305026939694461-0.08350810011128552j),(0.024430226585114706-0.28704726797915486j),(-1.0169013745654523+4.746592233449986j)
"(1.6666666666666667, -4.714285714285714)","(1.6666666666666667, -4.714285714285714)",(-4.776129392819095+0.21176790676403173j),(0.023632444149269162-0.10384855569143768j),(0.13572107147012277-0.1969093393452988j),(-4.935482908438487+0.5125258018007682j)
"(1.7090909090909092, -4.714285714285714)","(1.7090909090909092, -4.714285714285714)",(-1.874006557453747-4.7617920498221045j),(0.03689321424046577-0.12717471838209674j),(0.16947886043843932-0.0774278369930082j),(-2.080378632132652-4.557189494447j)
"(1.7515151515151517, -4.714285714285714)","(1.7515151515151517, -4.714285714285714)",(3.8215921226238336-3.5455086109235197j),(0.06443756503561113-0.14817518825629303j),(0.13020951523221516+0.019368242915136134j),(3.6269450423560072-3.4167016655823628j)
"(1.7939393939393942, -4.714285714285714)","(1.7939393939393942, -4.714285714285714)",(4.465438193420274+2.207584554713338j),(0.10587201573613214-0.16075814288224935j),(0.05290237661818787+0.05717473805141256j),(4.306663801065954+2.311167959544175j)
"(1.8363636363636366, -4.714285714285714)","(1.8363636363636366, -4.714285714285714)",(-0.7061015194014288+4.540207395595047j),(0.15842823054494937-0.15878062958692654j),(-0.014019122754229231+0.030996230105090564j),(-0.850510627192149+4.667991795076883j)
"(1.8787878787878791, -4.714285714285714)","(1.8787878787878791, -4.714285714285714)",(-4.367862015778373+0.370536664801534j),(0.21685048963223313-0.1369579028357935j),(-0.03203261990398362-0.03184966721017172j),(-4.552679885506622+0.5393442348474993j)
"(1.9212121212121216, -4.714285714285714)","(1.9212121212121216, -4.714285714285714)",(-1.4499385596619843-4.2654251729128605j),(0.2736325901754211-0.09185790622901j),(0.00895951863473016-0.08624931192812453j),(-1.7325306684721355-4.087317954755726j)
"(1.9636363636363636, -4.714285714285714)","(1.9636363636363636, -4.714285714285714)",(3.802365805482232-2.8133260304293497j),(0.3196560439814089-0.02284543299423134j),(0.08617561395932409-0.09250661279458039j),(3.396534147541499-2.697973984640538j)
"(2.006060606060606, -4.714285714285714)","(2.006060606060606, -4.714285714285714)",(3.957671914975153+2.5833846676682373j),(0.3452284878682278+0.0671884396864215j),(0.15599435442935544-0.03671203620355808j),(3.45644907267757+2.552908264185374j)
"(2.0484848484848484, -4.714285714285714)","(2.0484848484848484, -4.714285714285714)",(-1.05515535516823+4.2574526747296515j),(0.3414527869040408+0.17148419827422764j),(0.17643104739908266+0.06209204685232739j),(-1.5730391894713536+4.023876429603097j)
"(2.090909090909091, -4.714285714285714)","(2.090909090909091, -4.714285714285714)",(-3.9441605378797773-0.010230931292166012j),(0.3017815287028861+0.2796108213193064j),(0.1284771383899833+0.16150745153434726j),(-4.3744192049726465-0.4513492041458197j)
"(2.1333333333333333, -4.714285714285714)","(2.1333333333333333, -4.714285714285714)",(-0.54511770920291-3.8446062461781665j),(0.22354083963162114+0.37829894563240263j),(0.02541632883865677+0.21685806576787145j),(-0.794074877673188-4.4397632575784405j)
"(2.175757575757576, -4.714285714285714)","(2.175757575757576, -4.714285714285714)",(4.154834275675114-1.4346558290917002j),(0.10915710870951872+0.4529192536112643j),(-0.09413825043285179+0.20257544520373386j),(4.139815417398447-2.0901505279066983j)
"(2.2181818181818183, -4.714285714285714)","(2.2181818181818183, -4.714285714285714)",(3.0885601910751457+4.038542918910885j),(-0.03319357119017951+0.4895008269250644j),(-0.1849852125308715+0.12313293324335535j),(3.306738974796197+3.425909158742465j)
"(2.2606060606060607, -4.714285714285714)","(2.2606060606060607, -4.714285714285714)",(-2.720461772717672+4.7688796153737j),(-0.1897570841176369+0.47705927308914947j),(-0.2155876803706015+0.009055083440850036j),(-2.3151170082294334+4.2827652588437j)
"(2.303030303030303, -4.714285714285714)","(2.303030303030303, -4.714285714285714)",(-5.389781683299144-0.5900189037229417j),(-0.34234440532822424+0.4098912658274533j),(-0.17994383240725628-0.09832934616019076j),(-4.867493445563663-0.9015808233902043j)
"(2.3454545454545452, -4.714285714285714)","(2.3454545454545452, -4.714285714285714)",(-1.22498092144304-4.835190544147858j),(-0.47044898015914616+0.28941756800076207j),(-0.09685287824541995-0.1646439359417601j),(-0.6576790630384739-4.95996417620686j)
"(2.3878787878787877, -4.714285714285714)","(2.3878787878787877, -4.714285714285714)",(3.9797938873439285-2.224318687938953j),(-0.5541558643468778+0.12514701771647918j),(0.0007545837268612809-0.1744711842517362j),(4.533195167963945-2.174994521403696j)
"(2.43030303030303, -4.714285714285714)","(2.43030303030303, -4.714285714285714)",(2.9723050428061693+3.4379869076520975j),(-0.5774662566161038-0.06559099946413509j),(0.07989656487590777-0.13398422135383034j),(3.4698747345463654+3.637562128470063j)
"(2.4727272727272727, -4.714285714285714)","(2.4727272727272727, -4.714285714285714)",(-2.798202474306908+4.075783825427263j),(-0.5314983923888837-0.25933227000606773j),(0.11907651280957816-0.0655167650925545j),(-2.3857805947276023+4.400632860525885j)
"(2.515151515151515, -4.714285714285714)","(2.515151515151515, -4.714285714285714)",(-5.185216339780998-1.3543070335066707j),(-0.4169381041750661-0.4295248089593667j),(0.11429705363336404+0.002357156975536304j),(-4.882575289239296-0.9271393815228403j)
"(2.5575757575757576, -4.714285714285714)","(2.5575757575757576, -4.714285714285714)",(-0.7462688336531189-5.395954476188216j),(-0.2451380866260572-0.5505939012848649j),(0.07887572680252537+0.04595930905272657j),(-0.5800064738295871-4.891319883956077j)
"(2.6, -4.714285714285714)","(2.6, -4.714285714285714)",(4.454131317324342-2.5367516932470573j),(-0.037425945058492484-0.602406641927485j),(0.03702434927811618+0.05605532354306433j),(4.454532913104718-1.9904003748626364j)
"(2.6424242424242426, -4.714285714285714)","(2.6424242424242426, -4.714285714285714)",(3.3747617550319435+3.1055959748869126j),(0.17752737058199627-0.5743196330504817j),(0.01196043406011725+0.04218779123458907j),(3.18527395038983+3.6377278167028053j)
"(2.684848484848485, -4.714285714285714)","(2.684848484848485, -4.714285714285714)",(-2.149238104439793+3.6370107205732163j),(0.3680430272503286-0.46793692305185836j),(0.012355402360120433+0.027736323893258148j),(-2.529636534050242+4.077211319731816j)
"(2.727272727272727, -4.714285714285714)","(2.727272727272727, -4.714285714285714)",(-4.079450006509651-1.493685840550012j),(0.5048315365290742-0.29783502729863837j),(0.024947052850640514+0.03493806879151333j),(-4.609228595889365-1.230788882042887j)
"(2.7696969696969695, -4.714285714285714)","(2.7696969696969695, -4.714285714285714)",(0.4341966600217976-4.774826865931719j),(0.5664739620944573-0.0898371334694533j),(0.0213002599471641+0.06663116525370284j),(-0.15357756201982387-4.751620897715969j)
"(2.812121212121212, -4.714285714285714)","(2.812121212121212, -4.714285714285714)",(5.02234200064672-1.2961489727222493j),(0.543841466622455+0.12309921859984309j),(-0.020948042246634976+0.09804831759141089j),(4.4994485762709-1.5172965089135033j)
"(2.8545454545454545, -4.714285714285714)","(2.8545454545454545, -4.714285714285714)",(3.103622714978191+4.268370220614505j),(0.44238339653937553+0.30676580485765165j),(-0.0946677238800372+0.089626497619986j),(2.7559070423188525+3.871977918136867j)
"(2.896969696969697, -4.714285714285714)","(2.896969696969697, -4.714285714285714)",(-2.7894789605936383+4.220277916562601j),(0.2815622421647814+0.4322501167749313j),(-0.1573419279972069+0.01771935883464551j),(-2.9136992747612127+3.7703084409530248j)
"(2.9393939393939394, -4.714285714285714)","(2.9393939393939394, -4.714285714285714)",(-4.535873753189432-1.3109966409922735j),(0.09129601360612463+0.4817381361627836j),(-0.1544714176350931-0.09740779125174676j),(-4.4726983491604635-1.6953269859033104j)
"(2.981818181818182, -4.714285714285714)","(2.981818181818182, -4.714285714285714)",(0.15691898940544508-4.5346872472010515j),(-0.09402542484665302+0.4521792024424124j),(-0.06182758016489069-0.1921430188924813j),(0.3127719944169888-4.794723430750983j)
"(3.0242424242424244, -4.714285714285714)","(3.0242424242424244, -4.714285714285714)",(4.538332725843057-0.9592452027818814j),(-0.24272112418113767+0.3557920953957896j),(0.08453405586417262-0.19752779306116147j),(4.6965197941600225-1.1175095051165096j)
"(3.066666666666667, -4.714285714285714)","(3.066666666666667, -4.714285714285714)",(2.3351875833921634+4.298930896149704j),(-0.33253782429166023+0.2170857488638595j),(0.20034570171302696-0.09270365575229461j),(2.4673797059707967+4.17454880303814j)
"(3.109090909090909, -4.714285714285714)","(3.109090909090909, -4.714285714285714)",(-3.413185856508151+3.7446182222438757j),(-0.35520815849017706+0.06694230242048835j),(0.2080615447187685+0.06822850189888827j),(-3.2660392427367424+3.6094474179244993j)
"(3.1515151515151514, -4.714285714285714)","(3.1515151515151514, -4.714285714285714)",(-4.651303125985899-1.928134784736258j),(-0.31757466976264187-0.06485610605412506j),(0.09760275116112611+0.1851286397483367j),(-4.431331207384383-2.0484073184304696j)
"(3.193939393939394, -4.714285714285714)","(3.193939393939394, -4.714285714285714)",(0.3364906783728029-4.823067922857086j),(-0.23884362066583473-0.15673167354368386j),(-0.057708882528355286+0.18305536873618003j),(0.6330431815669929-4.849391618049582j)
"(3.2363636363636363, -4.714285714285714)","(3.2363636363636363, -4.714285714285714)",(4.523653539203203-0.9737694775632431j),(-0.14459549490383652-0.20007347411882068j),(-0.15126733193660225+0.07227354386713775j),(4.819516366043642-0.8459695473115602j)
"(3.278787878787879, -4.714285714285714)","(3.278787878787879, -4.714285714285714)",(2.0615685194179396+4.0867519216200545j),(-0.05917638985036529-0.20022140105092712j),(-0.1258559862832897-0.0560795384356709j),(2.2466008955515946+4.343052861106653j)
"(3.3212121212121213, -4.714285714285714)","(3.3212121212121213, -4.714285714285714)",(-3.4866931109142505+3.15880698484521j),(0.001294729475787247-0.17327220663169188j),(-0.021095350284769075-0.10275447955109225j),(-3.4668924901052685+3.4348336710279943j)
"(3.3636363636363638, -4.714285714285714)","(3.3636363636363638, -4.714285714285714)",(-4.206420289047442-2.4619684923887784j),(0.03309442369558764-0.13958773008540493j),(0.05990942214869625-0.044599320107538684j),(-4.2994241348917255-2.2777814421958347j)
"(3.4060606060606062, -4.714285714285714)","(3.4060606060606062, -4.714285714285714)",(0.9790816737614724-4.834890450858593j),(0.044776423218486947-0.1160228062627061j),(0.04239154083821488+0.04451748186738424j),(0.8919137097047706-4.7633851264632705j)
"(3.4484848484848487, -4.714285714285714)","(3.4484848484848487, -4.714285714285714)",(4.794433602462376-0.6067570328895553j),(0.052623020776719376-0.10948492856472962j),(-0.04899941599397585+0.06117430068819163j),(4.790809997679633-0.5584464050130173j)
"(3.4909090909090907, -4.714285714285714)","(3.4909090909090907, -4.714285714285714)",(1.9034579192317491+4.247385408694507j),(0.07304561342211842-0.11420812846959906j),(-0.10885980106202037-0.026937617102471674j),(1.939272106871651+4.388531154266578j)
"(3.533333333333333, -4.714285714285714)","(3.533333333333333, -4.714285714285714)",(-3.539179879290209+2.873434953526498j),(0.11453839273636143-0.11403021641379346j),(-0.050760066246058284-0.14061966194520026j),(-3.6029582057805123+3.1280848318854915j)
"(3.5757575757575757, -4.714285714285714)","(3.5757575757575757, -4.714285714285714)",(-3.752289506230601-2.757809551817213j),(0.17223524917920685-0.08926772336662407j),(0.10025084944984071-0.1554420406177388j),(-4.024775604859649-2.5130997878328505j)
"(3.618181818181818, -4.714285714285714)","(3.618181818181818, -4.714285714285714)",(1.6632777917009016-4.60756338962625j),(0.2275090335207319-0.02601129423098864j),(0.21462884726586476-0.022490735905311195j),(1.2211399109143048-4.5590613594899505j)
"(3.6606060606060606, -4.714285714285714)","(3.6606060606060606, -4.714285714285714)",(5.1186958583663875+0.0864599474125552j),(0.2534486030930008+0.07554253129364673j),(0.17090630499156564+0.16892280274946242j),(4.694340950281821-0.15800538663055397j)
"(3.703030303030303, -4.714285714285714)","(3.703030303030303, -4.714285714285714)",(1.7083586691063914+4.88169855951603j),(0.2248988213839744+0.19721036959476396j),(-0.023469446328981756+0.25624386271759786j),(1.5069292940513987+4.428244327203668j)
"(3.7454545454545456, -4.714285714285714)","(3.7454545454545456, -4.714285714285714)",(-3.8814218696080167+3.1693816196327176j),(0.12978064350545718+0.3056664578033865j),(-0.22070238087105437+0.14880232424872528j),(-3.7905001322424194+2.7149128375806058j)
"(3.787878787878788, -4.714285714285714)","(3.787878787878788, -4.714285714285714)",(-3.9628635761798896-2.555808660766131j),(-0.02259522552472676+0.36201477068288734j),(-0.2546881561313023-0.07896474457858604j),(-3.6855801945238604-2.838858686870432j)
"(3.83030303030303, -4.714285714285714)","(3.83030303030303, -4.714285714285714)",(1.3613680257719865-4.249319300571684j),(-0.20000627257751108+0.33546834565674716j),(-0.092359195154638-0.2418833099802551j),(1.6537334935041357-4.342904336248176j)
"(3.872727272727273, -4.714285714285714)","(3.872727272727273, -4.714285714285714)",(4.41011970492109+0.34174970635219026j),(-0.35432348556434934+0.21650708700479726j),(0.1288047036141077-0.20679685776849263j),(4.635638486871332+0.33203947711588566j)
"(3.915151515151515, -4.714285714285714)","(3.915151515151515, -4.714285714285714)",(0.805175666803268+4.549479646598438j),(-0.4357417247742348+0.02437353629614103j),(0.22141728601710342-0.015193918172805389j),(1.0195001055603994+4.5403000284751025j)
"(3.957575757575758, -4.714285714285714)","(3.957575757575758, -4.714285714285714)",(-4.35284252020924+2.2512199462155422j),(-0.4099485298140275-0.19481738401607585j),(0.1198677740175974+0.15458307252741066j),(-4.06276176441281+2.291454257704207j)
"(4.0, -4.714285714285714)","(4.0, -4.714285714285714)",(-3.7122338660042695-3.462530535562863j),(-0.27220086867126575-0.38000329759229057j),(-0.06092460807265753+0.15584433771075673j),(-3.379108389260346-3.238371575681329j)
"(-0.2, -4.428571428571429)","(-0.2, -4.428571428571429)",(-4.286691213997005+0.284289353550317j),(0.5648969705209012+0.029376808399347004j),(-0.48609959155737154+0.5463110906700112j),(-4.365488592960535-0.29139854551904115j)
"(-0.1575757575757576, -4.428571428571429)","(-0.1575757575757576, -4.428571428571429)",(0.3123194258318066+3.336510164898148j),(0.5684166538823636+0.01560787274986952j),(-0.45014795666098345+0.5826550691826918j),(0.19405072861042644+2.7382472229655868j)
"(-0.11515151515151516, -4.428571428571429)","(-0.11515151515151516, -4.428571428571429)",(4.538369150027926-0.4059426940366401j),(0.5709561150126095+0.005263577439422263j),(-0.42185129933384313+0.6079914509980021j),(4.38926433434916-1.0191977224740645j)
"(0.1393939393939394, -4.428571428571429)","(0.1393939393939394, -4.428571428571429)",(2.76040291552059+2.4217195307806043j),(0.5716139087556218+0.018378852880654863j),(-0.46702007878435675+0.5721356161142224j),(2.655809085549325+1.8312050617857272j)
"(0.18181818181818182, -4.428571428571429)","(0.18181818181818182, -4.428571428571429)",(-2.741488604272074+2.341546481451899j),(0.5688274087179905+0.03306161213576098j),(-0.5064336600185056+0.5306979261822805j),(-2.803882352971559+1.7777869431338573j)
"(0.22424242424242424, -4.428571428571429)","(0.22424242424242424, -4.428571428571429)",(-4.0343798204720605-3.1028487814108523j),(0.5646651174983461+0.051117360159687535j),(-0.549622156824833+0.4753138223219619j),(-4.049422781145574-3.6292799638925017j)
"(0.26666666666666666, -4.428571428571429)","(0.26666666666666666, -4.428571428571429)",(1.0292078483377392-6.094144133434979j),(0.5587804292523687+0.07237393096870073j),(-0.5925589904254439+0.40447078039360185j),(1.0629864095108144-6.570988844797281j)
"(0.30909090909090914, -4.428571428571429)","(0.30909090909090914, -4.428571428571429)",(5.661752862575005-2.265490888004545j),(0.5507781954326398+0.09659615214179891j),(-0.6301908631261444+0.31737334755194985j),(5.74116553026851-2.6794603876982936j)
"(0.3515151515151515, -4.428571428571429)","(0.3515151515151515, -4.428571428571429)",(3.6971996420300437+3.2069459970224963j),(0.5402268879898102+0.12347384644554779j),(-0.656573849457151+0.21448780922586405j),(3.8135466034973846+2.8689843413510845j)
"(0.393939393939394, -4.428571428571429)","(0.393939393939394, -4.428571428571429)",(-1.7422241439677082+2.9346410740758064j),(0.526674361843709+0.15260975153882253j),(-0.6652333754459718+0.09811589749641506j),(-1.6036651303654454+2.683915425040569j)
"(0.43636363636363634, -4.428571428571429)","(0.43636363636363634, -4.428571428571429)",(-2.7007101088135244-2.2478035208305593j),(0.5096676260399909+0.18350837241736437j),(-0.6498059870332508-0.027098155745899792j),(-2.5605717478202648-2.404213737502024j)
"(0.4787878787878788, -4.428571428571429)","(0.4787878787878788, -4.428571428571429)",(2.32704363336801-4.476476705105085j),(0.488776881173098+0.21556701007419862j),(-0.6049837148624261-0.15386692937901178j),(2.443250467057338-4.538176785800272j)
"(0.5212121212121212, -4.428571428571429)","(0.5212121212121212, -4.428571428571429)",(6.22098316214621-0.0018241204387265259j),(0.4636238346008164+0.24807043147994645j),(-0.52771510721346-0.2723384801016386j),(6.285074434758854+0.022443928182965603j)
"(0.5636363636363637, -4.428571428571429)","(0.5636363636363637, -4.428571428571429)",(3.255298839068736+5.448724008399341j),(0.43391395254551457+0.28019083409487056j),(-0.418521257641804-0.37073125705925636j),(3.2399061441650256+5.539264431363727j)
"(0.6060606060606062, -4.428571428571429)","(0.6060606060606062, -4.428571428571429)",(-2.816685043715238+4.6690065928848306j),(0.399471843097612+0.31099487760520556j),(-0.2826721194613859-0.4366550312695013j),(-2.933484767351464+4.794666746549126j)
"(0.6484848484848484, -4.428571428571429)","(0.6484848484848484, -4.428571428571429)",(-4.016827763181361-0.9399406627012312j),(0.3602783897833764+0.33945956295045954j),(-0.13086474913137142-0.45913123728080885j),(-4.246241403833366-0.8202689883708819j)
"(0.6909090909090909, -4.428571428571429)","(0.6909090909090909, -4.428571428571429)",(0.6811586986874685-3.4134487198804675j),(0.3165075891662478+0.36449858383989797j),(0.02100718072208879-0.4311357290878138j),(0.3436439287991318-3.3468115746325515j)
"(0.7333333333333334, -4.428571428571429)","(0.7333333333333334, -4.428571428571429)",(4.020848287166123+0.5093267479370285j),(0.2685603240470711+0.3850004056018882j),(0.15335323370349616-0.3522430639551913j),(3.598934729415556+0.47656940629033157j)
"(0.7757575757575759, -4.428571428571429)","(0.7757575757575759, -4.428571428571429)",(0.8363436176037382+4.8183705725899175j),(0.2170915853389948+0.3998786897742996j),(0.24581891649992269-0.23070929081780042j),(0.37343311576482074+4.6492011736334184j)
"(0.8181818181818183, -4.428571428571429)","(0.8181818181818183, -4.428571428571429)",(-4.547911193750944+2.822195625197967j),(0.16302702578967487+0.40813474072606176j),(0.28145547817420546-0.08418011645446802j),(-4.992393697714824+2.4982410009263734j)
"(0.8606060606060608, -4.428571428571429)","(0.8606060606060608, -4.428571428571429)",(-4.379405582789607-3.2451792759657665j),(0.10756429929354604+0.40893038502330586j),(0.25145122680505433+0.06173731652399583j),(-4.7384211088882076-3.7158469775130682j)
"(0.9030303030303031, -4.428571428571429)","(0.9030303030303031, -4.428571428571429)",(1.5230536592426553-5.205389269613455j),(0.052154546036054995+0.4016681223147951j),(0.15926501391617878+0.1774555552029192j),(1.3116340992904216-5.784512947131169j)
"(0.9454545454545455, -4.428571428571429)","(0.9454545454545455, -4.428571428571429)",(5.360966642240606-0.3611846006769365j),(-0.0015402232458574636+0.3860735742640808j),(0.02270134710006508+0.23569534705175307j),(5.339805518386398-0.9829535219927703j)
"(0.987878787878788, -4.428571428571429)","(0.987878787878788, -4.428571428571429)",(2.1612490440471612+4.7059280613777075j),(-0.05171706032616136+0.36227333392589145j),(-0.1274382405120871+0.21895690595124426j),(2.3404043448854095+4.124697821500572j)
"(1.0303030303030305, -4.428571428571429)","(1.0303030303030305, -4.428571428571429)",(-3.380002305834257+3.309785321247188j),(-0.09653075065081708+0.3308594827496584j),(-0.2528438130924178+0.12620142737180895j),(-3.0306277420910224+2.852724411125721j)
"(1.0727272727272728, -4.428571428571429)","(1.0727272727272728, -4.428571428571429)",(-3.5990312056245006-2.1069991300317623j),(-0.13422000686114813+0.29293057234321923j),(-0.3168437913940132-0.023682101309424892j),(-3.1479674073693396-2.3762476010655567j)
"(1.1151515151515152, -4.428571428571429)","(1.1151515151515152, -4.428571428571429)",(1.3875638108782185-3.6317655438856726j),(-0.16325650504434358+0.25009810695886064j),(-0.2952349960948456-0.1937378196062282j),(1.8460553120174077-3.688125831238305j)
"(1.1575757575757577, -4.428571428571429)","(1.1575757575757577, -4.428571428571429)",(4.037445071641278+0.8261322453644627j),(-0.182507934072994+0.2044478982100941j),(-0.18554373949184588-0.33697152758634785j),(4.405496745206118+0.9586558747407165j)
"(1.2000000000000002, -4.428571428571429)","(1.2000000000000002, -4.428571428571429)",(0.2567741962747541+4.611428760863962j),(-0.19140169723081932+0.15844748548561371j),(-0.011048113027199283-0.40931133891052524j),(0.45922400653277273+4.862292614288874j)
"(1.2424242424242427, -4.428571428571429)","(1.2424242424242427, -4.428571428571429)",(-4.664765310676022+1.8870931843103178j),(-0.19007148611511968+0.11479445243912313j),(0.1831463988033859-0.3839937555909166j),(-4.657840223364288+2.156292487462111j)
"(1.284848484848485, -4.428571428571429)","(1.284848484848485, -4.428571428571429)",(-3.515729283508381-3.8966179767873066j),(-0.17946532374086874+0.07620610685016749j),(0.34226964532067894-0.26235300833182856j),(-3.6785336050881914-3.7104710753056453j)
"(1.3272727272727274, -4.428571428571429)","(1.3272727272727274, -4.428571428571429)",(2.510124914932588-4.702065159597742j),(-0.1613916919275733+0.045158574005907726j),(0.4193127612481799-0.07618953138985537j),(2.2522038456119815-4.671034202213795j)
"(1.3696969696969699, -4.428571428571429)","(1.3696969696969699, -4.428571428571429)",(5.283359002347438+0.7739677168444669j),(-0.13848094958383975+0.023592492356923952j),(0.3918731905382673+0.1207286829227429j),(5.02996676139301+0.6296465415648j)
"(1.4121212121212123, -4.428571428571429)","(1.4121212121212123, -4.428571428571429)",(1.0514652618695868+5.137862214911986j),(-0.11404330814976799+0.012612388285991368j),(0.27158874404744443+0.2703857115196677j),(0.8939198259719103+4.854864115106327j)
"(1.4545454545454546, -4.428571428571429)","(1.4545454545454546, -4.428571428571429)",(-4.293379099063205+2.551863675725829j),(-0.0918128403380179+0.012216183383383502j),(0.10124035670066964+0.3314984968862794j),(-4.302806615425856+2.2081489954561664j)
"(1.496969696969697, -4.428571428571429)","(1.496969696969697, -4.428571428571429)",(-3.4360639493272056-3.15948764430854j),(-0.07557961292967463+0.021098467398702987j),(-0.06076939647649987+0.2953309392963786j),(-3.299714939921031-3.4759170510036212j)
"(1.5393939393939395, -4.428571428571429)","(1.5393939393939395, -4.428571428571429)",(2.173456451684187-3.9307497403681784j),(-0.06872865061244428+0.03657417020689787j),(-0.16317058389750827+0.18897690358876842j),(2.40535568619414-4.156300814163845j)
"(1.581818181818182, -4.428571428571429)","(1.581818181818182, -4.428571428571429)",(4.457614267316427+1.2268798605608124j),(-0.07372379067467166+0.0546660485960914j),(-0.18234694406328117+0.0635850379543367j),(4.71368500205438+1.1086287740103844j)
"(1.6242424242424245, -4.428571428571429)","(1.6242424242424245, -4.428571428571429)",(0.12248224716636613+4.915475230299449j),(-0.09159432737382837+0.07038823657392676j),(-0.1311346858185747-0.02814195396074116j),(0.3452112603587692+4.873228947686263j)
"(1.6666666666666667, -4.428571428571429)","(1.6666666666666667, -4.428571428571429)",(-4.734194075998875+1.837273941124094j),(-0.12149945554780135+0.07823802475845318j),(-0.051186331212718365-0.055218245563357526j),(-4.561508289238356+1.8142541619289982j)
"(1.7090909090909092, -4.428571428571429)","(1.7090909090909092, -4.428571428571429)",(-3.2681474522786447-3.731574610756393j),(-0.1604559556222855+0.07287933706039008j),(0.008033555665410027-0.02129813614912808j),(-3.115725052321769-3.783155811667655j)
"(1.7515151515151517, -4.428571428571429)","(1.7515151515151517, -4.428571428571429)",(2.443824265193234-3.9954471411058172j),(-0.2033141115843091+0.049966087562581925j),(0.013603679731269292+0.03930669768487647j),(2.6335346970462736-4.084719926353276j)
"(1.7939393939393942, -4.428571428571429)","(1.7939393939393942, -4.428571428571429)",(4.344498301354504+1.3567492911216115j),(-0.24305179905608654+0.007015765412668744j),(-0.035323839769420266+0.08064354035139196j),(4.6228739401800105+1.2690899853575508j)
"(1.8363636363636366, -4.428571428571429)","(1.8363636363636366, -4.428571428571429)",(-0.2375325032934981+4.727318642576507j),(-0.27142473400768463-0.055790760817928234j),(-0.10867585850918013+0.06937472070432533j),(0.1425680892233667+4.71373468269011j)
"(1.8787878787878791, -4.428571428571429)","(1.8787878787878791, -4.428571428571429)",(-4.846756101736915+1.3316036590272415j),(-0.27996221090804824-0.13503054855028773j),(-0.16234136395462895+0.0016430702284512904j),(-4.404452526874238+1.464991137349078j)
"(1.9212121212121216, -4.428571428571429)","(1.9212121212121216, -4.428571428571429)",(-3.032837246901102-4.090346197395898j),(-0.2612358412469752-0.22383251323428013j),(-0.16142154846511617-0.09592887672925393j),(-2.610179857189011-3.770584807432364j)
"(1.9636363636363636, -4.428571428571429)","(1.9636363636363636, -4.428571428571429)",(2.5773586941097606-4.022918313179012j),(-0.2102613065276436-0.31217343023698657j),(-0.09742670222597517-0.18070661656381082j),(2.8850467028633795-3.530038266378215j)
"(2.006060606060606, -4.428571428571429)","(2.006060606060606, -4.428571428571429)",(4.0771300519016105+1.201957141198256j),(-0.12583122639699607-0.38775285254555864j),(0.008902987190036217-0.21528835455827927j),(4.19405829110857+1.804998348302094j)
"(2.0484848484848484, -4.428571428571429)","(2.0484848484848484, -4.428571428571429)",(-0.4709156315591105+3.947635585990525j),(-0.011534909095233234-0.43744126335138467j),(0.11895731950349536-0.1841030203921744j),(-0.5783380419673726+4.569179869734084j)
"(2.090909090909091, -4.428571428571429)","(2.090909090909091, -4.428571428571429)",(-4.295263408574749+0.1913884445986752j),(0.12378736538760943-0.4491904178954044j),(0.19418428914290517-0.09801149590656193j),(-4.613235063105264+0.7385903584006416j)
"(2.1333333333333333, -4.428571428571429)","(2.1333333333333333, -4.428571428571429)",(-1.5869966668655533-4.685908580184705j),(0.26636955022402886-0.4141809619867672j),(0.211105969654862+0.012889911553774142j),(-2.064472186744444-4.284617529751712j)
"(2.175757575757576, -4.428571428571429)","(2.175757575757576, -4.428571428571429)",(4.129225329362086-3.504269378309159j),(0.39874757720083687-0.3288809293736625j),(0.16782358576493298+0.11238930449999145j),(3.5626541663963165-3.287777753435488j)
"(2.2181818181818183, -4.428571428571429)","(2.2181818181818183, -4.428571428571429)",(4.860742699263612+2.4429435004144255j),(0.5018724506745814-0.19662451712361798j),(0.08213257904211577+0.1707291187601858j),(4.276737669546915+2.468838898777858j)
"(2.2606060606060607, -4.428571428571429)","(2.2606060606060607, -4.428571428571429)",(-0.5371231629590002+5.04677691444965j),(0.5579173746235162-0.028318094964109697j),(-0.015581234197535107+0.17332838585137958j),(-1.0794593033849813+4.90176662356238j)
"(2.303030303030303, -4.428571428571429)","(2.303030303030303, -4.428571428571429)",(-4.601763931087803+0.7591395188923719j),(0.5534074169980161+0.1580421560408523j),(-0.09221875251955762+0.12514313656182308j),(-5.062952595566262+0.47595422628969647j)
"(2.3454545454545452, -4.428571428571429)","(2.3454545454545452, -4.428571428571429)",(-1.672122620932637-4.324840310488023j),(0.4821516378307169+0.3391939259628561j),(-0.12363994297329801+0.0498858347038036j),(-2.030634315790056-4.713920071154683j)
"(2.3878787878787877, -4.428571428571429)","(2.3878787878787877, -4.428571428571429)",(4.116758322639247-2.935169318957937j),(0.34738214536357337+0.4896917413194779j),(-0.10576020710376224-0.018157848726029314j),(3.8751363843794353-3.4067032115513856j)
"(2.43030303030303, -4.428571428571429)","(2.43030303030303, -4.428571428571429)",(4.548079494118375+3.169096071880111j),(0.16253854633867054+0.5858935242604999j),(-0.05895280536517504-0.05017700820027267j),(4.444493753144879+2.6333795558198836j)
"(2.4727272727272727, -4.428571428571429)","(2.4727272727272727, -4.428571428571429)",(-1.1967056793440565+5.59765671174959j),(-0.049699780525393596+0.6102352274931185j),(-0.01886416887042157-0.04052945513006649j),(-1.1281417299482412+5.027950939386538j)
"(2.515151515151515, -4.428571428571429)","(2.515151515151515, -4.428571428571429)",(-5.374888557208462+1.0126288762741078j),(-0.2602425919937943+0.5549957041237529j),(-0.01384882294897873-0.013412696419045583j),(-5.100797142265689+0.47104586856940067j)
"(2.5575757575757576, -4.428571428571429)","(2.5575757575757576, -4.428571428571429)",(-2.470468965223608-4.254630076579954j),(-0.4380122009300373+0.42471098031245513j),(-0.04172493121198022-0.008302138063940548j),(-1.9907318330815906-4.671038918828468j)
"(2.6, -4.428571428571429)","(2.6, -4.428571428571429)",(3.183544059194218-3.089481357239867j),(-0.5553011382983094+0.23653672736044326j),(-0.0655578322179948-0.048502527808110464j),(3.8044030297105222-3.2775155567922j)
"(2.6424242424242426, -4.428571428571429)","(2.6424242424242426, -4.428571428571429)",(3.583582596028579+2.5130285592885473j),(-0.5930837498247+0.018188011797733307j),(-0.03900082543883352-0.11477952561469476j),(4.215667171292113+2.609620073105509j)
"(2.684848484848485, -4.428571428571429)","(2.684848484848485, -4.428571428571429)",(-1.712959081073842+4.39006198698005j),(-0.5451503649769566-0.1964328054887509j),(0.05187099296647385-0.14981866156735812j),(-1.2196797090633593+4.736313454036159j)
"(2.727272727272727, -4.428571428571429)","(2.727272727272727, -4.428571428571429)",(-5.074862228435405-0.24591833678347144j),(-0.4200249323908093-0.37326423602919334j),(0.16345533637663168-0.09946197738853108j),(-4.818292632421228+0.22680787663425298j)
"(2.7696969696969695, -4.428571428571429)","(2.7696969696969695, -4.428571428571429)",(-1.6262220661045073-4.931180809054159j),(-0.2399896699872786-0.4846322075759649j),(0.21472271077416127+0.0359413562105407j),(-1.6009551068913899-4.482489957688735j)
"(2.812121212121212, -4.428571428571429)","(2.812121212121212, -4.428571428571429)",(3.8926025600036898-3.1244120113940244j),(-0.03713336782368832-0.5148964820731984j),(0.14735383491736442+0.18441882838052678j),(3.7823820929100136-2.7939343577013527j)
"(2.8545454545454545, -4.428571428571429)","(2.8545454545454545, -4.428571428571429)",(3.856988559780042+2.57427011221772j),(0.15294892724092957-0.4638122416732529j),(-0.018103406351241948+0.24450111188222876j),(3.7221430388903545+2.793581242008744j)
"(2.896969696969697, -4.428571428571429)","(2.896969696969697, -4.428571428571429)",(-1.4878957630190695+4.144754613035221j),(0.29851801678858636-0.3466204612095551j),(-0.1818754489825221+0.16312942440903141j),(-1.6045383308251338+4.328245649835744j)
"(2.9393939393939394, -4.428571428571429)","(2.9393939393939394, -4.428571428571429)",(-4.434353760020098-0.5128682523094159j),(0.37841158411180154-0.19059984947067882j),(-0.23297496319383934-0.01273082015000075j),(-4.579790380938061-0.3095375826887363j)
"(2.981818181818182, -4.428571428571429)","(2.981818181818182, -4.428571428571429)",(-0.7474671294841506-4.657713641024133j),(0.3864079477494839-0.028707085632760376j),(-0.13791065850755685-0.16188336404647274j),(-0.9959644187260777-4.4671231913449j)
"(3.0242424242424244, -4.428571428571429)","(3.0242424242424244, -4.428571428571429)",(4.359491902907171-2.2919728875667533j),(0.3319778110253234+0.10822635163444777j),(0.02567930669813499-0.18176292821195067j),(4.001834785183712-2.2184363109892504j)
"(3.066666666666667, -4.428571428571429)","(3.066666666666667, -4.428571428571429)",(3.6343343792345997+3.340468657652609j),(0.23704823484190682+0.19873893198860235j),(0.12829686536384252-0.07446840065898248j),(3.26898927902885+3.216198126322989j)
"(3.109090909090909, -4.428571428571429)","(3.109090909090909, -4.428571428571429)",(-1.935579727455286+4.354955081137072j),(0.12950243928130534+0.23540748851255777j),(0.09816800487803751+0.0527291250882342j),(-2.163250171614629+4.0668184675362795j)
"(3.1515151515151514, -4.428571428571429)","(3.1515151515151514, -4.428571428571429)",(-4.523122028994966-0.6092875965593842j),(0.03515569942510259+0.22550846922848355j),(-0.014282014298710129+0.08178080820885628j),(-4.543995714121359-0.916576873996724j)
"(3.193939393939394, -4.428571428571429)","(3.193939393939394, -4.428571428571429)",(-0.5425132851799195-4.470309246148654j),(-0.029450530316930037+0.18733923598467142j),(-0.08169139762671979-0.006107192660682225j),(-0.4313713572362696-4.651541289472643j)
"(3.2363636363636363, -4.428571428571429)","(3.2363636363636363, -4.428571428571429)",(4.283082274483898-1.7386430898763774j),(-0.06116306470545473+0.14319951656826346j),(-0.021750368666799177-0.10841116802843628j),(4.365995707856152-1.7734314384162047j)
"(3.278787878787879, -4.428571428571429)","(3.278787878787879, -4.428571428571429)",(3.040563770810549+3.7092379896763172j),(-0.0697839195913394+0.11119727326598922j),(0.1155221334814856-0.097156820352056j),(2.9948255569204028+3.695197536762384j)
"(3.3212121212121213, -4.428571428571429)","(3.3212121212121213, -4.428571428571429)",(-2.5695393976121776+4.131666460350982j),(-0.07303495384568091+0.09862167666883012j),(0.1852813455605668+0.05007844249376538j),(-2.6817857893270634+3.982966341188387j)
"(3.3636363636363638, -4.428571428571429)","(3.3636363636363638, -4.428571428571429)",(-4.640986698825384-1.092301284005265j),(-0.08845548247656508+0.09933234822447422j),(0.08646633080312219+0.2115004439222551j),(-4.638997547151941-1.4031340761519944j)
"(3.4060606060606062, -4.428571428571429)","(3.4060606060606062, -4.428571428571429)",(-0.28450124539436594-4.568380458121209j),(-0.1250159946921982+0.09642129733561426j),(-0.1264303705263776+0.22472703652413717j),(-0.03305488017579017-4.88952879198096j)
"(3.4484848484848487, -4.428571428571429)","(3.4484848484848487, -4.428571428571429)",(4.2445307864485535-1.3826874901862025j),(-0.17763739249943702+0.06960404644656518j),(-0.27458020147412837+0.045236861541452j),(4.696748380422119-1.4975283981742198j)
"(3.4909090909090907, -4.428571428571429)","(3.4909090909090907, -4.428571428571429)",(2.4102706091879034+3.876769409648972j),(-0.2270925403894097+0.004954294145389838j),(-0.21451326598310153-0.1933653496586013j),(2.851876415560415+4.065180465162183j)
"(3.533333333333333, -4.428571428571429)","(3.533333333333333, -4.428571428571429)",(-3.270493784538836+3.57805570977859j),(-0.2460267290882545-0.09660960058849187j),(0.01930775182292349-0.28842463553356096j),(-3.0437748072735054+3.963089945900643j)
"(3.5757575757575757, -4.428571428571429)","(3.5757575757575757, -4.428571428571429)",(-4.695442746690287-2.0932747534581524j),(-0.2095611986447431-0.21569290091320595j),(0.23251031273042325-0.1548879503105503j),(-4.718391860775967-1.7226939022343961j)
"(3.618181818181818, -4.428571428571429)","(3.618181818181818, -4.428571428571429)",(0.36314156350237925-5.267522058961444j),(-0.10692360794334482-0.31788298044330393j),(0.24510304184402987+0.08868271594310423j),(0.22496212960169423-5.038321794461244j)
"(3.6606060606060606, -4.428571428571429)","(3.6606060606060606, -4.428571428571429)",(4.997235732961011-1.4435740877191159j),(0.050397114798298254-0.36408500078933076j),(0.06057037431320787+0.22659331714894498j),(4.886268243849504-1.3060824040787302j)
"(3.703030303030303, -4.428571428571429)","(3.703030303030303, -4.428571428571429)",(2.8119553531715082+4.0982532059888515j),(0.22780529508451702-0.32477941973278723j),(-0.13782438986342793+0.14989257194627648j),(2.7219744479504193+4.2731400537753625j)
"(3.7454545454545456, -4.428571428571429)","(3.7454545454545456, -4.428571428571429)",(-3.047702818635889+3.650404245495702j),(0.3756177043604951-0.1932420614831375j),(-0.16676025536952796-0.04137782554166656j),(-3.256560267626856+3.885024132520506j)
"(3.787878787878788, -4.428571428571429)","(3.787878787878788, -4.428571428571429)",(-4.26188831742447-2.070517040040735j),(0.4442632308098694+0.007587679764557306j),(-0.023201992838194713-0.14337919966570017j),(-4.682949555396144-1.934725520139592j)
"(3.83030303030303, -4.428571428571429)","(3.83030303030303, -4.428571428571429)",(0.9560793325258299-4.871172349045289j),(0.40191980014172923+0.2282143166292146j),(0.11837986265155627-0.05890498612192377j),(0.4357796697325444-5.04048167955258j)
"(3.872727272727273, -4.428571428571429)","(3.872727272727273, -4.428571428571429)",(5.268110340999143-0.5875508640896228j),(0.2482184471711799+0.4059243252087535j),(0.09324420074825852+0.10242777269019139j),(4.926647693079705-1.0959029619885676j)
"(3.915151515151515, -4.428571428571429)","(3.915151515151515, -4.428571428571429)",(2.4589687725701648+4.984430390939705j),(0.01831329655223081+0.4846713411519205j),(-0.07415481668857984+0.14270864609109393j),(2.514810292706514+4.35705040369669j)
"(3.957575757575758, -4.428571428571429)","(3.957575757575758, -4.428571428571429)",(-3.8072473803089837+4.117603550077961j),(-0.22536671931088373+0.4348272931855272j),(-0.19076268711899405-0.006204860770489703j),(-3.3911179738791057+3.688981117662923j)
"(4.0, -4.428571428571429)","(4.0, -4.428571428571429)",(-5.026892353938568-2.056397942928579j),(-0.4119123426121521+0.26540245123199163j),(-0.10229823434205451-0.19689780192289716j),(-4.512681776984362-2.124902592237673j)
"(-0.2, -4.142857142857143)","(-0.2, -4.142857142857143)",(-2.970886006498761+3.1174226156040628j),(-0.3525882919258505-0.45392621980064524j),(0.7659736894815722+0.025866846573780515j),(-3.3842714040544823+3.5454819888309275j)
"(-0.1575757575757576, -4.142857142857143)","(-0.1575757575757576, -4.142857142857143)",(2.489480666287292+4.778497826927838j),(-0.3660489214360478-0.44733574153752304j),(0.7723858366791685-0.03400809980607501j),(2.083143751044171+5.259841668271436j)
"(-0.11515151515151516, -4.142857142857143)","(-0.11515151515151516, -4.142857142857143)",(5.7701048369008445+0.0008541926807853484j),(-0.3760879680821973-0.44229317785145206j),(0.7741012193955874-0.07878368416186993j),(5.372091585587454+0.5219310546941073j)
"(0.1393939393939394, -4.142857142857143)","(0.1393939393939394, -4.142857142857143)",(4.56982563306889+3.4166807106535995j),(-0.3659644418854473-0.45191011788063395j),(0.7759605539458643-0.00984514855111574j),(4.159829521008472+3.878435977085349j)
"(0.18181818181818182, -4.142857142857143)","(0.18181818181818182, -4.142857142857143)",(-1.05963975314977+4.846410538664117j),(-0.352242599486008-0.4597403813489017j),(0.7671375040194018+0.05729544113701814j),(-1.474534657683164+5.248855478876001j)
"(0.22424242424242424, -4.142857142857143)","(0.22424242424242424, -4.142857142857143)",(-4.029116649995961+0.05345028774700944j),(-0.33485847547566516-0.46874657121000574j),(0.747269417609167+0.13781738274840533j),(-4.4415275921294635+0.38437947620860985j)
"(0.26666666666666666, -4.142857142857143)","(0.26666666666666666, -4.142857142857143)",(-0.32003480617497393-4.000313484558945j),(-0.3137125391104998-0.47851347822769724j),(0.7115565865033858+0.22853308259992974j),(-0.71787885356786-3.750333088931178j)
"(0.30909090909090914, -4.142857142857143)","(0.30909090909090914, -4.142857142857143)",(4.593697446156039-1.430585063099083j),(-0.2887259992323065-0.48854014885031255j),(0.655307461279244+0.3244546173065196j),(4.227115984109101-1.26649953155529j)
"(0.3515151515151515, -4.142857142857143)","(0.3515151515151515, -4.142857142857143)",(3.474084997188239+4.246614812568159j),(-0.25986043435495376-0.49824199592928603j),(0.5747583067396326+0.4185360608849303j),(3.15918712480356+4.326320747612514j)
"(0.393939393939394, -4.142857142857143)","(0.393939393939394, -4.142857142857143)",(-2.4530382805030304+5.055201200066458j),(-0.22714010745098856-0.5069561997088994j),(0.46811681928333604+0.501721423699854j),(-2.694014992335378+5.060435976075503j)
"(0.43636363636363634, -4.142857142857143)","(0.43636363636363634, -4.142857142857143)",(-5.199791682316438-0.20730834279593513j),(-0.19067631154600345-0.5139515550593992j),(0.33672449484207834+0.5634662476480391j),(-5.345839865612513-0.25682303538457507j)
"(0.4787878787878788, -4.142857142857143)","(0.4787878787878788, -4.142857142857143)",(-1.2522047980415576-4.283776109251493j),(-0.15069274915932654-0.5184439449496887j),(0.18612593650673606+0.5928720317885472j),(-1.2876379853889672-4.358204196090351j)
"(0.5212121212121212, -4.142857142857143)","(0.5212121212121212, -4.142857142857143)",(3.50856992874117-1.6974440613064106j),(-0.1075505390980461-0.5196185433290343j),(0.026723996488671287+0.5804791421313152j),(3.5893964713505446-1.7583046601086914j)
"(0.5636363636363637, -4.142857142857143)","(0.5636363636363637, -4.142857142857143)",(2.143992977245113+3.5305535615224133j),(-0.06177098608854309-0.516659639088146j),(-0.12637341254348+0.5205928997896438j),(2.3321373758771364+3.5266203008209156j)
"(0.6060606060606062, -4.142857142857143)","(0.6060606060606062, -4.142857142857143)",(-3.510093309324255+3.5813804113485137j),(-0.014053774408707935-0.5087885919823018j),(-0.2546923428386325+0.41377914480213407j),(-3.2413471920769146+3.6763898585286814j)
"(0.6484848484848484, -4.142857142857143)","(0.6484848484848484, -4.142857142857143)",(-5.399725187996215-2.0795491104999124j),(0.034712194848805916-0.4953098504707964j),(-0.3391337974129293+0.26890604784307687j),(-5.095303585432092-1.8531453078721931j)
"(0.6909090909090909, -4.142857142857143)","(0.6909090909090909, -4.142857142857143)",(-0.6069692736073378-5.878207080414347j),(0.08344844429761294-0.47566415961533054j),(-0.36399477165214855+0.10391722870900669j),(-0.3264229462528022-5.506460149508023j)
"(0.7333333333333334, -4.142857142857143)","(0.7333333333333334, -4.142857142857143)",(4.506404126783093-2.7446082873236257j),(0.13090031446347672-0.44948706203746863j),(-0.3216564424627179-0.0554815548186088j),(4.697160254782334-2.239639670467548j)
"(0.7757575757575759, -4.142857142857143)","(0.7757575757575759, -4.142857142857143)",(3.213884280672026+2.790510733956836j),(0.17566725413350479-0.4166695718958466j),(-0.21679075377833246-0.17973579254338426j),(3.2550077803168533+3.386916098396067j)
"(0.8181818181818183, -4.142857142857143)","(0.8181818181818183, -4.142857142857143)",(-2.16791466337731+3.0130439092093635j),(0.2162526184433077-0.3774165445032652j),(-0.0685546282916093-0.24180367527315857j),(-2.3156126535290085+3.632264128985787j)
"(0.8606060606060608, -4.142857142857143)","(0.8606060606060608, -4.142857142857143)",(-3.636271281997892-2.10386624322235j),(0.25113455252817246-0.3322968837647519j),(0.09073582099613164-0.22486502362872768j),(-3.978141655522196-1.5467043358288703j)
"(0.9030303030303031, -4.142857142857143)","(0.9030303030303031, -4.142857142857143)",(1.1285690020767905-4.914506751213259j),(0.278857918229011-0.282278491568127j),(0.2213191855285496-0.12930439171676633j),(0.6283918983192297-4.502923867928366j)
"(0.9454545454545455, -4.142857142857143)","(0.9454545454545455, -4.142857142857143)",(5.441631376986462-0.9752537366692394j),(0.2981449760355937-0.2287399884714856j),(0.28566518075386804+0.023682983120807195j),(4.857821220197-0.770196731318561j)
"(0.987878787878788, -4.142857142857143)","(0.987878787878788, -4.142857142857143)",(3.0442798320468505+4.579809081676745j),(0.3080196988564097-0.1734509921456101j),(0.2599991721313298+0.19424021355390395j),(2.4762609610591113+4.559019860268451j)
"(1.0303030303030305, -4.142857142857143)","(1.0303030303030305, -4.142857142857143)",(-3.0096109275249803+4.18700779157609j),(0.30793730574340167-0.11851342580192945j),(0.14406560515193548+0.3327296256442993j),(-3.4616138384203174+3.9727915917337207j)
"(1.0727272727272728, -4.142857142857143)","(1.0727272727272728, -4.142857142857143)",(-4.562475190304645-1.527266780351783j),(0.297907129373874-0.06625823364953583j),(-0.0349945656027551+0.3939449820446389j),(-4.825387754075764-1.8549535287468861j)
"(1.1151515151515152, -4.142857142857143)","(1.1151515151515152, -4.142857142857143)",(0.2482334182840218-4.619186508906782j),(0.2785936850917002-0.0190952375635693j),(-0.227656298828262+0.35261952039958494j),(0.1972960320205836-4.952710791742797j)
"(1.1575757575757577, -4.142857142857143)","(1.1575757575757577, -4.142857142857143)",(4.444972809541078-0.9671333031501628j),(0.25137835313148843+0.020681211089876084j),(-0.37605233481983125+0.21447345065071924j),(4.56964679122942-1.202287964890758j)
"(1.2000000000000002, -4.142857142857143)","(1.2000000000000002, -4.142857142857143)",(2.083383413695338+4.0103472330131735j),(0.21836310156020214+0.05112173705052296j),(-0.43333869245327683+0.017423708995149688j),(2.298359004588413+3.941801786967501j)
"(1.2424242424242427, -4.142857142857143)","(1.2424242424242427, -4.142857142857143)",(-3.3898545694598083+3.089562108424392j),(0.182298906675266+0.07087005476502789j),(-0.38143621553039175-0.17940535474589878j),(-3.1907172606046825+3.198097408405263j)
"(1.284848484848485, -4.142857142857143)","(1.284848484848485, -4.142857142857143)",(-4.069811400317118-2.513167368589348j),(0.14642566724125905+0.07940523452291331j),(-0.23940649324839958-0.31626831347133044j),(-3.976830574309977-2.276304289640931j)
"(1.3272727272727274, -4.142857142857143)","(1.3272727272727274, -4.142857142857143)",(1.1718414230836445-4.855470957403583j),(0.11421796760962825+0.0772464283451983j),(-0.05750955797675921-0.3554636544720576j),(1.1151330134507755-4.577253731276723j)
"(1.3696969696969699, -4.142857142857143)","(1.3696969696969699, -4.142857142857143)",(5.032875315557292-0.5197952808036956j),(0.08904216503712363+0.0660832074446575j),(0.10213603979616201-0.2962934302340239j),(4.841697110724007-0.2895850580143292j)
"(1.4121212121212123, -4.142857142857143)","(1.4121212121212123, -4.142857142857143)",(2.0652792212402122+4.494963152776203j),(0.07374454479349399+0.048793235294843654j),(0.1908036358479548-0.1747857344608695j),(1.8007310405987633+4.620955651942229j)
"(1.4545454545454546, -4.142857142857143)","(1.4545454545454546, -4.142857142857143)",(-3.6065663745601046+3.176923624337851j),(0.07020656378303393+0.029312973680016625j),(0.19300239381705478-0.047188054709963595j),(-3.8697753321601933+3.194798705367798j)
"(1.496969696969697, -4.142857142857143)","(1.496969696969697, -4.142857142857143)",(-4.0434601414310665-2.6258955959061474j),(0.07891952251585363+0.012337889043639444j),(0.13116839934647415+0.03572376170305268j),(-4.253548063293394-2.6739572466528396j)
"(1.5393939393939395, -4.142857142857143)","(1.5393939393939395, -4.142857142857143)",(1.3619749850267366-4.784202837328162j),(0.09864459149769156+0.0028469203652291015j),(0.052463058224457335+0.05122878295170725j),(1.2108673353045878-4.838278540645098j)
"(1.581818181818182, -4.142857142857143)","(1.581818181818182, -4.142857142857143)",(5.04438361491987-0.30004619778549j),(0.12623158484244448+0.005471417080487366j),(0.004142352522562596+0.012809778577487423j),(4.914009677554863-0.31832739344346483j)
"(1.6242424242424245, -4.142857142857143)","(1.6242424242424245, -4.142857142857143)",(1.9108932169212158+4.5117074224580085j),(0.15666763621858423+0.023759494493439916j),(0.010236558918365266-0.040104838269246296j),(1.7439890217842664+4.528052766233815j)
"(1.6666666666666667, -4.142857142857143)","(1.6666666666666667, -4.142857142857143)",(-3.523997804516613+2.9452517047187055j),(0.18341184727137175+0.05941918091028127j),(0.0616210801206122-0.06482551379003183j),(-3.7690307319085967+2.950658037598456j)
"(1.7090909090909092, -4.142857142857143)","(1.7090909090909092, -4.142857142857143)",(-3.5474224181149703-2.6586823577209584j),(0.19904217315328304+0.11165251437935371j),(0.12392204542434801-0.03784730448447327j),(-3.870386636692601-2.7324875676158387j)
"(1.7515151515151517, -4.142857142857143)","(1.7515151515151517, -4.142857142857143)",(1.8596996687205352-4.2517423064184845j),(0.1961965902670599+0.17671122918964946j),(0.15756438909058954+0.03479145746926681j),(1.5059386893628857-4.463244993077401j)
"(1.7939393939393942, -4.142857142857143)","(1.7939393939393942, -4.142857142857143)",(5.008170619408024+0.5425610886614094j),(0.16873526189634502+0.24780573474649203j),(0.1380072424974177+0.12327903517021892j),(4.701428115014261+0.1714763187446984j)
"(1.8363636363636366, -4.142857142857143)","(1.8363636363636366, -4.142857142857143)",(1.3629448247790088+5.071167828463041j),(0.11299077011501163+0.3154764929392433j),(0.06570034108146222+0.19044054379849268j),(1.1842537135825348+4.565250791725306j)
"(1.8787878787878791, -4.142857142857143)","(1.8787878787878791, -4.142857142857143)",(-4.058267274244827+3.0401597316667623j),(0.028919696781987712+0.3684869853038048j),(-0.037051585561365744+0.20845472624910266j),(-4.050135385465449+2.463218020113855j)
"(1.9212121212121216, -4.142857142857143)","(1.9212121212121216, -4.142857142857143)",(-3.774437678265786-2.6148452378813873j),(-0.07906644634760104+0.3952209557384637j),(-0.1372968859813082+0.1680852385179234j),(-3.558074345936877-3.1781514321377746j)
"(1.9636363636363636, -4.142857142857143)","(1.9636363636363636, -4.142857142857143)",(1.6017280156956133-3.898279528519779j),(-0.2018164966867916+0.3854701478763217j),(-0.20331332028264362+0.07940474696552652j),(2.0068578326650486-4.363154423361627j)
"(2.006060606060606, -4.142857142857143)","(2.006060606060606, -4.142857142857143)",(4.251143554275317+0.9308095135681784j),(-0.32588749402913525+0.33239558104535755j),(-0.21333339253647826-0.032280748937933146j),(4.79036444084093+0.630694681460754j)
"(2.0484848484848484, -4.142857142857143)","(2.0484848484848484, -4.142857142857143)",(0.22954205408746398+4.886571066460074j),(-0.43482403978813255+0.23435481128066163j),(-0.16187816277635808-0.1325274660905442j),(0.8262442566519546+4.784743721269956j)
"(2.090909090909091, -4.142857142857143)","(2.090909090909091, -4.142857142857143)",(-4.9110465215608805+2.1335021566846164j),(-0.5112357675285883+0.096232631833215j),(-0.06449535012428516-0.18699514669529504j),(-4.335315403908007+2.2242646715466963j)
"(2.1333333333333333, -4.142857142857143)","(2.1333333333333333, -4.142857142857143)",(-3.9222437588470704-3.7242995121474833j),(-0.5394768632125145-0.070084046222545j),(0.042795175976583576-0.17539149944624657j),(-3.4255620716111395-3.478823966478692j)
"(2.175757575757576, -4.142857142857143)","(2.175757575757576, -4.142857142857143)",(1.902961044703067-4.663473788807799j),(-0.5085647837711577-0.24636806240929485j),(0.1155140680569209-0.10561023925304311j),(2.296011760417304-4.311495487145462j)
"(2.2181818181818183, -4.142857142857143)","(2.2181818181818183, -4.142857142857143)",(4.505990194953432+0.4753159982143886j),(-0.41483995326416495-0.40997342783628615j),(0.1241946223347375-0.016387705728364343j),(4.796635525882859+0.9016771317790391j)
"(2.2606060606060607, -4.142857142857143)","(2.2606060606060607, -4.142857142857143)",(0.38204973974509016+4.342002917461864j),(-0.26380354586175825-0.5369136819441183j),(0.07654661860008402+0.04124691745399626j),(0.5693066670067644+4.8376696819519855j)
"(2.303030303030303, -4.142857142857143)","(2.303030303030303, -4.142857142857143)",(-4.488733924154309+1.410037856234239j),(-0.07061094418021534-0.605734211199503j),(0.018311078568383304+0.03825678269781602j),(-4.436434058542478+1.9775152847359259j)
"(2.3454545454545452, -4.142857142857143)","(2.3454545454545452, -4.142857142857143)",(-3.0493679060893784-4.245220180227999j),(0.14113658005310922-0.6015707439841768j),(0.0032191338273218004-0.006254729131567475j),(-3.1937236199698096-3.6373947071122554j)
"(2.3878787878787877, -4.142857142857143)","(2.3878787878787877, -4.142857142857143)",(2.9112385946969495-4.664263364995789j),(0.34237554677736187-0.5196183824571089j),(0.04817785498434781-0.03354677641559653j),(2.5206851929352396-4.111098206123084j)
"(2.43030303030303, -4.142857142857143)","(2.43030303030303, -4.142857142857143)",(5.267032602896582+0.833375260167412j),(0.5030468877967726-0.36720439087938017j),(0.11021400640193546+0.008337244580274662j),(4.653771708697874+1.1922424064665176j)
"(2.4727272727272727, -4.142857142857143)","(2.4727272727272727, -4.142857142857143)",(0.937986982629679+4.730070787006847j),(0.5973727128133919-0.16380532553810417j),(0.11326785872771243+0.11238655058806751j),(0.22734641108857465+4.781489561956883j)
"(2.515151515151515, -4.142857142857143)","(2.515151515151515, -4.142857142857143)",(-3.8680400466787788+1.877747321283885j),(0.608965514041645+0.06131776069758648j),(0.01363152232310346+0.202517459017583j),(-4.490637083043527+1.6139121015687157j)
"(2.5575757575757576, -4.142857142857143)","(2.5575757575757576, -4.142857142857143)",(-2.462908277253563-3.3519197574613013j),(0.5346564868184243+0.2737126486680016j),(-0.14781966574077904+0.18669794908064696j),(-2.849745098331208-3.8123303552099497j)
"(2.6, -4.142857142857143)","(2.6, -4.142857142857143)",(2.934515900977411-3.353149772555313j),(0.38603638691053893+0.43986645790091605j),(-0.25987122653483047+0.03911877049898386j),(2.8083507406017025-3.8321350009552133j)
"(2.6424242424242426, -4.142857142857143)","(2.6424242424242426, -4.142857142857143)",(4.443955565160642+1.9397699299061766j),(0.1880774519533654+0.5337116273968942j),(-0.22441544178242348-0.15951328941889772j),(4.4802935549897+1.5655715919281803j)
"(2.684848484848485, -4.142857142857143)","(2.684848484848485, -4.142857142857143)",(-0.2603927492920888+5.011841203943502j),(-0.025192826914708658+0.5420809679973395j),(-0.0459182878035944-0.2709524490635041j),(-0.18928163457378575+4.740712685009666j)
"(2.727272727272727, -4.142857142857143)","(2.727272727272727, -4.142857142857143)",(-4.652550577312909+1.4624242532591163j),(-0.21728014227674333+0.46773957842344943j),(0.15570503383445783-0.20972661398855902j),(-4.5909754688706235+1.204411288824226j)
"(2.7696969696969695, -4.142857142857143)","(2.7696969696969695, -4.142857142857143)",(-2.619386621637493-3.7355418454744025j),(-0.35673252197819555+0.329043317496384j),(0.23434729625898232-0.022711144222443254j),(-2.49700139591828-4.041874018748343j)
"(2.812121212121212, -4.142857142857143)","(2.812121212121212, -4.142857142857143)",(2.8551506754558234-3.279706992369248j),(-0.42382651037141533+0.15601663030584406j),(0.14146826752807265+0.14092482267688602j),(3.137508918299166-3.5766484453519785j)
"(2.8545454545454545, -4.142857142857143)","(2.8545454545454545, -4.142857142857143)",(3.905764642913089+2.092135442805343j),(-0.41469913523937435-0.016444225539891385j),(-0.027001840881381935+0.15561393497032605j),(4.347465619033845+1.9529657333749082j)
"(2.896969696969697, -4.142857142857143)","(2.896969696969697, -4.142857142857143)",(-1.0445630396697303+4.614643309242175j),(-0.34169252606582234-0.15668705224497925j),(-0.1136096495034853+0.0330100028444375j),(-0.5892608641004227+4.738320358642717j)
"(2.9393939393939394, -4.142857142857143)","(2.9393939393939394, -4.142857142857143)",(-4.985537124483084+0.5041160711197039j),(-0.2295991023909515-0.24366005855300787j),(-0.04573783539577791-0.08669054184530271j),(-4.710200186696355+0.8344666715180145j)
"(2.981818181818182, -4.142857142857143)","(2.981818181818182, -4.142857142857143)",(-2.2085358627609617-4.601191605411792j),(-0.10863219813171178-0.27144679335458705j),(0.09121924976569885-0.06862644375327817j),(-2.1911229143949487-4.261118368303927j)
"(3.0242424242424244, -4.142857142857143)","(3.0242424242424244, -4.142857142857143)",(3.554750020339027-3.5280120921185896j),(-0.005983626449291315-0.24955821091076058j),(0.1330597788649887+0.07888635522768536j),(3.4276738679233296-3.3573402364355145j)
"(3.066666666666667, -4.142857142857143)","(3.066666666666667, -4.142857142857143)",(4.289977165188161+2.2850797442890536j),(0.061578317857586974-0.19872230780505715j),(0.002941398934227197+0.20106898723259528j),(4.225457448396347+2.2827330648615156j)
"(3.109090909090909, -4.142857142857143)","(3.109090909090909, -4.142857142857143)",(-1.0339483343360079+4.715872693077074j),(0.09173169835410586-0.14330122282281224j),(-0.1964741106224424+0.14477893298693167j),(-0.9292059220676714+4.714394982912955j)
"(3.1515151515151514, -4.142857142857143)","(3.1515151515151514, -4.142857142857143)",(-4.949893115436316+0.3283476235352943j),(0.09579969890790307-0.10265758795291174j),(-0.2676264419810945-0.07854833355504676j),(-4.778066372363124+0.5095535450432528j)
"(3.193939393939394, -4.142857142857143)","(3.193939393939394, -4.142857142857143)",(-1.9196873429330203-4.776478138512571j),(0.09317062667798204-0.08435142704331644j),(-0.11116240442733005-0.28188138815900543j),(-1.9016955651836722-4.410245323310249j)
"(3.2363636363636363, -4.142857142857143)","(3.2363636363636363, -4.142857142857143)",(3.9080704251295497-3.4726097661298274j),(0.10264631212181106-0.08168439372930193j),(0.16015744937928697-0.27112174591043026j),(3.6452666636284516-3.1198036264900955j)
"(3.278787878787879, -4.142857142857143)","(3.278787878787879, -4.142857142857143)",(4.498813140160208+2.439675045969979j),(0.1336970862831712-0.0768059988226041j),(0.31180610487509886-0.03801061971261259j),(4.053309949001938+2.554491664505196j)
"(3.3212121212121213, -4.142857142857143)","(3.3212121212121213, -4.142857142857143)",(-0.8499812759781689+4.788026633475812j),(0.18096125654216805-0.04868196604798393j),(0.20807065670972244+0.21770460249803505j),(-1.2390131892300593+4.619003997025761j)
"(3.3636363636363638, -4.142857142857143)","(3.3636363636363638, -4.142857142857143)",(-4.5959300965019505+0.4696679824990302j),(0.2245000104406675+0.016692187826294395j),(-0.05189399601354578+0.27249896064755486j),(-4.768536110929072+0.18047683402518094j)
"(3.4060606060606062, -4.142857142857143)","(3.4060606060606062, -4.142857142857143)",(-1.5652008167166462-4.279572652133478j),(0.2364273808984646+0.11765003254687431j),(-0.22617909194710736+0.09502072962629912j),(-1.5754491056680036-4.492243414306651j)
"(3.4484848484848487, -4.142857142857143)","(3.4484848484848487, -4.142857142857143)",(3.8439131426977617-2.713010539093913j),(0.19212998736730663+0.23351570980530323j),(-0.1673163053225249-0.12490541049084647j),(3.8190994606529802-2.82162083840837j)
"(3.4909090909090907, -4.142857142857143)","(3.4909090909090907, -4.142857142857143)",(3.9260525754798548+2.9712389228526472j),(0.0822192497698131+0.3287486717649523j),(0.03369937504352212-0.17054481924505036j),(3.8101339506665197+2.813035070332745j)
"(3.533333333333333, -4.142857142857143)","(3.533333333333333, -4.142857142857143)",(-1.4974701593662392+4.800651157746814j),(-0.07951625549649888+0.3641102830521377j),(0.14828140025080855-0.02027681408369406j),(-1.5662353041205488+4.45681768877837j)
"(3.5757575757575757, -4.142857142857143)","(3.5757575757575757, -4.142857142857143)",(-4.909502945088838+0.2565704489714401j),(-0.2560293693873231+0.3115233223070527j),(0.055354304845330916+0.13529932590080168j),(-4.7088278805468455-0.1902521992364143j)
"(3.618181818181818, -4.142857142857143)","(3.618181818181818, -4.142857142857143)",(-1.7179376697711661-4.276993510696224j),(-0.3961412713848328+0.1673086434509941j),(-0.12767420880779948+0.1039816837386098j),(-1.1941221895785339-4.548283837885828j)
"(3.6606060606060606, -4.142857142857143)","(3.6606060606060606, -4.142857142857143)",(3.3689157717799705-2.600760376036973j),(-0.4507592096348201-0.04168531256592712j),(-0.17315617310060671-0.0917882449367409j),(3.992831154515397-2.467286818534305j)
"(3.703030303030303, -4.142857142857143)","(3.703030303030303, -4.142857142857143)",(3.130813520131565+2.6003005126915446j),(-0.39094281705393125-0.26254316856844395j),(0.001032816395261503-0.23046865077370865j),(3.5207235207902348+3.093312332033697j)
"(3.7454545454545456, -4.142857142857143)","(3.7454545454545456, -4.142857142857143)",(-1.9237453348271547+3.702601645708142j),(-0.22110126272690367-0.431128190184217j),(0.22626991096978563-0.13191752331387857j),(-1.9289139830700366+4.265647359206238j)
"(3.787878787878788, -4.142857142857143)","(3.787878787878788, -4.142857142857143)",(-4.36772405491593-0.9598555143911883j),(0.018378630786038214-0.4929895019375042j),(0.25376888122791824+0.13341620449005717j),(-4.639871566929887-0.6002822169437413j)
"(3.83030303030303, -4.142857142857143)","(3.83030303030303, -4.142857142857143)",(-0.49096552274016353-4.73396330998764j),(0.26132798652796563-0.42308744649552715j),(0.026536237657411123+0.30162231912279736j),(-0.7788297469255403-4.61249818261491j)
"(3.872727272727273, -4.142857142857143)","(3.872727272727273, -4.142857142857143)",(4.378904009389291-2.137093183610177j),(0.43629134821365395-0.2367345885552405j),(-0.24357539266088513+0.19041986889961718j),(4.1861880538365215-2.0907784639545537j)
"(3.915151515151515, -4.142857142857143)","(3.915151515151515, -4.142857142857143)",(3.425209204297243+3.309853274219817j),(0.49049633824865707+0.013175767771690307j),(-0.2887750471228966-0.10021809040129351j),(3.2234879131714824+3.3968955968494203j)
"(3.957575757575758, -4.142857142857143)","(3.957575757575758, -4.142857142857143)",(-1.9695451917096476+4.0471313025639555j),(0.4084940841852441+0.25262940239107956j),(-0.06695663326395397-0.2850133178502576j),(-2.3110826426309377+4.0795152180231335j)
"(4.0, -4.142857142857143)","(4.0, -4.142857142857143)",(-4.172987439029196-0.800454648478618j),(0.2180961150058441+0.4112114306285081j),(0.19301225525918184-0.191104975736514j),(-4.584095809294222-1.0205611033706121j)
"(-0.2, -3.857142857142857)","(-0.2, -3.857142857142857)",(-4.212236933151351+4.500044060832994j),(-0.11519284543025024+0.5728835978863049j),(-0.4901741861097608-0.64122871366341j),(-3.6068699016113395+4.568389176610099j)
"(-0.1575757575757576, -3.857142857142857)","(-0.1575757575757576, -3.857142857142857)",(1.411492503664281+4.810795377291416j),(-0.10067011508816785+0.5792105226259142j),(-0.5513062832070892-0.6022331181131394j),(2.063468901959538+4.833817972778641j)
"(-0.11515151515151516, -3.857142857142857)","(-0.11515151515151516, -3.857142857142857)",(3.379582055335684-0.21868654367109372j),(-0.08973136104767439+0.5838350119331613j),(-0.5944799468277954-0.5696552278023588j),(4.063793363211154-0.23286632780189628j)
"(0.1393939393939394, -3.857142857142857)","(0.1393939393939394, -3.857142857142857)",(3.1379994100635273+2.8272787182016144j),(-0.10454280722737658+0.5823192575739667j),(-0.530767391163985-0.6252599597573953j),(3.773309608454889+2.870219420385043j)
"(0.18181818181818182, -3.857142857142857)","(0.18181818181818182, -3.857142857142857)",(-1.756741826306951+5.376092910777226j),(-0.12028701882943248+0.5766248960559608j),(-0.46027649158088435-0.66725536548453j),(-1.1761783158966341+5.466723380205795j)
"(0.22424242424242424, -3.857142857142857)","(0.22424242424242424, -3.857142857142857)",(-5.811302847105482+1.42573288353521j),(-0.13947224723477375+0.568754721379027j),(-0.3684379708247946-0.7070518167018786j),(-5.303392629045914+1.5640299788580616j)
"(0.26666666666666666, -3.857142857142857)","(0.26666666666666666, -3.857142857142857)",(-3.3830712693012375-3.6775554479720256j),(-0.16181554255098463+0.5583293772180509j),(-0.25516493338350754-0.7366202294284101j),(-2.9660907933667455-3.4992645957616664j)
"(0.30909090909090914, -3.857142857142857)","(0.30909090909090914, -3.857142857142857)",(2.061519907599411-2.9576562266282806j),(-0.1869447828184419+0.5449279129000416j),(-0.12284452380175709-0.7467315121440802j),(2.3713092142196097-2.7558526273842423j)
"(0.3515151515151515, -3.857142857142857)","(0.3515151515151515, -3.857142857142857)",(2.8348825935632704+2.3276090560007514j),(-0.2143861664162511+0.5281070582684401j),(0.022655995888912737-0.7279235396915671j),(3.0266127640906086+2.5274255374238783j)
"(0.393939393939394, -3.857142857142857)","(0.393939393939394, -3.857142857142857)",(-2.1195038760202953+4.461408378484427j),(-0.24355284780370837+0.5074254233308059j),(0.17130306522832964-0.672070998661621j),(-2.0472540934449164+4.6260539538152425j)
"(0.43636363636363634, -3.857142857142857)","(0.43636363636363634, -3.857142857142857)",(-5.730990793234517+0.15994210604450626j),(-0.2737363249477527+0.482472873093216j),(0.3089066777561225-0.5744976792293512j),(-5.766161146042887+0.2519669121806415j)
"(0.4787878787878788, -3.857142857142857)","(0.4787878787878788, -3.857142857142857)",(-2.766500719001524-4.789510310098743j),(-0.3041024748804269+0.45290500108981313j),(0.41822456278572967-0.4363408890181365j),(-2.8806228069068265-4.806074422170419j)
"(0.5212121212121212, -3.857142857142857)","(0.5212121212121212, -3.857142857142857)",(2.804674723768126-3.6787035792199716j),(-0.33369437078220876+0.4184821505441348j),(0.4814434315129947-0.2665982864009386j),(2.6569256630373403-3.830587443363168j)
"(0.5636363636363637, -3.857142857142857)","(0.5636363636363637, -3.857142857142857)",(3.4252801931703174+1.6905922337418167j),(-0.3614441491471919+0.3791118018058502j),(0.4840128831846729-0.08304251693504007j),(3.3027114591328366+1.3945229488710065j)
"(0.6060606060606062, -3.857142857142857)","(0.6060606060606062, -3.857142857142857)",(-1.3935620450544186+3.5953665349706103j),(-0.38619616581945+0.33489236560265356j),(0.419306275866051+0.08888813961965365j),(-1.4266721551010197+3.171586029748303j)
"(0.6484848484848484, -3.857142857142857)","(0.6484848484848484, -3.857142857142857)",(-4.415100243613944-0.6683297085669718j),(-0.40674341229739097+0.28615552245043685j),(0.2929791555357568+0.21987297836619132j),(-4.30133598685231-1.1743582093836j)
"(0.6909090909090909, -3.857142857142857)","(0.6909090909090909, -3.857142857142857)",(-0.9407312827007944-4.942158332153254j),(-0.4218785822964055+0.23350328703722195j),(0.12539975866187233+0.28315346264209945j),(-0.6442524590662613-5.458815081832576j)
"(0.7333333333333334, -3.857142857142857)","(0.7333333333333334, -3.857142857142857)",(4.493057175040723-2.887854771251399j),(-0.4304602126888623+0.1778350458358032j),(-0.049560620773793876+0.2625863788992152j),(4.9730780085033786-3.3282761959864176j)
"(0.7757575757575759, -3.857142857142857)","(0.7757575757575759, -3.857142857142857)",(4.437514998242529+3.0468279374645455j),(-0.4314929218866894+0.12035904967427596j),(-0.1904759304850866+0.16010077854393914j),(5.0594838506143045+2.76636810924633j)
"(0.8181818181818183, -3.857142857142857)","(0.8181818181818183, -3.857142857142857)",(-1.033958676409773+5.014409577929017j),(-0.4242189193937193+0.06258241322140964j),(-0.2587286053151664-0.0004149448040707269j),(-0.35101115170088737+4.952242109511678j)
"(0.8606060606060608, -3.857142857142857)","(0.8606060606060608, -3.857142857142857)",(-4.470041727183741+0.7219849427487208j),(-0.40821570825793574+0.006273785842682809j),(-0.23099082892918513-0.17556520121616417j),(-3.83083518999662+0.8912763581222022j)
"(0.9030303030303031, -3.857142857142857)","(0.9030303030303031, -3.857142857142857)",(-1.5210655585685726-3.4788723399562063j),(-0.3834923740645122-0.04660626481281281j),(-0.10970668486802661-0.3124276548755757j),(-1.0278664996360338-3.1198384202678175j)
"(0.9454545454545455, -3.857142857142857)","(0.9454545454545455, -3.857142857142857)",(3.0489517811381233-1.6704496806180777j),(-0.3505742773087462-0.09401026267295924j),(0.07320603452379039-0.36442817793565163j),(3.326320023923079-1.212011240009467j)
"(0.987878787878788, -3.857142857142857)","(0.987878787878788, -3.857142857142857)",(2.271002788328282+3.2548218981247747j),(-0.31056368109012045-0.13394434475802164j),(0.262849549407397-0.3083048106074216j),(2.3187169200110054+3.697071053490218j)
"(1.0303030303030305, -3.857142857142857)","(1.0303030303030305, -3.857142857142857)",(-3.016171772356551+3.767633672764727j),(-0.26516230547684433-0.16464023227284713j),(0.39790560807143344-0.15535650362040082j),(-3.14891507495114+4.087630408657975j)
"(1.0727272727272728, -3.857142857142857)","(1.0727272727272728, -3.857142857142857)",(-5.252086933531968-1.4870472899647296j),(-0.21664154514223274-0.1847493229886716j),(0.43243999771651553+0.04911706261864154j),(-5.467885386106251-1.3514150295946994j)
"(1.1151515151515152, -3.857142857142857)","(1.1151515151515152, -3.857142857142857)",(-0.8527692511284204-5.562203738714112j),(-0.16774769781308335-0.19354355465882958j),(0.35442728992307515+0.2402516837239577j),(-1.0394488432384121-5.6089118677792404j)
"(1.1575757575757577, -3.857142857142857)","(1.1575757575757577, -3.857142857142857)",(4.577673238195551-2.8501660677861462j),(-0.12153356188801132-0.19110151471574255j),(0.19213608931932266+0.35776867431552356j),(4.50707071076424-3.016833227385927j)
"(1.2000000000000002, -3.857142857142857)","(1.2000000000000002, -3.857142857142857)",(3.930876921242543+3.043156741125511j),(-0.08111454314450384-0.17845284268027145j),(0.0037679215020301315+0.3700770132405491j),(4.008223542885017+2.8515325705652335j)
"(1.2424242424242427, -3.857142857142857)","(1.2424242424242427, -3.857142857142857)",(-1.5784991607816605+4.2803335730781065j),(-0.04935702542083342-0.15765045731147j),(-0.1465880660958384+0.2869755343589894j),(-1.3825540692649887+4.151008496030587j)
"(1.284848484848485, -3.857142857142857)","(1.284848484848485, -3.857142857142857)",(-4.219761780888112-0.3564939601054166j),(-0.02851880696780311-0.13173988976717846j),(-0.21616930776686133+0.15393036703147053j),(-3.9750736661534476-0.3786844373697087j)
"(1.3272727272727274, -3.857142857142857)","(1.3272727272727274, -3.857142857142857)",(-0.5965767743251624-3.9617288575335805j),(-0.01987487726990883-0.1045993761479856j),(-0.2006383948043155+0.02984810888216773j),(-0.37606350225093815-3.8869775902677626j)
"(1.3696969696969699, -3.857142857142857)","(1.3696969696969699, -3.857142857142857)",(3.7343928641807564-1.3714071958758198j),(-0.02337501396918685-0.08063447127098047j),(-0.13222846378162484-0.040731614152274206j),(3.889996341931568-1.250041110452565j)
"(1.4121212121212123, -3.857142857142857)","(1.4121212121212123, -3.857142857142857)",(2.2991215317969256+3.5699612859073535j),(-0.03739024871674091-0.06432732977340722j),(-0.06011710782034692-0.04657899016247905j),(2.396628888334013+3.6808676058432397j)
"(1.4545454545454546, -3.857142857142857)","(1.4545454545454546, -3.857142857142857)",(-3.0384519174515225+3.5620312774759055j),(-0.05861030903855409-0.05966306096493771j),(-0.024168001546844044-0.010239678621298985j),(-2.9556736068661245+3.631934017062142j)
"(1.496969696969697, -3.857142857142857)","(1.496969696969697, -3.857142857142857)",(-4.700759249429492-1.6987253141271093j),(-0.08215065832411934-0.06948202346609197j),(-0.03666653613560991+0.02878397238961703j),(-4.581942054969763-1.6580272630506343j)
"(1.5393939393939395, -3.857142857142857)","(1.5393939393939395, -3.857142857142857)",(-0.16760869723945673-4.99196047057445j),(-0.10191308722945198-0.09483441026735553j),(-0.08105441563260886+0.036971419181048557j),(0.01535880562260411-4.934097479488143j)
"(1.581818181818182, -3.857142857142857)","(1.581818181818182, -3.857142857142857)",(4.368087139419681-1.741358961883392j),(-0.11121642497226651-0.1344373177591552j),(-0.1255971572703012+0.0023108653287682644j),(4.604900721662249-1.6092325094530051j)
"(1.6242424242424245, -3.857142857142857)","(1.6242424242424245, -3.857142857142857)",(2.667311050350842+3.4917078991418187j),(-0.10367421257412428-0.18434887323432497j),(-0.14127706760795064-0.06438018034365761j),(2.9122623305329167+3.740436952719801j)
"(1.6666666666666667, -3.857142857142857)","(1.6666666666666667, -3.857142857142857)",(-2.780251514827673+3.3873654875444887j),(-0.07424712211576594-0.23797269157926118j),(-0.11317710531412267-0.13878374583177286j),(-2.5928272873977845+3.7641219249555227j)
"(1.7090909090909092, -3.857142857142857)","(1.7090909090909092, -3.857142857142857)",(-4.261517890313356-1.8581614063667327j),(-0.020345614737607792-0.2864834956090781j),(-0.04237511279789536-0.19395082119106274j),(-4.198797162777852-1.3777270895665918j)
"(1.7515151515151517, -3.857142857142857)","(1.7515151515151517, -3.857142857142857)",(0.3129495664910519-4.847346049058622j),(0.05718807130325031-0.3197180088820704j),(0.05669317311203317-0.2069395860101998j),(0.19906832207576844-4.320688454166352j)
"(1.7939393939393942, -3.857142857142857)","(1.7939393939393942, -3.857142857142857)",(4.517198170419512-1.426716165176962j),(0.15341867442307322-0.32750498455102595j),(0.15799598183224478-0.16325672091638824j),(4.205783514164194-0.9359544597095478j)
"(1.8363636363636366, -3.857142857142857)","(1.8363636363636366, -3.857142857142857)",(2.531687188978231+3.490374910255286j),(0.2591775001458101-0.3013205664648683j),(0.22638558479689086-0.06414244338252366j),(2.0461241040355302+3.855837920102678j)
"(1.8787878787878791, -3.857142857142857)","(1.8787878787878791, -3.857142857142857)",(-2.6291327837766842+2.9344932824585572j),(0.36160387839436126-0.23606222217360134j),(0.2279777029482469+0.0647246492373128j),(-3.2187143651192924+3.1058308553948457j)
"(1.9212121212121216, -3.857142857142857)","(1.9212121212121216, -3.857142857142857)",(-3.420624316940632-2.2060649633958547j),(0.44544644591699223-0.1316539360489253j),(0.1505448311647794+0.17404354348712683j),(-4.0166155940224035-2.248454570834056j)
"(1.9636363636363636, -3.857142857142857)","(1.9636363636363636, -3.857142857142857)",(1.4808055346958864-4.412367223950884j),(0.4950783227423601+0.005851584624569992j),(0.02191159725547147+0.21173932674582988j),(0.9638156146980549-4.629958135321284j)
"(2.006060606060606, -3.857142857142857)","(2.006060606060606, -3.857142857142857)",(5.205098550357191-0.20394256521569099j),(0.4970291304264545+0.16400027932407116j),(-0.09436159461086517+0.15818642215672393j),(4.802431014541602-0.5261292666964861j)
"(2.0484848484848484, -3.857142857142857)","(2.0484848484848484, -3.857142857142857)",(2.3457766761232506+4.827197270766051j),(0.4426829732222508+0.3247424454652292j),(-0.1352397644002044+0.04985810585553105j),(2.038333467301204+4.452596719445292j)
"(2.090909090909091, -3.857142857142857)","(2.090909090909091, -3.857142857142857)",(-3.3504923098641686+3.7922036492199367j),(0.3306683727436341+0.46641319572421064j),(-0.08682611092367604-0.03650177076371436j),(-3.5943345716841266+3.3622922242594404j)
"(2.1333333333333333, -3.857142857142857)","(2.1333333333333333, -3.857142857142857)",(-4.150399250710968-1.808899562816475j),(0.16841081463177254+0.5667690659020642j),(-0.004237670346967738-0.03941219336187914j),(-4.314572394995772-2.33625643535666j)
"(2.175757575757576, -3.857142857142857)","(2.175757575757576, -3.857142857142857)",(0.8501221868563473-4.142285406431465j),(-0.02763626102241636+0.606715376586466j),(0.025453326978203066+0.031569827752296775j),(0.8523051209005607-4.780570610770227j)
"(2.2181818181818183, -3.857142857142857)","(2.2181818181818183, -3.857142857142857)",(4.45684666904524+0.005201384004494991j),(-0.23340210120157576+0.5741286885694606j),(-0.04158915196539438+0.09293788428745792j),(4.73183792221221-0.6618651888524235j)
"(2.2606060606060607, -3.857142857142857)","(2.2606060606060607, -3.857142857142857)",(1.4551814284510547+4.739478375163833j),(-0.42029343660297563+0.4670240809689989j),(-0.15500467754470057+0.05406869715388321j),(2.030479542598731+4.218385597040951j)
"(2.303030303030303, -3.857142857142857)","(2.303030303030303, -3.857142857142857)",(-4.102674968538392+3.326893640814471j),(-0.5596606596622533+0.2952958296585655j),(-0.19924920996097242-0.09386541366275307j),(-3.343765098915166+3.1254632248186587j)
"(2.3454545454545452, -3.857142857142857)","(2.3454545454545452, -3.857142857142857)",(-4.597197006102886-2.4027532582431856j),(-0.6279556692572187+0.08041295935253281j),(-0.09321750143063642-0.2489216476040808j),(-3.876023835415031-2.234244569991638j)
"(2.3878787878787877, -3.857142857142857)","(2.3878787878787877, -3.857142857142857)",(0.5222255719000322-4.681077888440185j),(-0.6116111123115433-0.14721498504588415j),(0.1215246453778062-0.27155011643308163j),(1.0123120388337692-4.2623127869612185j)
"(2.43030303030303, -3.857142857142857)","(2.43030303030303, -3.857142857142857)",(4.082331761388536-0.6821765668117037j),(-0.5105489550601147-0.3530107048851573j),(0.29314073139114283-0.1098669393717655j),(4.299739985057508-0.21929892255478084j)
"(2.4727272727272727, -3.857142857142857)","(2.4727272727272727, -3.857142857142857)",(1.3227945046527148+3.652624953412391j),(-0.3393453963653508-0.5044189263083352j),(0.28037330405298766+0.13541717663856698j),(1.3817665969650779+4.021626703082159j)
"(2.515151515151515, -3.857142857142857)","(2.515151515151515, -3.857142857142857)",(-3.5085255483190716+2.1185722667518228j),(-0.12546451532212105-0.5773325982827558j),(0.0833002867404225+0.2806149132925009j),(-3.466361319737373+2.4152899517420776j)
"(2.5575757575757576, -3.857142857142857)","(2.5575757575757576, -3.857142857142857)",(-3.3165064897197456-3.016764797200316j),(0.09541720875474266-0.5613251341595721j),(-0.1417554034173162+0.21674548169414923j),(-3.270168295057172-2.672185144734893j)
"(2.6, -3.857142857142857)","(2.6, -3.857142857142857)",(1.7520359254771467-4.347644579996244j),(0.2862549597779028-0.462331263748071j),(-0.21362770615359628+0.01378206179099469j),(1.6794086718528403-3.899095378039167j)
"(2.6424242424242426, -3.857142857142857)","(2.6424242424242426, -3.857142857142857)",(4.57794999320407+0.09847845220566176j),(0.4162555708482626-0.3018630014445477j),(-0.09278828456264918-0.13689989708955033j),(4.2544827069184565+0.5372413507397598j)
"(2.684848484848485, -3.857142857142857)","(2.684848484848485, -3.857142857142857)",(1.2342279927144881+4.077890090977476j),(0.46749172392318167-0.11261336761229626j),(0.07783921564346685-0.10175735049559732j),(0.6888970531478396+4.29226080908537j)
"(2.727272727272727, -3.857142857142857)","(2.727272727272727, -3.857142857142857)",(-3.4321918017193696+2.0442817315249373j),(0.43876619790774546+0.0687670559225913j),(0.11015778090438597+0.0619308549476704j),(-3.9811157805315007+1.9135838206546756j)
"(2.7696969696969695, -3.857142857142857)","(2.7696969696969695, -3.857142857142857)",(-2.725801417482846-2.9458491734322783j),(0.3455166954356307+0.21007791903793568j),(-0.03753096170699581+0.15827679757427j),(-3.033787151211481-3.314203890044484j)
"(2.812121212121212, -3.857142857142857)","(2.812121212121212, -3.857142857142857)",(2.3276919944688337-3.594701692540855j),(0.21551582044675252+0.29100554668208645j),(-0.20732326749684057+0.05238505159041869j),(2.319499441518922-3.93809229081336j)
"(2.8545454545454545, -3.857142857142857)","(2.8545454545454545, -3.857142857142857)",(4.407891622941668+1.1947523374928355j),(0.08129676210491382+0.30748281320856874j),(-0.19471670472904773-0.17793146854355407j),(4.521311565565802+1.0652009928278208j)
"(2.896969696969697, -3.857142857142857)","(2.896969696969697, -3.857142857142857)",(0.34779327079647243+4.67031747157579j),(-0.02870711552279863+0.2715635395117524j),(0.034370796814853666-0.3026720719847938j),(0.3421295895044174+4.701426004048831j)
"(2.9393939393939394, -3.857142857142857)","(2.9393939393939394, -3.857142857142857)",(-4.24639603001227+1.8054274269297683j),(-0.09773924330961903+0.20663202933668204j),(0.2864126411981865-0.1684026262816422j),(-4.435069427900837+1.7671980238747285j)
"(2.981818181818182, -3.857142857142857)","(2.981818181818182, -3.857142857142857)",(-2.8681032990367026-3.457262234463739j),(-0.12460808387956256+0.13921798470070165j),(0.3184984348124763+0.1315362020073051j),(-3.061993649969616-3.7280164211717457j)
"(3.0242424242424244, -3.857142857142857)","(3.0242424242424244, -3.857142857142857)",(2.59996491313027-3.664876136345982j),(-0.12245821955494565+0.08990797285077406j),(0.08418769551381058+0.3305428705281597j),(2.638235437171405-4.085326979724916j)
"(3.066666666666667, -3.857142857142857)","(3.066666666666667, -3.857142857142857)",(4.402895828758549+1.5846892759490026j),(-0.11258248269096442+0.06638215138336614j),(-0.2068019049338652+0.24762296975914488j),(4.722280216383378+1.2706841548064916j)
"(3.109090909090909, -3.857142857142857)","(3.109090909090909, -3.857142857142857)",(-0.1699554920307738+4.933024397266295j),(-0.11517230927371042+0.061161367143000585j),(-0.29005110752487573-0.028201282677985225j),(0.23526792476781233+4.9000643128012795j)
"(3.1515151515151514, -3.857142857142857)","(3.1515151515151514, -3.857142857142857)",(-4.848878684175578+1.5532500889117764j),(-0.140197401218797+0.0552266814386667j),(-0.11105763101872432-0.2254811062416372j),(-4.597623651938057+1.7235045137147469j)
"(3.193939393939394, -3.857142857142857)","(3.193939393939394, -3.857142857142857)",(-3.0994789818128967-3.9892334997123937j),(-0.18191092493257346+0.026633472356307423j),(0.12325081365703562-0.16820972431553166j),(-3.040818870537359-3.8476572477531694j)
"(3.2363636363636363, -3.857142857142857)","(3.2363636363636363, -3.857142857142857)",(2.678311761489605-4.048645188702138j),(-0.21952020518571042-0.03875433956362808j),(0.16664182174549572+0.045462235207663376j),(2.73119014492982-4.055353084346173j)
"(3.278787878787879, -3.857142857142857)","(3.278787878787879, -3.857142857142857)",(4.443425759539349+1.3848905261569113j),(-0.22450349767865538-0.13847399050103074j),(-0.003206440172200691+0.15726301429116848j),(4.671135697390206+1.3661015023667735j)
"(3.3212121212121213, -3.857142857142857)","(3.3212121212121213, -3.857142857142857)",(-0.23004953914481407+4.623367920655934j),(-0.1725046278514787-0.2504745008311084j),(-0.1656872249757179+0.036846860129415286j),(0.10814231368238247+4.836995561357627j)
"(3.3636363636363638, -3.857142857142857)","(3.3636363636363638, -3.857142857142857)",(-4.713133756013914+1.038622014924932j),(-0.05561510359669728-0.3380339872148257j),(-0.10825152864870193-0.17034137459930518j),(-4.549267123768514+1.5469973767390628j)
"(3.4060606060606062, -3.857142857142857)","(3.4060606060606062, -3.857142857142857)",(-2.580083382196973-4.41491522931201j),(0.10993241178447909-0.36183395181745176j),(0.12623194791596354-0.20432579626533529j),(-2.8162477418974157-3.8487554812292233j)
"(3.4484848484848487, -3.857142857142857)","(3.4484848484848487, -3.857142857142857)",(3.3731647535972584-4.089204133134414j),(0.2845516714279553-0.2954430383415865j),(0.2754096229758703+0.010779127727418871j),(2.8132034591934327-3.8045402225202465j)
"(3.4909090909090907, -3.857142857142857)","(3.4909090909090907, -3.857142857142857)",(4.995223017077837+1.6730773854397292j),(0.41564484135412205-0.13851011310548011j),(0.14753220587249777+0.2646874845273013j),(4.432045969851218+1.546900014017908j)
"(3.533333333333333, -3.857142857142857)","(3.533333333333333, -3.857142857142857)",(0.132834216783573+5.013651115888032j),(0.4548874391409827+0.07797871209883145j),(-0.15295971169384442+0.2806703440261115j),(-0.16909351066356526+4.655002059763089j)
"(3.5757575757575757, -3.857142857142857)","(3.5757575757575757, -3.857142857142857)",(-4.413301073932356+1.5174234643597988j),(0.3766682247157819+0.2976697014947839j),(-0.32348563527662916+0.022363967836882145j),(-4.466483663371509+1.1973897950281327j)
"(3.618181818181818, -3.857142857142857)","(3.618181818181818, -3.857142857142857)",(-2.4332818362597584-3.694135486981889j),(0.1906150793437416+0.4552931296875989j),(-0.18755488278947485-0.2553125494410577j),(-2.436342032814025-3.8941160672284303j)
"(3.6606060606060606, -3.857142857142857)","(3.6606060606060606, -3.857142857142857)",(3.0497455920631955-3.2245665097754213j),(-0.05743718574580012+0.4985616783865171j),(0.11163333921048879-0.2764816113318693j),(2.995549438598507-3.446646576830069j)
"(3.703030303030303, -3.857142857142857)","(3.703030303030303, -3.857142857142857)",(4.118247069121218+2.219902559577671j),(-0.2977622995325234+0.4076861636658284j),(0.2671635783860061-0.040225169572133526j),(4.148845790267735+1.8524415654839763j)
"(3.7454545454545456, -3.857142857142857)","(3.7454545454545456, -3.857142857142857)",(-0.8800842048694432+4.882298019884446j),(-0.4589612336835227+0.20475239748819407j),(0.14238994643134506+0.18771062559940654j),(-0.5635129176172655+4.489834996796845j)
"(3.787878787878788, -3.857142857142857)","(3.787878787878788, -3.857142857142857)",(-5.029377770834958+0.8877832815224862j),(-0.4924135802697839-0.051525732170369654j),(-0.09118518576947082+0.17635631502657045j),(-4.445779004795703+0.7629526986662855j)
"(3.83030303030303, -3.857142857142857)","(3.83030303030303, -3.857142857142857)",(-2.5705192368078404-4.327459852498863j),(-0.3897297675608447-0.2847033815258127j),(-0.16387235539410092-0.01945264861014258j),(-2.016917113852895-4.023303822362908j)
"(3.872727272727273, -3.857142857142857)","(3.872727272727273, -3.857142857142857)",(3.0536641411056578-3.6634567891604957j),(-0.18610277129629413-0.4266256119919778j),(-0.019161533109613223-0.14234042605485642j),(3.258928445511565-3.0944907511136615j)
"(3.915151515151515, -3.857142857142857)","(3.915151515151515, -3.857142857142857)",(4.092465013083251+1.7300592976426863j),(0.05227080212753107-0.4407784079953794j),(0.13454724925068626-0.04579993495964086j),(3.905646961705034+2.2166376405977064j)
"(3.957575757575758, -3.857142857142857)","(3.957575757575758, -3.857142857142857)",(-0.6444058598598627+4.181301255142271j),(0.2521268961471033-0.3338182618319647j),(0.08697543969056568+0.1337807357005393j),(-0.9835081956975317+4.381338781273697j)
"(4.0, -3.857142857142857)","(4.0, -3.857142857142857)",(-4.233130317614546+0.33523874968815337j),(0.3590389263408737-0.15070975832542727j),(-0.11268985073318187+0.14935966670888515j),(-4.479479393222238+0.33658884130469546j)
"(-0.2, -3.5714285714285716)","(-0.2, -3.5714285714285716)",(-0.8462623839430183+2.732210772989857j),(0.5178806843032516-0.29178190118261366j),(-0.20497304531506194+0.8297556750170529j),(-1.159170022931208+2.1942369991554176j)
"(-0.1575757575757576, -3.5714285714285716)","(-0.1575757575757576, -3.5714285714285716)",(4.088827530201006+1.4750569200005896j),(0.513037386275226-0.3078526059172438j),(-0.12037429225618765+0.8599691320939675j),(3.6961644361819674+0.9229403938238658j)
"(-0.11515151515151516, -3.5714285714285716)","(-0.11515151515151516, -3.5714285714285716)",(4.014945650831541-3.947160877557976j),(0.5092652359875298-0.31986009516695996j),(-0.0552042451537075+0.876652513731109j),(3.5608846599977184-4.503953296122125j)
"(0.1393939393939394, -3.5714285714285716)","(0.1393939393939394, -3.5714285714285716)",(4.946458281306251-0.692077715588052j),(0.5183417170854888-0.30677554402210344j),(-0.16075820734116167+0.8580831367292989j),(4.588874771561924-1.2433853082952475j)
"(0.18181818181818182, -3.5714285714285716)","(0.18181818181818182, -3.5714285714285716)",(1.3744807270289232+2.999123719635594j),(0.5245610506289082-0.2901082414072016j),(-0.25573360735566025+0.8197377388919392j),(1.1056532837556752+2.4694942221508565j)
"(0.22424242424242424, -3.5714285714285716)","(0.22424242424242424, -3.5714285714285716)",(-3.078849299927784+0.5856788899569136j),(0.5313424275312358-0.26915714629517284j),(-0.3625269017296193+0.7564093758512471j),(-3.2476648257294003+0.09842666040083937j)
"(0.26666666666666666, -3.5714285714285716)","(0.26666666666666666, -3.5714285714285716)",(-1.9151490846954018-4.4443220366073035j),(0.5381593025446618-0.24389485204478772j),(-0.47119322517702267+0.6617967893418687j),(-1.9821151620630408-4.862223973904385j)
"(0.30909090909090914, -3.5714285714285716)","(0.30909090909090914, -3.5714285714285716)",(3.452108182980755-4.8684855447339945j),(0.5443863736883552-0.21434339951750433j),(-0.5682324515164597+0.5323739676156938j),(3.4759542608088596-5.186516112832184j)
"(0.3515151515151515, -3.5714285714285716)","(0.3515151515151515, -3.5714285714285716)",(5.699829032196715+0.11254487487399191j),(0.5493079359543666-0.18059990132020556j),(-0.6374016186178634+0.3696995393216011j),(5.787922714860212-0.07655476312740363j)
"(0.393939393939394, -3.5714285714285716)","(0.393939393939394, -3.5714285714285716)",(1.896820442499172+3.7598414749617883j),(0.5521317713349188-0.14286468194446955j),(-0.6618624871125719+0.18256866008568481j),(2.006551158276825+3.720137496820573j)
"(0.43636363636363634, -3.5714285714285716)","(0.43636363636363634, -3.5714285714285716)",(-2.4006676994116214+1.3080206007863298j),(0.5520100494245594-0.1014705583235359j),(-0.6277787092872016-0.01179628055161672j),(-2.324899039548979+1.4212874396614823j)
"(0.4787878787878788, -3.5714285714285716)","(0.4787878787878788, -3.5714285714285716)",(-1.0329493594703072-3.325304721718404j),(0.5480686020018307-0.056911337311026565j),(-0.5289695805932761-0.18850121141280263j),(-1.0520483808788617-3.079892172994575j)
"(0.5212121212121212, -3.5714285714285716)","(0.5212121212121212, -3.5714285714285716)",(4.033526268117631-3.1037613875700703j),(0.5394456293765751-0.009866994740132485j),(-0.37153381798843-0.31852426477485474j),(3.8656144567294866-2.775370128055083j)
"(0.5636363636363637, -3.5714285714285716)","(0.5636363636363637, -3.5714285714285716)",(5.461019048920573+2.1431147898383758j),(0.5253403459623285+0.03877762632828044j),(-0.1766928632271091-0.37524912777785135j),(5.112371566185353+2.4795862912879465j)
"(0.6060606060606062, -3.5714285714285716)","(0.6060606060606062, -3.5714285714285716)",(0.9047546042740011+5.413775634271625j),(0.5050712340180553+0.08792432790167119j),(0.02016071701268124-0.3430261849596192j),(0.37952265324326445+5.668877491329573j)
"(0.6484848484848484, -3.5714285714285716)","(0.6484848484848484, -3.5714285714285716)",(-3.6324785347640196+2.3588643574782835j),(0.4781424211961561+0.13626741363349706j),(0.175670898349802-0.22537809258435265j),(-4.286291854309978+2.4479750364291393j)
"(0.6909090909090909, -3.5714285714285716)","(0.6909090909090909, -3.5714285714285716)",(-2.1993945427798507-2.603340842888779j),(0.4443152331115885+0.18231813258153512j),(0.24983983909001292-0.04939078880954407j),(-2.893549614981452-2.73626818666077j)
"(0.7333333333333334, -3.5714285714285716)","(0.7333333333333334, -3.5714285714285716)",(2.774430749541824-2.497562410559508j),(0.40368024626255655+0.22445161399262742j),(0.219907218434905+0.1370908111927721j),(2.1508432848443624-2.8591048357449074j)
"(0.7757575757575759, -3.5714285714285716)","(0.7757575757575759, -3.5714285714285716)",(3.9397950960440866+2.421806400967215j),(0.35672329133617214+0.26097924745919j),(0.09189097573500561+0.27698758092330766j),(3.491180828972909+1.8838395725847172j)
"(0.8181818181818183, -3.5714285714285716)","(0.8181818181818183, -3.5714285714285716)",(-0.6174016786499601+5.080828769940556j),(0.3043770211376811+0.2902477535164858j),(-0.09600073399488215+0.3222196527487826j),(-0.8257779657927591+4.468361363675288j)
"(0.8606060606060608, -3.5714285714285716)","(0.8606060606060608, -3.5714285714285716)",(-4.7178958713598345+1.5769080649519516j),(0.2480481355333914+0.31076361559975413j),(-0.2820818093653887+0.2526178163639057j),(-4.683862197527837+1.0135266329882917j)
"(0.9030303030303031, -3.5714285714285716)","(0.9030303030303031, -3.5714285714285716)",(-2.8315696788468037-3.3559022475936446j),(0.18960950567778792+0.3213380848176694j),(-0.40134157203577364+0.08711432894483355j),(-2.619837612488818-3.7643546613561476j)
"(0.9454545454545455, -3.5714285714285716)","(0.9454545454545455, -3.5714285714285716)",(2.1565666179210763-3.0851576240307024j),(0.13134668375969832+0.3212437350830129j),(-0.4103508909952539-0.11978783145881478j),(2.4355708251566317-3.2866135276549007j)
"(0.987878787878788, -3.5714285714285716)","(0.987878787878788, -3.5714285714285716)",(3.116616822478281+1.547040120009819j),(0.07585006850526829+0.3103688271057687j),(-0.30601859886915955-0.2974880479919184j),(3.3467853528421725+1.5341593408959686j)
"(1.0303030303030305, -3.5714285714285716)","(1.0303030303030305, -3.5714285714285716)",(-1.1552549200949367+3.490466889440143j),(0.02584772293183955+0.2893510416830784j),(-0.12809259623305516-0.38777798524228935j),(-1.0530100467937211+3.588893832999354j)
"(1.0727272727272728, -3.5714285714285716)","(1.0727272727272728, -3.5714285714285716)",(-4.198260986086265-0.3992893622137362j),(-0.016020226688168944+0.25966820515066785j),(0.05782018076146721-0.3692644263650817j),(-4.240060940159563-0.2896931409993223j)
"(1.1151515151515152, -3.5714285714285716)","(1.1151515151515152, -3.5714285714285716)",(-1.0951767019978416-4.741964596331967j),(-0.04747653427683602+0.22366140528645098j),(0.18968097128440128-0.26494136574960264j),(-1.2373811390054068-4.700684635868815j)
"(1.1575757575757577, -3.5714285714285716)","(1.1575757575757577, -3.5714285714285716)",(4.37489860161322-3.1328760998446152j),(-0.06691205438410146+0.1844664762613317j),(0.23607564691071212-0.12823294236463512j),(4.205735009086609-3.1891096337413116j)
"(1.2000000000000002, -3.5714285714285716)","(1.2000000000000002, -3.5714285714285716)",(4.823819426025946+2.7439869145802067j),(-0.0736912136863558+0.14583430788019214j),(0.20643585161379002-0.014934361012830778j),(4.691074788098512+2.6130869677128454j)
"(1.2424242424242427, -3.5714285714285716)","(1.2424242424242427, -3.5714285714285716)",(-0.46608192836429857+5.260893627652092j),(-0.06841721396328365+0.11182968732195j),(0.13954621433406766+0.042981447547405155j),(-0.5372109287350826+5.106082492782737j)
"(1.284848484848485, -3.5714285714285716)","(1.284848484848485, -3.5714285714285716)",(-4.485840510961641+1.3308307451292656j),(-0.053108414917790024+0.08641280569156243j),(0.07876092837273758+0.04715992427891222j),(-4.5114930244165885+1.197258015158791j)
"(1.3272727272727274, -3.5714285714285716)","(1.3272727272727274, -3.5714285714285716)",(-2.1722197288991056-3.4173182711655254j),(-0.031234190774417133+0.0729267588467809j),(0.05012498799664463+0.023010937430135683j),(-2.1911105261213333-3.513255967442442j)
"(1.3696969696969699, -3.5714285714285716)","(1.3696969696969699, -3.5714285714285716)",(2.724087837850525-2.571868543590698j),(-0.007562821877448945+0.0735368616143136j),(0.05571716724136171+0.00016764196935540113j),(2.675933492486612-2.6455730471743673j)
"(1.4121212121212123, -3.5714285714285716)","(1.4121212121212123, -3.5714285714285716)",(3.121369178342568+2.196872874652499j),(0.012212121049461167+0.08869061873517607j),(0.0817950346345282-0.001967655559601598j),(3.0273620226585787+2.1101499114769244j)
"(1.4545454545454546, -3.5714285714285716)","(1.4545454545454546, -3.5714285714285716)",(-1.3805754784755255+3.739036363199179j),(0.02207566129501582+0.11668671317040383j),(0.1104146112648496+0.023602255989292754j),(-1.5130657510353909+3.5987473940394827j)
"(1.496969696969697, -3.5714285714285716)","(1.496969696969697, -3.5714285714285716)",(-4.069982913923168-0.3041978716859059j),(0.016499057463164372+0.15345233727515997j),(0.1239791713850393+0.07586809859840307j),(-4.210461142771371-0.5335183075594689j)
"(1.5393939393939395, -3.5714285714285716)","(1.5393939393939395, -3.5714285714285716)",(-0.7926413766046013-4.124459987869597j),(-0.008618385336735744+0.1926251963591668j),(0.10385174655702044+0.1458185614248052j),(-0.887874737824886-4.462903745653569j)
"(1.581818181818182, -3.5714285714285716)","(1.581818181818182, -3.5714285714285716)",(4.019621959644341-2.0197717684687007j),(-0.05498839099310318+0.2260148104876759j),(0.03421124563329485+0.20987679658898228j),(4.040399105004149-2.4556633755453587j)
"(1.6242424242424245, -3.5714285714285716)","(1.6242424242424245, -3.5714285714285716)",(3.5228705824069+3.413809557263804j),(-0.12110849194855838+0.24447458577076228j),(-0.08225501237287551+0.22884262884422163j),(3.726234086728334+2.9404923426488203j)
"(1.6666666666666667, -3.5714285714285716)","(1.6666666666666667, -3.5714285714285716)",(-1.8670073643433178+4.792595972413513j),(-0.2017512592521083+0.23915225669258514j),(-0.2080079690775921+0.1665035832219308j),(-1.4572481360136176+4.386940132498997j)
"(1.7090909090909092, -3.5714285714285716)","(1.7090909090909092, -3.5714285714285716)",(-4.970184323004251+0.24794414315902152j),(-0.2879441500971503+0.20300722907247654j),(-0.27712198348764366+0.023636486134891315j),(-4.405118189419457+0.021300427951653697j)
"(1.7515151515151517, -3.5714285714285716)","(1.7515151515151517, -3.5714285714285716)",(-1.834165571178171-3.98662865995996j),(-0.3675780710954063+0.13240007135132373j),(-0.23542528394935563-0.14144691731973735j),(-1.231162216133409-3.9775818139915464j)
"(1.7939393939393942, -3.5714285714285716)","(1.7939393939393942, -3.5714285714285716)",(2.8388019939517455-2.333426769504021j),(-0.42670472249029+0.02848803057612766j),(-0.09111794379373338-0.23688234588212498j),(3.3566246602357688-2.1250324541980237j)
"(1.8363636363636366, -3.5714285714285716)","(1.8363636363636366, -3.5714285714285716)",(2.4311731945029056+2.383808364949724j),(-0.4514677033846796-0.10187955519550349j),(0.07160638189134325-0.2030141821531588j),(2.811034515996242+2.6887021022983864j)
"(1.8787878787878791, -3.5714285714285716)","(1.8787878787878791, -3.5714285714285716)",(-2.2476909223615906+3.0939756279064836j),(-0.43047273431093774-0.24606132331044303j),(0.1448437230268488-0.07075975743781081j),(-1.9620619110775017+3.4107967086547375j)
"(1.9212121212121216, -3.5714285714285716)","(1.9212121212121216, -3.5714285714285716)",(-4.213111643696534-1.4099083905477472j),(-0.35726095645630856-0.3865387670919763j),(0.08599940785063952+0.04791620833435034j),(-3.941850095090865-1.0712858317901213j)
"(1.9636363636363636, -3.5714285714285716)","(1.9636363636363636, -3.5714285714285716)",(-0.33026640428351656-4.745906341642831j),(-0.23243734231459567-0.5029197532961256j),(-0.03354281756471813+0.048156490958876655j),(-0.06428624440420276-4.2911430793055825j)
"(2.006060606060606, -3.5714285714285716)","(2.006060606060606, -3.5714285714285716)",(4.135463947679326-2.051292023017798j),(-0.06495878987955785-0.57490060398244j),(-0.07893482285424741-0.06781589607280933j),(4.279357560413131-1.4085755229625487j)
"(2.0484848484848484, -3.5714285714285716)","(2.0484848484848484, -3.5714285714285716)",(2.945152857031963+3.003354616850054j),(0.1278654082500698-0.5858235196747316j),(0.025339219318308688-0.17596121169677975j),(2.7919482294635847+3.7651393482215654j)
"(2.090909090909091, -3.5714285714285716)","(2.090909090909091, -3.5714285714285716)",(-2.1972516083796334+3.307318334659091j),(0.3219465802085249-0.5262497808743735j),(0.20814904510670468-0.13456412686515706j),(-2.727347233694863+3.9681322423986214j)
"(2.1333333333333333, -3.5714285714285716)","(2.1333333333333333, -3.5714285714285716)",(-3.9206504655931704-1.6102343711012885j),(0.4895792858791796-0.3968264348409919j),(0.2958635100567712+0.0736938405844059j),(-4.706093261529121-1.2871017768447026j)
"(2.175757575757576, -3.5714285714285716)","(2.175757575757576, -3.5714285714285716)",(0.44109074307983426-4.77971277968877j),(0.6038659116124305-0.20971105313188343j),(0.16884810258196295+0.2990622615723747j),(-0.3316232711145592-4.869063988129262j)
"(2.2181818181818183, -3.5714285714285716)","(2.2181818181818183, -3.5714285714285716)",(4.984012165683813-1.5202008702516556j),(0.6437221033668613+0.012024682319379544j),(-0.10863045638758068+0.34338239435761886j),(4.448920518704533-1.875607946928654j)
"(2.2606060606060607, -3.5714285714285716)","(2.2606060606060607, -3.5714285714285716)",(3.410445940643227+3.9345712443650758j),(0.5985046820016929+0.23725932108578998j),(-0.3220935309099872+0.14662059940634375j),(3.1340347895515213+3.5506913238729423j)
"(2.303030303030303, -3.5714285714285716)","(2.303030303030303, -3.5714285714285716)",(-2.1679280083623973+4.274929174180262j),(0.4711938286690969+0.43173002619218637j),(-0.29504848957562096-0.13816255101725708j),(-2.3440733474558733+3.981361699005333j)
"(2.3454545454545452, -3.5714285714285716)","(2.3454545454545452, -3.5714285714285716)",(-4.164983037627266-0.7165473875644155j),(0.2791903862917711+0.5642390084362129j),(-0.061249937461232085-0.2728672993177577j),(-4.3829234864578055-1.0079190966828706j)
"(2.3878787878787877, -3.5714285714285716)","(2.3878787878787877, -3.5714285714285716)",(-0.10181142132162507-3.9176043810168655j),(0.052182497576137424+0.6129635912991317j),(0.15645525785549758-0.1588975166062685j),(-0.31044917675326006-4.371670455709729j)
"(2.43030303030303, -3.5714285714285716)","(2.43030303030303, -3.5714285714285716)",(3.999228776271692-0.8785437068443132j),(-0.1728485810955691+0.5704390462382473j),(0.15876462858404866+0.06207035395228126j),(4.013312728783212-1.5110531070348416j)
"(2.4727272727272727, -3.5714285714285716)","(2.4727272727272727, -3.5714285714285716)",(2.147260112604947+3.9688900794107074j),(-0.3586925457053918+0.4458730324679835j),(-0.028713972097692053+0.1463323885313689j),(2.5346666304080308+3.376684658411355j)
"(2.515151515151515, -3.5714285714285716)","(2.515151515151515, -3.5714285714285716)",(-3.171755141479214+3.6083928178820948j),(-0.47560383739798584+0.26391473055151193j),(-0.17691966004155743+0.00012366109819737098j),(-2.5192316440396705+3.3443544262323854j)
"(2.5575757575757576, -3.5714285714285716)","(2.5575757575757576, -3.5714285714285716)",(-4.5072669770153535-1.6418325295188245j),(-0.5078079248585474+0.05979006435760755j),(-0.09200928353512915-0.21296526473047186j),(-3.907449768621677-1.4886573291459602j)
"(2.6, -3.5714285714285716)","(2.6, -3.5714285714285716)",(0.045966189942061475-4.550607071699512j),(-0.4570644251315775-0.12833374134749914j),(0.16818846874626536-0.23542711211843464j),(0.33484214632737364-4.186846218233579j)
"(2.6424242424242426, -3.5714285714285716)","(2.6424242424242426, -3.5714285714285716)",(4.138571906429456-1.1390383457539515j),(-0.3421025327841069-0.2680241142237449j),(0.3361672255885171+0.005799977475106494j),(4.144507213625046-0.876814209005313j)
"(2.684848484848485, -3.5714285714285716)","(2.684848484848485, -3.5714285714285716)",(2.0745038146980432+3.7146747241587397j),(-0.1937523625026129-0.3400661698839498j),(0.20983067045658096+0.3003455719171267j),(2.0584255067440753+3.754395322125563j)
"(2.727272727272727, -3.5714285714285716)","(2.727272727272727, -3.5714285714285716)",(-3.187042839484427+3.1172908435475657j),(-0.0468127882596136-0.3426043390955145j),(-0.12171107131935169+0.35677671500025554j),(-3.0185189799054615+3.1031184676428247j)
"(2.7696969696969695, -3.5714285714285716)","(2.7696969696969695, -3.5714285714285716)",(-4.1809086832679485-2.162486737571043j),(0.06922342489467397-0.29054902124858684j),(-0.3515401667186857+0.1072368590395479j),(-3.8985919414439367-1.9791745753620038j)
"(2.812121212121212, -3.5714285714285716)","(2.812121212121212, -3.5714285714285716)",(0.5937479595908464-4.767664221480763j),(0.1378962439395558-0.21015623609993742j),(-0.26646287683666253-0.21082343574046353j),(0.7223145924879532-4.346684549640362j)
"(2.8545454545454545, -3.5714285714285716)","(2.8545454545454545, -3.5714285714285716)",(4.572264164006184-1.0560298579274467j),(0.15948342130159054-0.13020239824159335j),(0.02968492132028374-0.29605040037042j),(4.38309582138431-0.6297770593154334j)
"(2.896969696969697, -3.5714285714285716)","(2.896969696969697, -3.5714285714285716)",(2.3113589272739476+3.8216045886239076j),(0.14927789259705077-0.0724280213256975j),(0.2271583990662132-0.09762430853374679j),(1.934922635610684+3.991656918483352j)
"(2.9393939393939394, -3.5714285714285716)","(2.9393939393939394, -3.5714285714285716)",(-2.935346320694997+3.14670406879373j),(0.13072304235052484-0.044436310960967694j),(0.14335880732561798+0.1386380299071184j),(-3.2094281703711394+3.0525023498475794j)
"(2.981818181818182, -3.5714285714285716)","(2.981818181818182, -3.5714285714285716)",(-3.824130447446632-2.011473112412489j),(0.12551370800804712-0.0377005288091708j),(-0.08488317598771782+0.14783978923419466j),(-3.8647609794669613-2.121612372837513j)
"(3.0242424242424244, -3.5714285714285716)","(3.0242424242424244, -3.5714285714285716)",(0.8265552009174719-4.382874881882872j),(0.14408711033232535-0.03177660502062911j),(-0.16546651192286863-0.05782014735940264j),(0.8479346025080152-4.29327812950284j)
"(3.066666666666667, -3.5714285714285716)","(3.066666666666667, -3.5714285714285716)",(4.497163929967372-0.6876792870241755j),(0.18016874065908278-0.0036397156830298375j),(0.009441735027589743-0.20807619581147957j),(4.3075534542807-0.4759633755296661j)
"(3.109090909090909, -3.5714285714285716)","(3.109090909090909, -3.5714285714285716)",(2.1636538328116597+3.8939787222317603j),(0.21193498412857995+0.06101760347981055j),(0.23389261637424122-0.09190377828219697j),(1.7178262323088387+3.924864897034147j)
"(3.1515151515151514, -3.5714285714285716)","(3.1515151515151514, -3.5714285714285716)",(-2.7696125436474546+3.110910600233592j),(0.21010699662692192+0.15885894814055285j),(0.22294615101926774+0.18711170126050974j),(-3.202665691293644+2.764939950832529j)
"(3.193939393939394, -3.5714285714285716)","(3.193939393939394, -3.5714285714285716)",(-3.43515247887208-1.6435491970670937j),(0.1505849989126962+0.2663348669265817j),(-0.05111240336858775+0.3163746337277507j),(-3.5346250744161885-2.226258697721426j)
"(3.2363636363636363, -3.5714285714285716)","(3.2363636363636363, -3.5714285714285716)",(0.81202280900738-3.5032857691144943j),(0.027063061869800443+0.3454759810611573j),(-0.3100772290224816+0.12953276503427338j),(1.0950369761600611-3.978294515209925j)
"(3.278787878787879, -3.5714285714285716)","(3.278787878787879, -3.5714285714285716)",(3.663473089468071+0.073071532532449j),(-0.141609330208554+0.35696194108701024j),(-0.2748469398033968-0.19409738863979598j),(4.079929359480022-0.08979301991476527j)
"(3.3212121212121213, -3.5714285714285716)","(3.3212121212121213, -3.5714285714285716)",(0.9404125703579675+3.805667086935043j),(-0.31321024109401496+0.2762478849578629j),(0.0194841939585801-0.3215088370898104j),(1.2341386174934024+3.85092803906699j)
"(3.3636363636363638, -3.5714285714285716)","(3.3636363636363638, -3.5714285714285716)",(-3.4958037895643623+2.2272853940718154j),(-0.4338248329452073+0.10663430600711767j),(0.26167068153645956-0.13541450043694708j),(-3.3236496381556146+2.2560655885016447j)
"(3.4060606060606062, -3.5714285714285716)","(3.4060606060606062, -3.5714285714285716)",(-3.329600955751794-2.5200195579405085j),(-0.45624457815358793-0.11651037748023813j),(0.21427720183371016+0.14211131506388958j),(-3.087633579431916-2.54562049552416j)
"(3.4484848484848487, -3.5714285714285716)","(3.4484848484848487, -3.5714285714285716)",(1.1887177813826795-3.796022279180178j),(-0.3587013777344294-0.3334068086043197j),(-0.02809920843817004+0.21233934883849118j),(1.5755183675552789-3.6749548194143493j)
"(3.4909090909090907, -3.5714285714285716)","(3.4909090909090907, -3.5714285714285716)",(3.653159892225369+0.04247481392164165j),(-0.15652002849822205-0.4780223590388871j),(-0.16839011153426325+0.03948290499587925j),(3.9780700322578544+0.4810142679646495j)
"(3.533333333333333, -3.5714285714285716)","(3.533333333333333, -3.5714285714285716)",(0.6972523506279065+3.341437770841397j),(0.09882668379601839-0.500902149396606j),(-0.06390397194445382-0.12949564010300268j),(0.6623296387763419+3.9718355603410056j)
"(3.5757575757575757, -3.5714285714285716)","(3.5757575757575757, -3.5714285714285716)",(-3.197744277014328+1.3052200650813557j),(0.3343342883722421-0.38824129915536465j),(0.11616627777887575-0.07892791771414466j),(-3.648244843165446+1.7723892819508649j)
"(3.618181818181818, -3.5714285714285716)","(3.618181818181818, -3.5714285714285716)",(-2.168288369896048-3.077159153196659j),(0.47940020612145473-0.1693628232824876j),(0.11560463700481007+0.11194295694846096j),(-2.7632932130223127-3.0197392868626323j)
"(3.6606060606060606, -3.5714285714285716)","(3.6606060606060606, -3.5714285714285716)",(2.531125634101737-3.2840899110877673j),(0.4905114774982927+0.09129036708037813j),(-0.08175709488593833+0.17511599716741377j),(2.122371251489383-3.550496275335559j)
"(3.703030303030303, -3.5714285714285716)","(3.703030303030303, -3.5714285714285716)",(4.198941777750671+1.329708674651842j),(0.36709470125432425+0.31556249307747575j),(-0.22626703737968518-0.0032180794606354104j),(4.058114113876032+1.0173642610350018j)
"(3.7454545454545456, -3.5714285714285716)","(3.7454545454545456, -3.5714285714285716)",(0.24989507735027533+4.438852890917538j),(0.15187741220321332+0.43867558764398j),(-0.11223010570319841-0.2275195063425837j),(0.21024777085026042+4.227696809616141j)
"(3.787878787878788, -3.5714285714285716)","(3.787878787878788, -3.5714285714285716)",(-3.954958641704313+1.6657746547112136j),(-0.08488200015250418+0.43151615826047335j),(0.15690178501525667-0.22241945840812619j),(-4.026978426567066+1.4566779548588664j)
"(3.83030303030303, -3.5714285714285716)","(3.83030303030303, -3.5714285714285716)",(-2.600679299220581-3.118404301291099j),(-0.2712593928421161+0.30919547523580765j),(0.2786993343825037+0.029249916967011676j),(-2.608119240760969-3.4568496934939184j)
"(3.872727272727273, -3.5714285714285716)","(3.872727272727273, -3.5714285714285716)",(2.305715694523274-3.175121366568617j),(-0.35918272669302537+0.12250108907311323j),(0.1099650183252843+0.25466426538658254j),(2.5549334028910153-3.552286721028313j)
"(3.915151515151515, -3.5714285714285716)","(3.915151515151515, -3.5714285714285716)",(3.6909100120930085+1.5400813883184374j),(-0.33918797462426314-0.06387435913449704j),(-0.16111861394754565+0.2092972002906195j),(4.191216600664817+1.394658547162315j)
"(3.957575757575758, -3.5714285714285716)","(3.957575757575758, -3.5714285714285716)",(-0.556689224276798+4.217732291441511j),(-0.23871122905643588-0.19669665798968178j),(-0.23847469934162083-0.03896613504689078j),(-0.07950329587874133+4.453395084478084j)
"(4.0, -3.5714285714285716)","(4.0, -3.5714285714285716)",(-4.4731785190033335+0.8131455390708615j),(-0.10564068935107138-0.25207181342182544j),(-0.06423495955422892-0.2018509114269586j),(-4.303302870098033+1.2670682639196456j)
"(-0.2, -3.285714285714286)","(-0.2, -3.285714285714286)",(-0.303970150575796+4.712060734819471j),(-0.5690331590094493-0.20559235095455636j),(0.832331045433612-0.3686764425333024j),(-0.5672680369999588+5.28632952830733j)
"(-0.1575757575757576, -3.285714285714286)","(-0.1575757575757576, -3.285714285714286)",(3.8334245331371153+2.306966771412723j),(-0.5787415930684895-0.1906338358003581j),(0.798890622265654-0.4792945520843901j),(3.613275503939951+2.976895159297471j)
"(-0.11515151515151516, -3.285714285714286)","(-0.11515151515151516, -3.285714285714286)",(2.8806763791601573-2.290380591569334j),(-0.585882091482668-0.17932394210684566j),(0.7645199619592091-0.5593746597900912j),(2.702038508683616-1.551681989672397j)
"(0.1393939393939394, -3.285714285714286)","(0.1393939393939394, -3.285714285714286)",(4.120366759211583+0.3400055853716478j),(-0.5815453505702659-0.19585427001348232j),(0.8308597939586828-0.4337145491613733j),(3.871052315823166+0.9695744045465035j)
"(0.18181818181818182, -3.285714285714286)","(0.18181818181818182, -3.285714285714286)",(1.783455895935893+4.5627340650072j),(-0.5722798137943983-0.21239490831554922j),(0.8619614807793617-0.30440630196164603j),(1.4937742289509295+5.079535275284395j)
"(0.22424242424242424, -3.285714285714286)","(0.22424242424242424, -3.285714285714286)",(-3.0081847236648835+3.6609090632359935j),(-0.5598855067653951-0.2323056006886942j),(0.870204497219219-0.1451197300662825j),(-3.3185037141187075+4.03833439399097j)
"(0.26666666666666666, -3.285714285714286)","(0.26666666666666666, -3.285714285714286)",(-3.67965339596587-1.0987438188977672j),(-0.5439628535186003-0.25515120048614975j),(0.839601442857915+0.034930230072321135j),(-3.975291985305185-0.8785228484839386j)
"(0.30909090909090914, -3.285714285714286)","(0.30909090909090914, -3.285714285714286)",(0.5129142270036045-3.0656812995796696j),(-0.5240872444192934-0.2803742430603086j),(0.7565175215647603+0.218737905247351j),(0.2804839498581377-3.004044961766712j)
"(0.3515151515151515, -3.285714285714286)","(0.3515151515151515, -3.285714285714286)",(3.4540991778131747+0.4073985905706099j),(-0.4998388591330853-0.307283655830664j),(0.6144298503105589+0.38164232996970493j),(3.339508186635701+0.333039916431569j)
"(0.393939393939394, -3.285714285714286)","(0.393939393939394, -3.285714285714286)",(0.8370999710853038+4.250355734375094j),(-0.47083900474275975-0.33504697332787153j),(0.41905024737275515+0.4944128454434731j),(0.8888887284553083+4.090989862259493j)
"(0.43636363636363634, -3.285714285714286)","(0.43636363636363634, -3.285714285714286)",(-3.741733962314655+2.8680303478536175j),(-0.4367927437095829-0.3626885742444082j),(0.1919114372981556+0.5298419800606369j),(-3.496852655903228+2.700876942037389j)
"(0.4787878787878788, -3.285714285714286)","(0.4787878787878788, -3.285714285714286)",(-3.8745341386628986-1.9227253282493113j),(-0.3975369297603308-0.38909677078573734j),(-0.03005980803726144+0.4720713374667975j),(-3.4469374008653064-2.0056998949303715j)
"(0.5212121212121212, -3.285714285714286)","(0.5212121212121212, -3.285714285714286)",(0.5642705181783453-3.438632340790598j),(-0.3530918894361691-0.41304273772833033j),(-0.20105063377778512+0.32601510028535907j),(1.1184130413922995-3.351604703347627j)
"(0.5636363636363637, -3.285714285714286)","(0.5636363636363637, -3.285714285714286)",(3.1793991243471176+0.4056962340112043j),(-0.30371389603238547-0.4332141741647102j),(-0.2791460902433126+0.12262855218049723j),(3.7622591106228156+0.7162818559954173j)
"(0.6060606060606062, -3.285714285714286)","(0.6060606060606062, -3.285714285714286)",(0.056725333766187436+4.068244703671611j),(-0.24994432951294426-0.4482661351079257j),(-0.2424162553195537-0.08439950310749836j),(0.5490859185986854+4.600910341887035j)
"(0.6484848484848484, -3.285714285714286)","(0.6484848484848484, -3.285714285714286)",(-4.655175793331736+2.1031718836515587j),(-0.19265009650036638-0.45689053893263365j),(-0.10207729480227974-0.23261466100328315j),(-4.36044840202909+2.7926770835874755j)
"(0.6909090909090909, -3.285714285714286)","(0.6909090909090909, -3.285714285714286)",(-4.465586353624086-3.1898350914755715j),(-0.13304865194575236-0.45790434871958485j),(0.09476435736184091-0.2726839022651549j),(-4.427302059040175-2.459246840490832j)
"(0.7333333333333334, -3.285714285714286)","(0.7333333333333334, -3.285714285714286)",(0.4425892722522254-4.934404851109901j),(-0.07271003533145942-0.45035427637119474j),(0.2775945204774081-0.1899685934479029j),(0.23770478710627668-4.294081981290803j)
"(0.7757575757575759, -3.285714285714286)","(0.7757575757575759, -3.285714285714286)",(3.5341700586287232-1.2093018726112228j),(-0.013527987000104175-0.43363307101853454j),(0.3781912185310584-0.014753012788604539j),(3.169506827097769-0.7609157888040837j)
"(0.8181818181818183, -3.285714285714286)","(0.8181818181818183, -3.285714285714286)",(1.0741429742801145+2.424575878749198j),(0.04234723194015116-0.40759913443427087j),(0.3593333562223848+0.18685529548782723j),(0.6724623861175785+2.645319717695642j)
"(0.8606060606060608, -3.285714285714286)","(0.8606060606060608, -3.285714285714286)",(-2.778846887900248+0.8693140044805823j),(0.09261989260340461-0.3726876024353282j),(0.23185161778096805+0.34015069754066757j),(-3.1033183982846206+0.9018509093752429j)
"(0.9030303030303031, -3.285714285714286)","(0.9030303030303031, -3.285714285714286)",(-2.0359365837867465-3.3547443422522045j),(0.1350059608605423-0.32999755861852204j),(0.0491560160601347+0.3948916543127334j),(-2.2200985607074233-3.419638437946416j)
"(0.9454545454545455, -3.285714285714286)","(0.9454545454545455, -3.285714285714286)",(2.555079050594358-3.8113125392457037j),(0.16743354341729275-0.2813373035722478j),(-0.11965576790417712+0.3462979462502447j),(2.5073012750812427-3.8762731819237004j)
"(0.987878787878788, -3.285714285714286)","(0.987878787878788, -3.285714285714286)",(4.57310911954748+0.6043698580991342j),(0.18827703046053298-0.2292083533044848j),(-0.2234213830284506+0.23158213981710302j),(4.608253472115398+0.601996071586516j)
"(1.0303030303030305, -3.285714285714286)","(1.0303030303030305, -3.285714285714286)",(1.0840221233017697+4.011601799065549j),(0.19660722292992872-0.17670995657441685j),(-0.24926638424365877+0.10466757074893843j),(1.1366812846154997+4.083644184891027j)
"(1.0727272727272728, -3.285714285714286)","(1.0727272727272728, -3.285714285714286)",(-3.1139654562763526+1.850940567449006j),(0.1924309814406392-0.1273502682641298j),(-0.21837505073319796+0.006463524861598093j),(-3.088021386983794+1.9718273108515378j)
"(1.1151515151515152, -3.285714285714286)","(1.1151515151515152, -3.285714285714286)",(-2.228146852602744-2.614143195626106j),(0.17688575828867603-0.08475858379719255j),(-0.16371601857362922-0.04950768668194025j),(-2.241316592317791-2.479876925146973j)
"(1.1575757575757577, -3.285714285714286)","(1.1575757575757577, -3.285714285714286)",(2.3040455043075725-2.863004241190383j),(0.15234843248652358-0.05230551411986704j),(-0.10928516136787357-0.06979802475779481j),(2.2609822331889227-2.740900702312721j)
"(1.2000000000000002, -3.285714285714286)","(1.2000000000000002, -3.285714285714286)",(3.776092373799132+1.6307274251136614j),(0.1224161681843022-0.03265428803108497j),(-0.06644629471657594-0.06461801887696197j),(3.7201225003314056+1.7279997320217084j)
"(1.2424242424242427, -3.285714285714286)","(1.2424242424242427, -3.285714285714286)",(-0.31559710672035307+4.538208077991871j),(0.09172167547921142-0.027285227605896176j),(-0.044124102736161644-0.04162284727881081j),(-0.36319467946340284+4.607116152876578j)
"(1.284848484848485, -3.285714285714286)","(1.284848484848485, -3.285714285714286)",(-4.616955175111689+1.5139861882635204j),(0.06555810602600702-0.03605449164940904j),(-0.05382005634758257-0.015330023384028477j),(-4.628693224790113+1.565370703296958j)
"(1.3272727272727274, -3.285714285714286)","(1.3272727272727274, -3.285714285714286)",(-3.293402358000926-3.646699257933617j),(0.049310897585607326-0.05686396156060428j),(-0.09604015527870362-0.015485493602184259j),(-3.24667310030783-3.5743498027708287j)
"(1.3696969696969699, -3.285714285714286)","(1.3696969696969699, -3.285714285714286)",(1.8595270842453473-4.210532681776189j),(0.047724819258073835-0.08552731875352391j),(-0.13997777467581468-0.07236033230555552j),(1.9517800396630882-4.05264503071711j)
"(1.4121212121212123, -3.285714285714286)","(1.4121212121212123, -3.285714285714286)",(3.940178169855693+0.19184398387806662j),(0.06407190730893735-0.11591326066986775j),(-0.1271321431192799-0.180703590922402j),(4.0032384056660355+0.48846083547033636j)
"(1.4545454545454546, -3.285714285714286)","(1.4545454545454546, -3.285714285714286)",(0.5506809793142241+3.186085344950963j),(0.09932518802375565-0.14042629494183648j),(-0.014718750139484503-0.27736112254723994j),(0.46607454142995297+3.6038727624400395j)
"(1.496969696969697, -3.285714285714286)","(1.496969696969697, -3.285714285714286)",(-2.9910274594846453+0.6816331342366329j),(0.15147693212870048-0.15084623214594856j),(0.16930831333505592-0.2712623504965287j),(-3.3118127049484016+1.1037417168791102j)
"(1.5393939393939395, -3.285714285714286)","(1.5393939393939395, -3.285714285714286)",(-1.2991311977504474-3.414734591929281j),(0.21515970697916398-0.13949000823093527j),(0.31821329469462273-0.1204662590782895j),(-1.8325041994242341-3.154778324620056j)
"(1.581818181818182, -3.285714285714286)","(1.581818181818182, -3.285714285714286)",(3.3905875278492603-2.821487634195618j),(0.2817241453580844-0.10058869981649268j),(0.3171121622031013+0.10738736392908925j),(2.7917512202880745-2.828286298308215j)
"(1.6242424242424245, -3.285714285714286)","(1.6242424242424245, -3.285714285714286)",(4.345450718071238+2.116176535778483j),(0.33989101518669856-0.03169839490099506j),(0.14812309052449577+0.26329914506496777j),(3.857436612360043+1.8845757856145104j)
"(1.6666666666666667, -3.285714285714286)","(1.6666666666666667, -3.285714285714286)",(-0.11730736999774732+4.767802949471549j),(0.3770227146252549+0.0650994770422459j),(-0.0688810586334834+0.23495194630996746j),(-0.4254490259895188+4.4677515261193355j)
"(1.7090909090909092, -3.285714285714286)","(1.7090909090909092, -3.285714285714286)",(-4.119123815838481+1.4720191948165353j),(0.3809532639008469+0.18248690165691542j),(-0.1616941831817975+0.0586106390334477j),(-4.338382896557531+1.2309216541261723j)
"(1.7515151515151517, -3.285714285714286)","(1.7515151515151517, -3.285714285714286)",(-2.3282872564173362-3.283190364785414j),(0.34218757394444366+0.3079530024791925j),(-0.06182142877858117-0.09266163001542667j),(-2.6086534015831986-3.49848173724918j)
"(1.7939393939393942, -3.285714285714286)","(1.7939393939393942, -3.285714285714286)",(2.6476966808117384-3.0423088321714196j),(0.2561511920143033+0.42478549668856463j),(0.1143918662964032-0.060757179179492374j),(2.277153622501032-3.4063371496804917j)
"(1.8363636363636366, -3.285714285714286)","(1.8363636363636366, -3.285714285714286)",(3.9166849611537966+1.7148512831971767j),(0.1250699403943001+0.5140649192301566j),(0.15959848925504838+0.13488716033846554j),(3.632016531504448+1.0658992036285546j)
"(1.8787878787878791, -3.285714285714286)","(1.8787878787878791, -3.285714285714286)",(-0.15006898035450023+4.366626455919499j),(-0.04098218269400576+0.5575243906801788j),(-0.020985492863623903+0.29234792998775294j),(-0.08810130479687056+3.516754135251567j)
"(1.9212121212121216, -3.285714285714286)","(1.9212121212121216, -3.285714285714286)",(-3.8235511997510248+1.42846066715537j),(-0.22427909464759904+0.5409181531687026j),(-0.2918438007899345+0.21291135283929907j),(-3.307428304313491+0.6746311611473682j)
"(1.9636363636363636, -3.285714285714286)","(1.9636363636363636, -3.285714285714286)",(-2.179165456194747-2.7284455205254874j),(-0.40113784089778287+0.45733892933236725j),(-0.394247605198746-0.0881980060937201j),(-1.3837800100982183-3.0975864437641345j)
"(2.006060606060606, -3.285714285714286)","(2.006060606060606, -3.285714285714286)",(2.0535367257266506-2.227932709374735j),(-0.5451074670197045+0.30979184398564985j),(-0.19859211119293768-0.36633457956266174j),(2.7972363039392927-2.171389973797723j)
"(2.0484848484848484, -3.285714285714286)","(2.0484848484848484, -3.285714285714286)",(2.5330847927331925+1.975318623333087j),(-0.6313146347097462+0.11232552345559055j),(0.14637133478668282-0.3708717708538169j),(3.0180280926562557+2.2338648707313133j)
"(2.090909090909091, -3.285714285714286)","(2.090909090909091, -3.285714285714286)",(-1.5999120492484165+3.5386661513636724j),(-0.6412887101435548-0.11082184419561711j),(0.33912765438532483-0.09937250151775101j),(-1.2977509934901865+3.7488604970770405j)
"(2.1333333333333333, -3.285714285714286)","(2.1333333333333333, -3.285714285714286)",(-4.476498708243427-0.17869996989580442j),(-0.5673239347203979-0.32827467318687636j),(0.22176223401573855+0.1851377720649867j),(-4.130937007538767-0.03556306877391475j)
"(2.175757575757576, -3.285714285714286)","(2.175757575757576, -3.285714285714286)",(-1.8239834973301512-4.291323687183104j),(-0.4153362559038487-0.5065195128097666j),(-0.05400412528240084+0.21435605704593977j),(-1.3546431161439016-3.9991602314192773j)
"(2.2181818181818183, -3.285714285714286)","(2.2181818181818183, -3.285714285714286)",(2.9509851532112057-3.230834772490431j),(-0.20530887657212882-0.616087413974735j),(-0.18023588916261807-0.005556506758246749j),(3.3365299189459527-2.6091908517574494j)
"(2.2606060606060607, -3.285714285714286)","(2.2606060606060607, -3.285714285714286)",(3.517054776817605+1.4389994532270522j),(0.03118041334702988-0.6377157897336534j),(-0.021325689095745257-0.1971260200530046j),(3.5072000525663203+2.2738412630137104j)
"(2.303030303030303, -3.285714285714286)","(2.303030303030303, -3.285714285714286)",(-0.5351538475890498+3.264343174301586j),(0.2562370864776255-0.5670613460288885j),(0.23185170896009027-0.11212885814829851j),(-1.0232426430267656+3.9435333784787727j)
"(2.3454545454545452, -3.285714285714286)","(2.3454545454545452, -3.285714285714286)",(-3.24163646296794-0.021267301963688673j),(0.43289631233331144-0.4166397515283843j),(0.2638264584592467+0.1858466130738837j),(-3.9383592337604982+0.2095258364908119j)
"(2.3878787878787877, -3.285714285714286)","(2.3878787878787877, -3.285714285714286)",(-0.7680501407433433-3.4325469022619624j),(0.5328540617897409-0.21415039227502256j),(-0.012171183899066903+0.3743155787067166j),(-1.2887330186340173-3.5927120886936565j)
"(2.43030303030303, -3.285714285714286)","(2.43030303030303, -3.285714285714286)",(3.227641763974561-1.9410352876643335j),(0.5428321229655794+0.0028457024003908397j),(-0.33850025252866905+0.2206715766280386j),(3.023309893537651-2.164552566692763j)
"(2.4727272727272727, -3.285714285714286)","(2.4727272727272727, -3.285714285714286)",(2.9343544351608073+2.3567252346462717j),(0.46781042202572015+0.194954779583553j),(-0.37926366518233257-0.15028534432147017j),(2.8458076783174198+2.312055799384189j)
"(2.515151515151515, -3.285714285714286)","(2.515151515151515, -3.285714285714286)",(-1.2478558391515853+3.3067890819399426j),(0.329967332679675+0.32986856548029697j),(-0.08727962705335457-0.37648916499444796j),(-1.4905435447779056+3.3534096814540937j)
"(2.5575757575757576, -3.285714285714286)","(2.5575757575757576, -3.285714285714286)",(-3.280801338489697-0.4163331389094346j),(0.1632223126970104+0.3898593142138237j),(0.2380127982453903-0.24731754083303747j),(-3.682036449432098-0.5588749122902208j)
"(2.6, -3.285714285714286)","(2.6, -3.285714285714286)",(-0.19648748272810762-3.3429392885284224j),(0.004535792758689124+0.37565914508834997j),(0.276769820922966+0.06929445605397273j),(-0.47779309640976275-3.787892889670745j)
"(2.6424242424242426, -3.285714285714286)","(2.6424242424242426, -3.285714285714286)",(3.5268962358692986-1.0497950832810763j),(-0.11577370889270716+0.3053476889153127j),(0.037799167835886174+0.22138553769077543j),(3.6048707769261195-1.5765283098871645j)
"(2.684848484848485, -3.285714285714286)","(2.684848484848485, -3.285714285714286)",(2.295633096772429+3.3584724592619213j),(-0.18187648149157215+0.20825080790490955j),(-0.16631060360232447+0.07204163713882616j),(2.643820181866326+3.0781800142181854j)
"(2.727272727272727, -3.285714285714286)","(2.727272727272727, -3.285714285714286)",(-2.4850799117096414+3.5086213475597527j),(-0.19589907808081367+0.11543716393058881j),(-0.09060546015879009-0.1544382233641826j),(-2.1985753734700375+3.5476224069933466j)
"(2.7696969696969695, -3.285714285714286)","(2.7696969696969695, -3.285714285714286)",(-4.168405204822484-1.1219836535547276j),(-0.17563492301059558+0.04968411100066714j),(0.15539084726243882-0.1492801921050688j),(-4.148161129074327-1.022387572450326j)
"(2.812121212121212, -3.285714285714286)","(2.812121212121212, -3.285714285714286)",(-0.2338098142821679-4.211250868655908j),(-0.14692742943020484+0.01826731259519599j),(0.2430637456314839+0.10533992601965692j),(-0.32994613048344695-4.334858107270761j)
"(2.8545454545454545, -3.285714285714286)","(2.8545454545454545, -3.285714285714286)",(3.947871270113682-1.376165918251393j),(-0.1330679712383113+0.011296887889460896j),(0.024848800820352776+0.30783957305282844j),(4.056090440531641-1.6953023791936823j)
"(2.896969696969697, -3.285714285714286)","(2.896969696969697, -3.285714285714286)",(2.4796234800762296+3.5341733587328505j),(-0.1448890446715633+0.006615330523383868j),(-0.2764911387515805+0.19480642854876853j),(2.9010036634993734+3.332751599660698j)
"(2.9393939393939394, -3.285714285714286)","(2.9393939393939394, -3.285714285714286)",(-2.749235904525759+3.6407156918510184j),(-0.17539768686864887-0.020057680154714274j),(-0.32069628974685377-0.13800882011043508j),(-2.253141927910256+3.798782192116168j)
"(2.981818181818182, -3.285714285714286)","(2.981818181818182, -3.285714285714286)",(-4.541085084008262-1.3731820492756373j),(-0.2015227539385751-0.08321940693575874j),(-0.049432540293435315-0.33709508714803477j),(-4.290129789776252-0.9528675551918436j)
"(3.0242424242424244, -3.285714285714286)","(3.0242424242424244, -3.285714285714286)",(-0.36255604490014726-4.715340205877137j),(-0.19309123523923785-0.17854467707942942j),(0.2433079638986871-0.19904998541195512j),(-0.4127727735595965-4.337745543385752j)
"(3.066666666666667, -3.285714285714286)","(3.066666666666667, -3.285714285714286)",(4.091160423242783-1.876798895283273j),(-0.1262728322699739-0.2808270799802784j),(0.2546778007328224+0.09972349129958395j),(3.962755454779935-1.6956953066025786j)
"(3.109090909090909, -3.285714285714286)","(3.109090909090909, -3.285714285714286)",(2.797036062054733+3.103582085121593j),(0.0034783006975691337-0.3507714006793192j),(0.018645656702731314+0.222936560713447j),(2.7749121046544327+3.2314169250874656j)
"(3.1515151515151514, -3.285714285714286)","(3.1515151515151514, -3.285714285714286)",(-2.2203760977511235+3.290390139348604j),(0.17448874679168705-0.3491550136400372j),(-0.15777651378237256+0.07310154856048402j),(-2.237088330760438+3.5664436044281573j)
"(3.193939393939394, -3.285714285714286)","(3.193939393939394, -3.285714285714286)",(-3.761512649228121-1.4509149220299713j),(0.34179685854479996-0.2536082233103538j),(-0.07947508157999283-0.11417667518976944j),(-4.023834426192928-1.083130023529848j)
"(3.2363636363636363, -3.285714285714286)","(3.2363636363636363, -3.285714285714286)",(0.4290667608875807-4.288501683456968j),(0.4503089108432083-0.07145514210769995j),(0.10815376174408203-0.08465576175877103j),(-0.1293959116997096-4.132390779590496j)
"(3.278787878787879, -3.285714285714286)","(3.278787878787879, -3.285714285714286)",(4.479224017644525-1.039511307753982j),(0.4543535475097403+0.1572951287879367j),(0.12361159748084713+0.11113688689291004j),(3.901258872653938-1.3079433234348286j)
"(3.3212121212121213, -3.285714285714286)","(3.3212121212121213, -3.285714285714286)",(2.6275933286482163+3.916790335196057j),(0.3365984546110812+0.36949646212794085j),(-0.07874935065152869+0.19037459227175538j),(2.3697442246886635+3.356919280796361j)
"(3.3636363636363638, -3.285714285714286)","(3.3636363636363638, -3.285714285714286)",(-2.6641072481478156+3.7500601836456573j),(0.11857989819610282+0.49882608743699125j),(-0.24263945876255605+0.01047749200245374j),(-2.5400476875813625+3.2407566042062124j)
"(3.4060606060606062, -3.285714285714286)","(3.4060606060606062, -3.285714285714286)",(-4.132960857301737-1.2399804067072613j),(-0.14244570695640102+0.4994503022842697j),(-0.13528492719808688-0.23373366651622193j),(-3.8552302231472493-1.5056970424753089j)
"(3.4484848484848487, -3.285714285714286)","(3.4484848484848487, -3.285714285714286)",(0.10173817963513887-4.037101678047958j),(-0.370602865900973+0.36435593570001656j),(0.14724549190679737-0.24346735827577534j),(0.3250955536293145-4.1579902554722j)
"(3.4909090909090907, -3.285714285714286)","(3.4909090909090907, -3.285714285714286)",(3.8980534996529896-0.772792011864718j),(-0.49699122450813815+0.13053755045380722j),(0.2850370926469239+0.010143099650812629j),(4.110007631514204-0.9134726619693379j)
"(3.533333333333333, -3.285714285714286)","(3.533333333333333, -3.285714285714286)",(1.745827126667849+3.8072108738741153j),(-0.48428172778873363-0.13207115798708766j),(0.12305480896777671+0.2431061656861297j),(2.107054045488806+3.696175866175073j)
"(3.5757575757575757, -3.285714285714286)","(3.5757575757575757, -3.285714285714286)",(-3.4159775299863875+3.003172931166073j),(-0.340469425875226-0.3445361640976683j),(-0.14251487009046931+0.20272528079798185j),(-2.9329932340206923+3.144983814465759j)
"(3.618181818181818, -3.285714285714286)","(3.618181818181818, -3.285714285714286)",(-4.247333606337206-2.352657731440475j),(-0.11580947115959482-0.44674879636994647j),(-0.21131900042005392-0.03249303675660785j),(-3.920205134757557-1.8734158983139209j)
"(3.6606060606060606, -3.285714285714286)","(3.6606060606060606, -3.285714285714286)",(0.6793089118762055-4.930180671422261j),(0.1162701686609234-0.41805634781287115j),(-0.04355586428728585-0.16887877261905243j),(0.6065946075025679-4.343245550990337j)
"(3.703030303030303, -3.285714285714286)","(3.703030303030303, -3.285714285714286)",(4.758444820355559-1.10229057889526j),(0.28664434137838374-0.28227104081166204j),(0.1156803828409276-0.0713840672179532j),(4.356120096136248-0.7486354708656446j)
"(3.7454545454545456, -3.285714285714286)","(3.7454545454545456, -3.285714285714286)",(2.4799831485378783+3.9329306171019134j),(0.3549419305142797-0.09518433137014677j),(0.0689085374664255+0.08496962562106562j),(2.056132680557173+3.9431453228509947j)
"(3.787878787878788, -3.285714285714286)","(3.787878787878788, -3.285714285714286)",(-2.8987418927945843+3.327787633356321j),(0.3208124981141684+0.07962750012790445j),(-0.08339976939019676+0.06928007961463684j),(-3.136154621518556+3.1788800536137796j)
"(3.83030303030303, -3.285714285714286)","(3.83030303030303, -3.285714285714286)",(-3.8752296212418513-1.9072550661273384j),(0.21783175398974103+0.19571999824391106j),(-0.09639399769534791-0.09023916330867021j),(-3.9966673775362445-2.0127359010625794j)
"(3.872727272727273, -3.285714285714286)","(3.872727272727273, -3.285714285714286)",(0.8554989566457707-4.332051638442691j),(0.09393652852396699+0.23832482802516078j),(0.0740109063817648-0.14846844868616205j),(0.6875515217400389-4.421908017781689j)
"(3.915151515151515, -3.285714285714286)","(3.915151515151515, -3.285714285714286)",(4.598387962787949-0.4641440348513471j),(-0.011449573009796701+0.22269060966816484j),(0.19896717688121365+0.014986076025627945j),(4.410870358916532-0.7018207205451399j)
"(3.957575757575758, -3.285714285714286)","(3.957575757575758, -3.285714285714286)",(2.010311232962957+4.360212725646288j),(-0.082194734606787+0.1785875654351275j),(0.08041861195416404+0.2130593610866119j),(2.0120873556155803+3.9685657991245487j)
"(4.0, -3.285714285714286)","(4.0, -3.285714285714286)",(-3.441074822141813+3.4233359203820473j),(-0.1253505398959513+0.13035710381207424j),(-0.1689277577024914+0.18136116087048726j),(-3.14679652454337+3.1116176556994857j)
"(-0.2, -3.0)","(-0.2, -3.0)",(-0.08783959891369753+3.85360167541971j),(0.21922703789374584+0.5759246770348988j),(-0.8428417619032531-0.4867717265915073j),(0.5357751250958097+3.7644487249763188j)
"(-0.1575757575757576, -3.0)","(-0.1575757575757576, -3.0)",(2.5933761207485677+0.5268359741625326j),(0.23808159314893787+0.5735487817706516j),(-0.9413724896698913-0.3653071649089102j),(3.296667017269521+0.3185943573007911j)
"(-0.11515151515151516, -3.0)","(-0.11515151515151516, -3.0)",(-0.00473530317842541-3.0339712688937226j),(0.25220223706437417+0.5715753618968675j),(-1.002913650987899-0.26280797139010625j),(0.7459761107450995-3.3427386594004838j)
"(0.1393939393939394, -3.0)","(0.1393939393939394, -3.0)",(2.308552007626525-1.5718225636506973j),(0.23562908961150092+0.5795893212837343j),(-0.9135956565412137-0.4428260086861182j),(2.9865185745562375-1.7085858762483135j)
"(0.18181818181818182, -3.0)","(0.18181818181818182, -3.0)",(1.8735105334198625+2.6538745327560567j),(0.21572665059283538+0.5834398801709836j),(-0.7868972202555065-0.5735995713856228j),(2.4446811030825337+2.6440342239706958j)
"(0.22424242424242424, -3.0)","(0.22424242424242424, -3.0)",(-2.2849146430797336+3.4544389709123853j),(0.19092219173206332+0.5870016887765767j),(-0.606495901244125-0.6885221416053546j),(-1.8693409335676718+3.555959423741163j)
"(0.26666666666666666, -3.0)","(0.26666666666666666, -3.0)",(-4.318887551199985-0.23891964951633013j),(0.1613083397208997+0.5896150659526782j),(-0.37768273661348045-0.7564374068732179j),(-4.102513154307404-0.07209730859579042j)
"(0.30909090909090914, -3.0)","(0.30909090909090914, -3.0)",(-1.5099917118915767-3.2535543189934835j),(0.1270701865417329+0.5905121849771052j),(-0.1223415753329035-0.747461182284969j),(-1.514720323100406-3.0966053216856197j)
"(0.3515151515151515, -3.0)","(0.3515151515151515, -3.0)",(2.0229890933879853-1.5244341883476773j),(0.08851805627916083+0.5888365054295593j),(0.12024936961838509-0.6436136302458224j),(1.8142216674904394-1.4696570635314141j)
"(0.393939393939394, -3.0)","(0.393939393939394, -3.0)",(1.2419291254567173+2.1819527660301326j),(0.04612165919914382+0.5836712134335991j),(0.3002019304541982-0.45043214762088857j),(0.8956055358033754+2.048713700217422j)
"(0.43636363636363634, -3.0)","(0.43636363636363634, -3.0)",(-2.622100562621328+2.2533115087233853j),(0.0005429272150695026+0.5740783951852931j),(0.3722855798674341-0.2038585401163977j),(-2.9949290697038315+1.88309165365449j)
"(0.4787878787878788, -3.0)","(0.4787878787878788, -3.0)",(-3.793268396842921-1.7241113890934219j),(-0.047336025313776786+0.5591502200382559j),(0.3158994388724699+0.03404378394250546j),(-4.061831810401614-2.317305393074183j)
"(0.5212121212121212, -3.0)","(0.5212121212121212, -3.0)",(-0.17679183200176263-4.2662985436247824j),(-0.09639423251792449+0.538072591720603j),(0.15082207161477784+0.19363211090262422j),(-0.23121967109861596-4.998003246248009j)
"(0.5636363636363637, -3.0)","(0.5636363636363637, -3.0)",(3.5407556749778-1.690339651463479j),(-0.14526766938730556+0.5102004753485136j),(-0.06204836236136165+0.22596689923319566j),(3.7480717067264675-2.426507026045188j)
"(0.6060606060606062, -3.0)","(0.6060606060606062, -3.0)",(2.3656183895526497+2.610941061445645j),(-0.19236515355969155+0.4751423891170327j),(-0.2407709471696557+0.1278867882278633j),(2.798754490281997+2.007911884100749j)
"(0.6484848484848484, -3.0)","(0.6484848484848484, -3.0)",(-1.9940163306603595+2.7950824755251333j),(-0.23590999815248687+0.4328493810070479j),(-0.3174222237023585-0.051948209071396544j),(-1.4406841088055142+2.414181303589482j)
"(0.6909090909090909, -3.0)","(0.6909090909090909, -3.0)",(-3.4347400797609247-1.3204084127222395j),(-0.2740123236636924+0.3837012904758311j),(-0.27022203396023603-0.23404169940788255j),(-2.890505722136996-1.470068003790188j)
"(0.7333333333333334, -3.0)","(0.7333333333333334, -3.0)",(0.10326208641612378-3.9985929372547155j),(-0.3047752263666195+0.32858042826151684j),(-0.13217863940933225-0.34732314048175594j),(0.5402159521920755-3.9798502250344763j)
"(0.7757575757575759, -3.0)","(0.7757575757575759, -3.0)",(3.8326218376142824-1.5320502327287835j),(-0.3264350972723578+0.2689203296980414j),(0.03154134461892924-0.3630762024179798j),(4.127515590267711-1.4378943600088452j)
"(0.8181818181818183, -3.0)","(0.8181818181818183, -3.0)",(2.814479066541978+2.7018804746437897j),(-0.33753216619877036+0.20671542419416347j),(0.16311143897277755-0.3005846896206938j),(2.988899793767971+2.79574974007032j)
"(0.8606060606060608, -3.0)","(0.8606060606060608, -3.0)",(-1.2541298561677001+3.0698824531450857j),(-0.3371018520110498+0.144476919603243j),(0.23959426094742303-0.20171415872876233j),(-1.1566222651040734+3.127119692270605j)
"(0.9030303030303031, -3.0)","(0.9030303030303031, -3.0)",(-2.601543688641235-0.46709643581643845j),(-0.32487102203589624+0.08512161107240725j),(0.2686201656370369-0.09746085188903379j),(-2.545292832242376-0.45475719499981193j)
"(0.9454545454545455, -3.0)","(0.9454545454545455, -3.0)",(0.43541641655868796-2.481009412717759j),(-0.30143641368007246+0.03178436880036938j),(0.2611764668588175+0.0030549135724625785j),(0.4756763633799429-2.515848695090591j)
"(0.987878787878788, -3.0)","(0.987878787878788, -3.0)",(3.1554661360192173+0.1218557013350345j),(-0.26839623617377545-0.01244772729668428j),(0.21390809594113247+0.0933785184651204j),(3.2099542762518603+0.04092491016659838j)
"(1.0303030303030305, -3.0)","(1.0303030303030305, -3.0)",(1.262791197983324+3.6964999632323416j),(-0.22840170961992665-0.04487104881768374j),(0.12429268579053895+0.14734472477988422j),(1.3669002218127115+3.594026287270141j)
"(1.0727272727272728, -3.0)","(1.0727272727272728, -3.0)",(-2.9693243226374544+3.0407623033062596j),(-0.18509466089265522-0.06354868818496731j),(0.022788564987298074+0.13005038784761702j),(-2.8070182267320973+2.97426060364361j)
"(1.1151515151515152, -3.0)","(1.1151515151515152, -3.0)",(-3.854109371561679-1.2064604850278544j),(-0.1429020259965285-0.06770356124393684j),(-0.024265711432785195+0.04362272705132264j),(-3.6869416341323653-1.1823796508352402j)
"(1.1575757575757577, -3.0)","(1.1575757575757577, -3.0)",(-0.28612386563294473-3.414517347825083j),(-0.10666972705401206-0.058068015354907354j),(0.03310614562628934-0.041128768720172064j),(-0.212560284205222-3.3153205637500034j)
"(1.2000000000000002, -3.0)","(1.2000000000000002, -3.0)",(2.7205459289316787-0.8457628925974562j),(-0.08113775641185825-0.03712402129629867j),(0.15943408855821223-0.0223337697290697j),(2.642249596785325-0.7863051015720878j)
"(1.2424242424242427, -3.0)","(1.2424242424242427, -3.0)",(1.1025007872784374+2.559978780714785j),(-0.0702850858087921-0.009162080917298247j),(0.22888251075315025+0.13499204324547207j),(0.9439033623340792+2.434148818386611j)
"(1.284848484848485, -3.0)","(1.284848484848485, -3.0)",(-2.572827567923447+1.8175214664435169j),(-0.07660520756104999+0.019908306553670985j),(0.12287443153947239+0.3309977954324578j),(-2.6190967919018697+1.466615364457388j)
"(1.3272727272727274, -3.0)","(1.3272727272727274, -3.0)",(-2.819985959142741-2.0422914975194466j),(-0.10040662688596996+0.04304482404198652j),(-0.1402108385548034+0.38617873067372405j),(-2.579368493701968-2.471515052235157j)
"(1.3696969696969699, -3.0)","(1.3696969696969699, -3.0)",(0.9426367094482031-3.460064360370252j),(-0.1392612589549851+0.05286803876691562j),(-0.379412070972675+0.20306255064049916j),(1.4613100393758631-3.7159949497776665j)
"(1.4121212121212123, -3.0)","(1.4121212121212123, -3.0)",(3.5366232694979916-0.25539373435437057j),(-0.18773955606291906+0.042728302263409484j),(-0.39244728862564676-0.11159591356010123j),(4.116810114186557-0.18652612305767882j)
"(1.4545454545454546, -3.0)","(1.4545454545454546, -3.0)",(1.335070267022755+3.248915202642839j),(-0.23756580485195133+0.007942698224032303j),(-0.1556343891668403-0.3102089732340869j),(1.7282704610415467+3.551181477652894j)
"(1.496969696969697, -3.0)","(1.496969696969697, -3.0)",(-2.616309621836619+2.306607626167356j),(-0.2782930427191542-0.05296485459148559j),(0.1217058073826903-0.2300856035185257j),(-2.4597223865001547+2.589658084277367j)
"(1.5393939393939395, -3.0)","(1.5393939393939395, -3.0)",(-2.9190530558055494-1.5845651919842814j),(-0.2985305538546657-0.13724283149573016j),(0.17923598594838025+0.029456424181422282j),(-2.799758487899264-1.4767787846699734j)
"(1.581818181818182, -3.0)","(1.581818181818182, -3.0)",(0.5489162694283228-2.8787082392805154j),(-0.28765998722277314-0.23736245365183667j),(-0.02959492241289236+0.18110706421621828j),(0.8661711790639883-2.822452849844897j)
"(1.6242424242424245, -3.0)","(1.6242424242424245, -3.0)",(2.534058067976983+0.07889939555745168j),(-0.23785892034647416-0.34117744419035867j),(-0.2659221561753093+0.03608350776245209j),(3.0378391444987667+0.3839933319853583j)
"(1.6666666666666667, -3.0)","(1.6666666666666667, -3.0)",(0.0030934130402418547+2.6730029903633503j),(-0.14613226570152849-0.43296229195991665j),(-0.23519633650661614-0.27996368726650533j),(0.3844220152483865+3.3859289695897723j)
"(1.7090909090909092, -3.0)","(1.7090909090909092, -3.0)",(-3.375023156334432+0.6552535847745533j),(-0.015959203829460013-0.49536896269442493j),(0.09437878722311206-0.4303353897426089j),(-3.453442739728084+1.5809579372115872j)
"(1.7515151515151517, -3.0)","(1.7515151515151517, -3.0)",(-2.3467996263977313-3.590334695627408j),(0.1418727160052221-0.5121617643590145j),(0.427506583121108-0.21517481309284522j),(-2.9161789255240613-2.862998118175548j)
"(1.7939393939393942, -3.0)","(1.7939393939393942, -3.0)",(2.3428539297093938-4.160684150405564j),(0.3096256446980477-0.4713839519249081j),(0.43214143559337115+0.19622423539425618j),(1.6010868494179746-3.885524433874912j)
"(1.8363636363636366, -3.0)","(1.8363636363636366, -3.0)",(4.696145861693757+0.08464521173202719j),(0.4643897799558197-0.3684188091058792j),(0.09589541376997592+0.41982542988788574j),(4.135860667967961+0.03323859095002066j)
"(1.8787878787878791, -3.0)","(1.8787878787878791, -3.0)",(1.6958515642290775+3.7316025528257786j),(0.5812598940236479-0.20828450527658565j),(-0.2445997021761408+0.25879556540699944j),(1.3591913723815703+3.681091492695365j)
"(1.9212121212121216, -3.0)","(1.9212121212121216, -3.0)",(-2.4535370009404867+2.1968452705467243j),(0.6375693007878088-0.006498816022630281j),(-0.2582245849904588-0.08003546907378313j),(-2.8328817167378366+2.2833795556431378j)
"(1.9636363636363636, -3.0)","(1.9636363636363636, -3.0)",(-2.120737637807445-1.9438322704966375j),(0.6175129264823995+0.21199433342211085j),(0.01888057749970832-0.2105027958440329j),(-2.757131141789553-1.9453238080747155j)
"(2.006060606060606, -3.0)","(2.006060606060606, -3.0)",(1.9272790455695008-2.581171275056585j),(0.5162366521817932+0.4160209849368068j),(0.22486265732221672+0.0005678575193821811j),(1.1861797360654909-2.9977601175127737j)
"(2.0484848484848484, -3.0)","(2.0484848484848484, -3.0)",(3.6286256988632966+1.3402289534611038j),(0.34237753838321283+0.5732241793850638j),(0.08659969129672034+0.27952393892131544j),(3.1996484691833635+0.4874808351547246j)
"(2.090909090909091, -3.0)","(2.090909090909091, -3.0)",(0.1850704496200148+4.290482248405115j),(0.11818069623730416+0.6561848724233353j),(-0.25786458957665187+0.25916141893098854j),(0.3247543429593625+3.375135957050791j)
"(2.1333333333333333, -3.0)","(2.1333333333333333, -3.0)",(-3.888423888115294+1.902360564609629j),(-0.12327923640501949+0.6484091428056181j),(-0.4081300449657392-0.08912099347912744j),(-3.3570146067445354+1.3430724152831384j)
"(2.175757575757576, -3.0)","(2.175757575757576, -3.0)",(-2.977431850536783-2.793254269579691j),(-0.34362113179449383+0.5487579418263596j),(-0.16323612258621298-0.4068773325882612j),(-2.470574596156076-2.9351348788177893j)
"(2.2181818181818183, -3.0)","(2.2181818181818183, -3.0)",(1.747686811198997-3.4328953402873936j),(-0.5065479100897651+0.3730113904112743j),(0.23692892910134106-0.35269515437654764j),(2.017305792187421-3.4532115763221203j)
"(2.2606060606060607, -3.0)","(2.2606060606060607, -3.0)",(3.808486427237398+0.8657792682619603j),(-0.58558055899625+0.151758666590099j),(0.38019705289881667+0.005641967166895863j),(4.013869933334831+0.7083786345049654j)
"(2.303030303030303, -3.0)","(2.303030303030303, -3.0)",(0.31260787868860934+4.1915437694763416j),(-0.5702526610395309-0.07536486299090103j),(0.1525421369657251+0.27291890057057516j),(0.7303184027624151+3.9939897318966677j)
"(2.3454545454545452, -3.0)","(2.3454545454545452, -3.0)",(-4.032734181191499+1.9222709543310403j),(-0.4689872334376564-0.2680785007842164j),(-0.14345408255124792+0.18853503130808033j),(-3.4202928652025943+2.0018144238071764j)
"(2.3878787878787877, -3.0)","(2.3878787878787877, -3.0)",(-3.365354082751181-2.9463016388876277j),(-0.30752082406712394-0.3945897777908593j),(-0.16131244039316778-0.08016013927741181j),(-2.8965208182908895-2.4715517218193566j)
"(2.43030303030303, -3.0)","(2.43030303030303, -3.0)",(1.3330277718444299-3.9538648650132955j),(-0.12284086141365454-0.43906705577055616j),(0.07580686334010804-0.16206651479899103j),(1.3800617699179765-3.3527312944437484j)
"(2.4727272727272727, -3.0)","(2.4727272727272727, -3.0)",(3.7029670815487292-0.021238544653401803j),(0.04609006608306167-0.40521255859113037j),(0.22082739355636444+0.05332441486659047j),(3.4360496219093033+0.3306495990711381j)
"(2.515151515151515, -3.0)","(2.515151515151515, -3.0)",(0.80683928108857+3.2326116045620177j),(0.16841626529953962-0.31457892382202274j),(0.04689294064919743+0.28169693790295586j),(0.5915300751398329+3.2654935904810847j)
"(2.5575757575757576, -3.0)","(2.5575757575757576, -3.0)",(-2.967506724894066+1.3931872376107197j),(0.22932292822611386-0.19973458992982482j),(-0.2611016816653508+0.20373338016762055j),(-2.935727971454829+1.389188447372924j)
"(2.6, -3.0)","(2.6, -3.0)",(-2.1950329691358212-2.6991790479010773j),(0.23320547170272415-0.09404381013170145j),(-0.3303071713068239-0.12880521798120048j),(-2.0979312695317214-2.4763300197881755j)
"(2.6424242424242426, -3.0)","(2.6424242424242426, -3.0)",(2.000823399255891-3.0950026453185338j),(0.20073242119319365-0.021147794743961015j),(-0.06142424202302594-0.3472191971088353j),(1.8615152200857235-2.7266356534657374j)
"(2.684848484848485, -3.0)","(2.684848484848485, -3.0)",(3.63350102790426+0.8540914732911651j),(0.16039408222899412+0.012317230038710932j),(0.24676629614850487-0.21364900276537996j),(3.2263406495267613+1.055423246017834j)
"(2.727272727272727, -3.0)","(2.727272727272727, -3.0)",(0.3374866304708545+3.613799193126142j),(0.137141514427792+0.017973520035660245j),(0.26329060992690195+0.09553257772504964j),(-0.06294549388383949+3.500293095365432j)
"(2.7696969696969695, -3.0)","(2.7696969696969695, -3.0)",(-3.2822341417725736+1.2816806623744477j),(0.14207884446507793+0.020011917579865975j),(0.021003066202657968+0.2201121966471079j),(-3.4453160524403095+1.0415565481474738j)
"(2.812121212121212, -3.0)","(2.812121212121212, -3.0)",(-2.103113366858654-2.8948445199799417j),(0.1672460062174801+0.044143126375706485j),(-0.14995256670231694+0.062189658991140755j),(-2.1204068063738175-3.001177305346789j)
"(2.8545454545454545, -3.0)","(2.8545454545454545, -3.0)",(2.3184853457339307-3.019786489261669j),(0.1880635827376862+0.10504094018954863j),(-0.05389676533494965-0.11631948696262956j),(2.184318528331194-3.008507942488588j)
"(2.896969696969697, -3.0)","(2.896969696969697, -3.0)",(3.8663181584810897+1.2331960430786686j),(0.17331427197447885+0.19722755765418748j),(0.13150593348845707-0.05650427464469872j),(3.561497953018154+1.09247276006918j)
"(2.9393939393939394, -3.0)","(2.9393939393939394, -3.0)",(0.3287994297449397+4.143187918082459j),(0.09947353737505125+0.29363963298613827j),(0.11007013103002153+0.1535036656870844j),(0.11925576133986696+3.696044619409236j)
"(2.981818181818182, -3.0)","(2.981818181818182, -3.0)",(-3.5701628090073294+1.833679724781199j),(-0.03604036160518051+0.3535677865734172j),(-0.12587594039573596+0.20107609132850968j),(-3.408246507006413+1.279035846879272j)
"(3.0242424242424244, -3.0)","(3.0242424242424244, -3.0)",(-2.721571498148765-2.45451963335296j),(-0.20848181725035037+0.33801904877541006j),(-0.2736950518619801-0.02590813636493481j),(-2.2393946290364344-2.7666305457634355j)
"(3.066666666666667, -3.0)","(3.066666666666667, -3.0)",(1.4002939387314282-2.9508825370267195j),(-0.37004181048270435+0.22714977304427006j),(-0.11576739991895693-0.27294301979276286j),(1.8861031491330893-2.9050892902782266j)
"(3.109090909090909, -3.0)","(3.109090909090909, -3.0)",(2.961940227267428+0.6915365725445953j),(-0.4646371693541962+0.032736591096489326j),(0.185255603679964-0.23597850080207827j),(3.24132179294166+0.8947784822501843j)
"(3.1515151515151514, -3.0)","(3.1515151515151514, -3.0)",(-0.07245210225895385+3.111302942002774j),(-0.44864872880991336-0.2003040355954269j),(0.28190149255603747+0.047636758716717326j),(0.09429513399492204+3.263970218881483j)
"(3.193939393939394, -3.0)","(3.193939393939394, -3.0)",(-3.250972146698539+0.8372974641947967j),(-0.3098645091036608-0.4055855727383425j),(0.0782548949161815+0.24415110000021667j),(-3.01936253251106+0.9987319369329225j)
"(3.2363636363636363, -3.0)","(3.2363636363636363, -3.0)",(-2.003094316222751-2.934034298000001j),(-0.07657759935635526-0.5170999609198161j),(-0.15843557498277736+0.14614189695214494j),(-1.7680811418836186-2.56307623403233j)
"(3.278787878787879, -3.0)","(3.278787878787879, -3.0)",(1.9824174682007392-2.9459739333094905j),(0.1880987160904764-0.49356450822931036j),(-0.15111266438203158-0.07783835377428384j),(1.9454314164922943-2.3745710713058963j)
"(3.3212121212121213, -3.0)","(3.3212121212121213, -3.0)",(3.2432264313919923+0.7455926714420676j),(0.4059939011770711-0.33563508769244843j),(0.03712979464635408-0.1259422296408745j),(2.8001027355685673+1.2071699887753906j)
"(3.3636363636363638, -3.0)","(3.3636363636363638, -3.0)",(0.24023424262619786+2.9711873834693394j),(0.5110133311612948-0.08834767883390009j),(0.11342749766565073+0.03329411770935575j),(-0.38420658620074766+3.0262409445938836j)
"(3.4060606060606062, -3.0)","(3.4060606060606062, -3.0)",(-2.591433928255761+0.7916820058487173j),(0.473209186587842+0.1733123832112608j),(-0.0331489079922621+0.13534444144975338j),(-3.031494206851341+0.48302518118770305j)
"(3.4484848484848487, -3.0)","(3.4484848484848487, -3.0)",(-1.209920935855059-2.4260450186691203j),(0.3098504477294438+0.3708237126755756j),(-0.17847885615773423-0.0002971223726526487j),(-1.3412925274267686-2.796571608972043j)
"(3.4909090909090907, -3.0)","(3.4909090909090907, -3.0)",(2.315671161797713-1.8768524969367315j),(0.07848276434401741+0.4502191052150724j),(-0.07778631428189849-0.2050918074410515j),(2.3149747117355943-2.1219797947107524j)
"(3.533333333333333, -3.0)","(3.533333333333333, -3.0)",(2.7798289071929743+1.824849066540922j),(-0.14551163137188092+0.40034359096966066j),(0.17906711774366613-0.17979875599524153j),(2.746273420821189+1.604304231566503j)
"(3.5757575757575757, -3.0)","(3.5757575757575757, -3.0)",(-0.7482988707366062+3.481025598878423j),(-0.2975117269483299+0.25369604278135044j),(0.2627132684295203+0.0901641284711684j),(-0.7135004122177966+3.1371654276259044j)
"(3.618181818181818, -3.0)","(3.618181818181818, -3.0)",(-3.542734382351119+0.6341146020185492j),(-0.3461974009721668+0.06985713770314754j),(0.038345063102035955+0.2869686110242346j),(-3.234882044480988+0.27728885329116704j)
"(3.6606060606060606, -3.0)","(3.6606060606060606, -3.0)",(-1.804411257424315-2.939767434630396j),(-0.3005346013503921-0.09063489534083255j),(-0.23880681169668652+0.16205644559934956j),(-1.2650698443772364-3.011188984888913j)
"(3.703030303030303, -3.0)","(3.703030303030303, -3.0)",(2.040166029410429-2.465672056542057j),(-0.19901803563756928-0.18977998430543508j),(-0.23919036705073082-0.13699329950925712j),(2.478374432098729-2.138898772727365j)
"(3.7454545454545456, -3.0)","(3.7454545454545456, -3.0)",(2.7316035567262786+1.216585527452381j),(-0.08748244627925239-0.22234432655337885j),(0.02134591764148794-0.2513709254642422j),(2.797740085364043+1.690300779470002j)
"(3.787878787878788, -3.0)","(3.787878787878788, -3.0)",(-0.5222168399617245+2.8889538002928226j),(0.0027740140765697974-0.20906495374475298j),(0.210159356324451-0.06898306552292209j),(-0.7351502103627453+3.1670018195604976j)
"(3.83030303030303, -3.0)","(3.83030303030303, -3.0)",(-3.029972382151412+0.24751258553856983j),(0.06539214579995789-0.177948278820105j),(0.11463066030859333+0.1471194812580903j),(-3.2099951882599633+0.27834138310058454j)
"(3.872727272727273, -3.0)","(3.872727272727273, -3.0)",(-1.2190733512468563-2.9546193461406363j),(0.11324925956530146-0.14500539289179679j),(-0.09445717898461589+0.12244978930123926j),(-1.237865431827542-2.9320637425500786j)
"(3.915151515151515, -3.0)","(3.915151515151515, -3.0)",(2.421192427387881-2.2174504634284666j),(0.16119725916899444-0.10583485708581732j),(-0.11707757111739747-0.06767042319468744j),(2.3770727393362843-2.043945183147962j)
"(3.957575757575758, -3.0)","(3.957575757575758, -3.0)",(2.890501514372011+1.4510078822668424j),(0.2086058873776239-0.043039885644560266j),(0.05939315820966405-0.1237159125971382j),(2.6225024687847234+1.617763680508541j)
"(4.0, -3.0)","(4.0, -3.0)",(-0.35688637398280154+3.0334632043498275j),(0.23350777856103905+0.05513952018437808j),(0.152299520587096+0.04670944493946638j),(-0.7426936731309366+2.931614239225983j)
"(-0.2, -2.7142857142857144)","(-0.2, -2.7142857142857144)",(3.4350545474211094+1.206900274465247j),(0.2996448734226933-0.5520030248843951j),(0.0528510876060164+1.0305981690610952j),(3.0825585863923997+0.7283051302885468j)
"(-0.1575757575757576, -2.7142857142857144)","(-0.1575757575757576, -2.7142857142857144)",(4.0363770342555565-2.2701019543479832j),(0.2847213621228903-0.5657932146492989j),(0.2758344384129812+1.0679762873201757j),(3.4758212337196848-2.77228502701886j)
"(-0.11515151515151516, -2.7142857142857144)","(-0.11515151515151516, -2.7142857142857144)",(1.310997454014049-4.233896414487241j),(0.27337063366393266-0.5759789328479614j),(0.45411841305770617+1.064330263762453j),(0.58350840729241-4.722247745401732j)
"(0.1393939393939394, -2.7142857142857144)","(0.1393939393939394, -2.7142857142857144)",(2.728690015691164-3.6469713448585206j),(0.29159883931949193-0.5679626430972887j),(0.14226509858474845+1.0920655913208415j),(2.2948260777869236-4.171074293082073j)
"(0.18181818181818182, -2.7142857142857144)","(0.18181818181818182, -2.7142857142857144)",(3.8806264687646372-0.4012305070430042j),(0.30852211060690865-0.5542925702116992j),(-0.1107525141225932+1.0085095508491437j),(3.682856872280322-0.8554474876804488j)
"(0.22424242424242424, -2.7142857142857144)","(0.22424242424242424, -2.7142857142857144)",(1.4536039958406097+1.7311994268948887j),(0.3285358349361238-0.5363623163066081j),(-0.3507242409933309+0.8315844578387245j),(1.4757924018978168+1.4359772853627724j)
"(0.26666666666666666, -2.7142857142857144)","(0.26666666666666666, -2.7142857142857144)",(-1.038476076753091+0.16922593877095768j),(0.3509936287272546-0.5137788272536019j),(-0.517364858013654+0.5664531154275753j),(-0.8721048474666916+0.11655165059698433j)
"(0.30909090909090914, -2.7142857142857144)","(0.30909090909090914, -2.7142857142857144)",(-0.12140293493193767-2.488736601039374j),(0.37508566895513906-0.4861573884076718j),(-0.5573950481757711+0.25743322234399274j),(0.06090644428869439-2.260012434975695j)
"(0.3515151515151515, -2.7142857142857144)","(0.3515151515151515, -2.7142857142857144)",(2.7454856517642137-2.2302325959418527j),(0.39983252711267553-0.4531672138240296j),(-0.4527265136876377-0.01877942581400771j),(2.798379638339176-1.7582859563038153j)
"(0.393939393939394, -2.7142857142857144)","(0.393939393939394, -2.7142857142857144)",(3.352885015729112+0.6731527184822568j),(0.42408698345522416-0.4145851601582382j),(-0.2403969126473269-0.18257806539211938j),(3.1691949449212147+1.2703159440326144j)
"(0.43636363636363634, -2.7142857142857144)","(0.43636363636363634, -2.7142857142857144)",(0.8034456440965265+2.1144635029888357j),(0.446547702640438-0.37035614029589947j),(-0.005540286922231443-0.19298296685310945j),(0.3624382283783199+2.6778026101378445j)
"(0.4787878787878788, -2.7142857142857144)","(0.4787878787878788, -2.7142857142857144)",(-1.1784535669062814+0.08597553733218688j),(0.46578884385364744-0.3206575341258863j),(0.1580165325403612-0.07514892542274j),(-1.80225894330029+0.4817819968808132j)
"(0.5212121212121212, -2.7142857142857144)","(0.5212121212121212, -2.7142857142857144)",(0.4234807140576104-2.349914737536816j),(0.4803094688429089-0.2659633038103042j),(0.1993648801373211+0.09122621322074807j),(-0.25619363492261965-2.17517764694726j)
"(0.5636363636363637, -2.7142857142857144)","(0.5636363636363637, -2.7142857142857144)",(3.49735593125271-1.337282938224446j),(0.4886058254486796-0.2071017036228303j),(0.13640253574862948+0.22184443957734212j),(2.8723475700554006-1.3520256741789578j)
"(0.6060606060606062, -2.7142857142857144)","(0.6060606060606062, -2.7142857142857144)",(3.628222196765802+2.2379883711112765j),(0.48926804368422616-0.14529859663083333j),(0.031079484648181742+0.2801015654764878j),(3.1078746684333938+2.103185402265622j)
"(0.6484848484848484, -2.7142857142857144)","(0.6484848484848484, -2.7142857142857144)",(0.28970295453391276+3.8164984453489224j),(0.4811003350584523-0.08219671751348084j),(-0.06779641214165426+0.2855512142856648j),(-0.12360096838288524+3.6131439485767385j)
"(0.6909090909090909, -2.7142857142857144)","(0.6909090909090909, -2.7142857142857144)",(-2.310009075639544+1.453595409082493j),(0.46326035460834514-0.019840124523230546j),(-0.15941132436625144+0.26875584892072135j),(-2.6138581058816377+1.204679684685002j)
"(0.7333333333333334, -2.7142857142857144)","(0.7333333333333334, -2.7142857142857144)",(-1.0105088763009986-1.4542128825455591j),(0.43540901905659046+0.039386966540810434j),(-0.26375325752482326+0.22049439612533425j),(-1.1821646378327657-1.7140942452117038j)
"(0.7757575757575759, -2.7142857142857144)","(0.7757575757575759, -2.7142857142857144)",(1.9292803055425138-0.8781079050344379j),(0.3978570169406703+0.09287624515020178j),(-0.35957874003598694+0.10011125793803878j),(1.8910020286378304-1.0710954081226784j)
"(0.8181818181818183, -2.7142857142857144)","(0.8181818181818183, -2.7142857142857144)",(2.0067252166011342+2.2345831607014484j),(0.35168899561719585+0.13797191123123775j),(-0.3679889136657837-0.0920316366719616j),(2.023025134649722+2.1886428861421723j)
"(0.8606060606060608, -2.7142857142857144)","(0.8606060606060608, -2.7142857142857144)",(-1.2065481024675622+3.299310625388872j),(0.2988417618395206+0.17220731795842834j),(-0.22768249755476533-0.26016942578824725j),(-1.2777073667523173+3.387272733218691j)
"(0.9030303030303031, -2.7142857142857144)","(0.9030303030303031, -2.7142857142857144)",(-3.440480363995734+0.5345690288539754j),(0.24210988445463433+0.1935923290360237j),(0.00198240321020542-0.26842903702192406j),(-3.6845726516605737+0.6094057368398758j)
"(0.9454545454545455, -2.7142857142857144)","(0.9454545454545455, -2.7142857142857144)",(-1.6961899088985979-2.5037000589162215j),(0.18505217628331352+0.20093086600595048j),(0.14186578344286646-0.0859361874477193j),(-2.023107868624778-2.6186947374744527j)
"(0.987878787878788, -2.7142857142857144)","(0.987878787878788, -2.7142857142857144)",(1.5327516678119393-1.8712258309868397j),(0.13177708166831184+0.1941354348246883j),(0.04765387614440948+0.1289669694881257j),(1.353320709999218-2.1943282352996536j)
"(1.0303030303030305, -2.7142857142857144)","(1.0303030303030305, -2.7142857142857144)",(1.7274975125774543+1.2308137753444162j),(0.0865952599114967+0.17449289809146912j),(-0.213103128162389+0.13950608653932312j),(1.8540053808283465+0.9168147907136238j)
"(1.0727272727272728, -2.7142857142857144)","(1.0727272727272728, -2.7142857142857144)",(-1.304093955594592+2.106290471889646j),(0.05354435088047148+0.14482583869357013j),(-0.37177867563463246-0.1270610035663278j),(-0.985859630840431+2.088525636762404j)
"(1.1151515151515152, -2.7142857142857144)","(1.1151515151515152, -2.7142857142857144)",(-3.0807000740043495-0.8413442553952517j),(0.03581377855124854+0.10948964675039757j),(-0.20580108603486263-0.45437594499679224j),(-2.9107127665207355-0.49645795714885704j)
"(1.1575757575757577, -2.7142857142857144)","(1.1575757575757577, -2.7142857142857144)",(-0.6686816946270723-3.7574643821437235j),(0.03512480505862012+0.07415037099077837j),(0.20344620174243216-0.5108167247038975j),(-0.9072527014281245-3.3207980284306045j)
"(1.2000000000000002, -2.7142857142857144)","(1.2000000000000002, -2.7142857142857144)",(3.141718567388607-2.5740272700368756j),(0.05114943114650635+0.045305513422544436j),(0.5012015511059018-0.1923147295831536j),(2.5893675851361992-2.4270180538762665j)
"(1.2424242424242427, -2.7142857142857144)","(1.2424242424242427, -2.7142857142857144)",(3.5463084759410024+1.3639294837178038j),(0.08107581860421922+0.02954122500654925j),(0.4041482895130774+0.22814388438433006j),(3.061084367823706+1.1062443743269246j)
"(1.284848484848485, -2.7142857142857144)","(1.284848484848485, -2.7142857142857144)",(0.2538757575882039+3.0743700893521635j),(0.11944081245274986+0.03256444958635555j),(0.018088388917554973+0.3525170220988093j),(0.11634655621789908+2.689288617666999j)
"(1.3272727272727274, -2.7142857142857144)","(1.3272727272727274, -2.7142857142857144)",(-2.155825826699499+0.6969207988410362j),(0.15834433856117697+0.05810386134739351j),(-0.2426320447144642+0.0829665387606976j),(-2.071538120546212+0.5558503987329451j)
"(1.3696969696969699, -2.7142857142857144)","(1.3696969696969699, -2.7142857142857144)",(-0.5228494520214961-2.0555008387556826j),(0.188129287805344+0.10683136080644544j),(-0.09406685724454489-0.24811283932441142j),(-0.6169118825822952-1.9142193602377164j)
"(1.4121212121212123, -2.7142857142857144)","(1.4121212121212123, -2.7142857142857144)",(2.6177755619246152-1.0811246092406999j),(0.19855025009197758+0.1755048363598596j),(0.2879530422057189-0.22800083197251256j),(2.1312722696269186-1.028628613628047j)
"(1.4545454545454546, -2.7142857142857144)","(1.4545454545454546, -2.7142857142857144)",(2.6068747224932296+2.4664646349849964j),(0.18036667190493602+0.25655827967418876j),(0.44248923891568426+0.1665073522575726j),(1.9840188116726094+2.043399003053235j)
"(1.496969696969697, -2.7142857142857144)","(1.496969696969697, -2.7142857142857144)",(-0.9079609435800131+3.801379763953387j),(0.1271895325364729+0.33835194311140815j),(0.14104339811939418+0.5186871480205696j),(-1.1761938742358802+2.944340672821409j)
"(1.5393939393939395, -2.7142857142857144)","(1.5393939393939395, -2.7142857142857144)",(-3.5119114833473866+1.0687416932853968j),(0.03730267034584675+0.40623085132870745j),(-0.33459271502760535+0.4309264963539661j),(-3.214621438665628+0.2315843456027232j)
"(1.581818181818182, -2.7142857142857144)","(1.581818181818182, -2.7142857142857144)",(-2.0533205242774195-2.1910848253726614j),(-0.08490479575085831+0.4444200327928468j),(-0.49627797808438623-0.016136585999659815j),(-1.4721377504421749-2.619368272165848j)
"(1.6242424242424245, -2.7142857142857144)","(1.6242424242424245, -2.7142857142857144)",(1.1836556934090756-1.9375454878783613j),(-0.2282908902019621+0.43861690462205893j),(-0.20504173043976237-0.3468058324392226j),(1.6169883140508001-2.029356560061198j)
"(1.6666666666666667, -2.7142857142857144)","(1.6666666666666667, -2.7142857142857144)",(1.777356466124133+0.9666795084550761j),(-0.3754468406575035+0.3789482927696619j),(0.1708890545959104-0.2376432015884427j),(1.981914252185726+0.8253744172738569j)
"(1.7090909090909092, -2.7142857142857144)","(1.7090909090909092, -2.7142857142857144)",(-0.7870926554267171+2.194323275700845j),(-0.5045217003998634+0.2627801332752281j),(0.19434993277770987+0.11069552295709781j),(-0.47692088780456354+1.820847619468519j)
"(1.7515151515151517, -2.7142857142857144)","(1.7515151515151517, -2.7142857142857144)",(-2.6480698043618762+0.023635888401246585j),(-0.5923517509463779+0.09675175700553483j),(-0.12127726168551639+0.2259914659104125j),(-1.934440791729982-0.29910733451470073j)
"(1.7939393939393942, -2.7142857142857144)","(1.7939393939393942, -2.7142857142857144)",(-1.0978956918336538-2.4237631613063644j),(-0.6185554789690925-0.10259474306174066j),(-0.33828795333430717-0.056967634421525075j),(-0.14105225953025408-2.2642007838230986j)
"(1.8363636363636366, -2.7142857142857144)","(1.8363636363636366, -2.7142857142857144)",(1.695097715988001-1.702351240576619j),(-0.5699395152217919-0.310067289129706j),(-0.1385434960464484-0.3944997647322995j),(2.4035807272562413-0.9977841867146136j)
"(1.8787878787878791, -2.7142857142857144)","(1.8787878787878791, -2.7142857142857144)",(1.8364803394285487+1.136964856254863j),(-0.44431538290350886-0.4951198624826535j),(0.28007892274598484-0.35851481789239614j),(2.0007167995860726+1.9905995366299127j)
"(1.9212121212121216, -2.7142857142857144)","(1.9212121212121216, -2.7142857142857144)",(-0.8342511955449491+2.0910950905605024j),(-0.2527392478369106-0.6269055974352318j),(0.444360388871608+0.034837364293487195j),(-1.0258723365796465+2.6831633237022467j)
"(1.9636363636363636, -2.7142857142857144)","(1.9636363636363636, -2.7142857142857144)",(-2.5828838941363337-0.2013493237235637j),(-0.01932974401622553-0.6803035278847168j),(0.18481190967887962+0.34713713440157634j),(-2.748366059798988+0.13181706975957677j)
"(2.006060606060606, -2.7142857142857144)","(2.006060606060606, -2.7142857142857144)",(-0.9906643993366098-2.649228072802222j),(0.22177819669057755-0.6417114909633488j),(-0.16805159107961218+0.2592441929808771j),(-1.044391004947575-2.2667607748197502j)
"(2.0484848484848484, -2.7142857142857144)","(2.0484848484848484, -2.7142857142857144)",(1.8012373970317264-2.05812231234778j),(0.43216097831177974-0.5131875522560446j),(-0.2093657379242327-0.0492406947431987j),(1.5784421566441793-1.4956940653485369j)
"(2.090909090909091, -2.7142857142857144)","(2.090909090909091, -2.7142857142857144)",(2.203236861941469+0.5501816904902254j),(0.5766036849152977-0.31364659319692806j),(0.03824082495588865-0.1544954483317795j),(1.5883923520702823+1.018323732018933j)
"(2.1333333333333333, -2.7142857142857144)","(2.1333333333333333, -2.7142857142857144)",(0.12107838576508378+1.5827635266469933j),(0.6308064547832469-0.07633186532396016j),(0.18231591702243352+0.05990743273404282j),(-0.6920439860405967+1.5991879592369107j)
"(2.175757575757576, -2.7142857142857144)","(2.175757575757576, -2.7142857142857144)",(-1.1579122600274045-0.03131170336821204j),(0.5873850607870343+0.15736753222475758j),(-0.009364508338351986+0.2658216743398055j),(-1.7359328124760869-0.45450090993277514j)
"(2.2181818181818183, -2.7142857142857144)","(2.2181818181818183, -2.7142857142857144)",(0.23094012771584962-1.5012869631028005j),(0.45837381615591366+0.34666611645733675j),(-0.30028894748235835+0.1367771438385639j),(0.07285525904229431-1.9847302233987012j)
"(2.2606060606060607, -2.7142857142857144)","(2.2606060606060607, -2.7142857142857144)",(2.115435829467156-0.32043692256181816j),(0.2731175642652978+0.4607046099246479j),(-0.29758935739142-0.21172783072241524j),(2.1399076225932783-0.5694137017640508j)
"(2.303030303030303, -2.7142857142857144)","(2.303030303030303, -2.7142857142857144)",(1.4744551951470817+2.0898640020287527j),(0.0715904708667852+0.48596722599138614j),(0.028473654481799008-0.36506657182600655j),(1.3743910697984976+1.968963347863373j)
"(2.3454545454545452, -2.7142857142857144)","(2.3454545454545452, -2.7142857142857144)",(-1.1869957541624374+2.3730112947856097j),(-0.10546127273542304+0.42950537711115755j),(0.3007725605116154-0.14552257856808776j),(-1.3823070419386296+2.08902849624254j)
"(2.3878787878787877, -2.7142857142857144)","(2.3878787878787877, -2.7142857142857144)",(-2.4671345182065947-0.015560213710075765j),(-0.22699029766498244+0.3166304530541293j),(0.22183597770711133+0.16378251081951278j),(-2.4619801982487237-0.49597317758371784j)
"(2.43030303030303, -2.7142857142857144)","(2.43030303030303, -2.7142857142857144)",(-0.7705004195253151-2.0056192819794934j),(-0.2796326124847136+0.18329173965850823j),(-0.052854589076044+0.19692069340670232j),(-0.4380132179645575-2.385831715044704j)
"(2.4727272727272727, -2.7142857142857144)","(2.4727272727272727, -2.7142857142857144)",(1.5267882258822918-1.129418258508262j),(-0.27051184281561136+0.06510078200766158j),(-0.14287876965967758-0.021738856313578886j),(1.9401788383575809-1.1727801842023446j)
"(2.515151515151515, -2.7142857142857144)","(2.515151515151515, -2.7142857142857144)",(1.4039088398238122+1.1748634393916635j),(-0.22356458105589264-0.013675857423762303j),(0.04189944784205126-0.13647853499453458j),(1.5855739730376535+1.3250178318099604j)
"(2.5575757575757576, -2.7142857142857144)","(2.5575757575757576, -2.7142857142857144)",(-0.7177635152510627+1.7007009028077282j),(-0.17016428612574339-0.04742302792870038j),(0.19258096496013988+0.038054440911305124j),(-0.7401801940854592+1.7100694898251234j)
"(2.6, -2.7142857142857144)","(2.6, -2.7142857142857144)",(-1.774657795670957-0.0814306440557106j),(-0.13694310883558075-0.04992303266426983j),(0.041036277797875505+0.25617058321407926j),(-1.6787509646332517-0.28767819460552j)
"(2.6424242424242426, -2.7142857142857144)","(2.6424242424242426, -2.7142857142857144)",(-0.4410530193676467-1.4932057891442714j),(-0.13508831140095687-0.04775010524228264j),(-0.25301088932686233+0.17791520478930023j),(-0.052953818639827455-1.623370888691289j)
"(2.684848484848485, -2.7142857142857144)","(2.684848484848485, -2.7142857142857144)",(1.1397640140346414-0.5963015903544893j),(-0.15535506914929945-0.0682112175706087j),(-0.3008988160712178-0.1522540902304206j),(1.5960178992551586-0.37583628255346j)
"(2.727272727272727, -2.7142857142857144)","(2.727272727272727, -2.7142857142857144)",(0.5855354627822591+1.0843028231597214j),(-0.17134650563327924-0.12609806698108011j),(-0.009340746577096472-0.3403447012738052j),(0.7662227149926348+1.5507455914146067j)
"(2.7696969696969695, -2.7142857142857144)","(2.7696969696969695, -2.7142857142857144)",(-1.2572936596850544+0.8643198997863881j),(-0.15064305187942623-0.2145541351424703j),(0.2793313108231154-0.15629931686590015j),(-1.3859819186287434+1.2351733517947585j)
"(2.812121212121212, -2.7142857142857144)","(2.812121212121212, -2.7142857142857144)",(-1.54528102337079-1.1587335245838843j),(-0.07009854836926037-0.30441104676977915j),(0.22926592750803962+0.16133925490201317j),(-1.7044484025095694-1.0156617327161184j)
"(2.8545454545454545, -2.7142857142857144)","(2.8545454545454545, -2.7142857142857144)",(0.44405018245011163-2.1737950480677033j),(0.07063946306665121-0.3534518276455139j),(-0.05398626800240839+0.22271455363854664j),(0.4273969873858688-2.043057774060736j)
"(2.896969696969697, -2.7142857142857144)","(2.896969696969697, -2.7142857142857144)",(2.1936047414780155-0.6238534068611139j),(0.24345668248587515-0.3230929220561142j),(-0.1803005747676667-6.227198891539665e-06j),(2.130448633759807-0.30075425760610824j)
"(2.9393939393939394, -2.7142857142857144)","(2.9393939393939394, -2.7142857142857144)",(1.4179819841154129+1.559446254202213j),(0.39759285981575004-0.19644801070947163j),(-0.00810006791892922-0.15617155915177142j),(1.028489192218592+1.912065824063456j)
"(2.981818181818182, -2.7142857142857144)","(2.981818181818182, -2.7142857142857144)",(-0.7721325665493568+1.6030570451018673j),(0.4762377936072813+0.009759211298198503j),(0.17359423090141304-0.01463546559441671j),(-1.4219645910580512+1.6079332993980855j)
"(3.0242424242424244, -2.7142857142857144)","(3.0242424242424244, -2.7142857142857144)",(-1.436097841184656-0.3106878421818332j),(0.4384592118257042+0.2454406685143659j),(0.06234869500118119+0.21023720408248023j),(-1.9369057480115415-0.7663657147786793j)
"(3.066666666666667, -2.7142857142857144)","(3.066666666666667, -2.7142857142857144)",(0.14099390391245012-1.3882803021270145j),(0.27795555166912567+0.4411939077482523j),(-0.2175171383637832+0.15850403830010595j),(0.08055549060710765-1.9879782481753727j)
"(3.109090909090909, -2.7142857142857144)","(3.109090909090909, -2.7142857142857144)",(1.5669136029786424-0.1441744452423886j),(0.030339996350537538+0.5321001109699536j),(-0.2682782188523088-0.15739529277923597j),(1.8048518254804136-0.5188792634331062j)
"(3.1515151515151514, -2.7142857142857144)","(3.1515151515151514, -2.7142857142857144)",(0.7610326497091208+1.61795834023228j),(-0.2354574934778408+0.48252068860820596j),(0.030228467866867254-0.33750920772746507j),(0.9662616753200943+1.4729468593515391j)
"(3.193939393939394, -2.7142857142857144)","(3.193939393939394, -2.7142857142857144)",(-1.1931055640891162+1.4311170722327453j),(-0.4397686242536953+0.3017143956690159j),(0.3273268326236014-0.12393003230452665j),(-1.0806637724590222+1.253332708868256j)
"(3.2363636363636363, -2.7142857142857144)","(3.2363636363636363, -2.7142857142857144)",(-1.683804921347705-0.40817886425194927j),(-0.5206395068090889+0.04301149098052718j),(0.24917911105918134+0.2374549271572822j),(-1.4123445255977976-0.6886452823897586j)
"(3.278787878787879, -2.7142857142857144)","(3.278787878787879, -2.7142857142857144)",(-0.24352649398572657-1.3957805610961602j),(-0.4568087856651206-0.2142614302117003j),(-0.10465154304703161+0.3056707130342349j),(0.31793383472642567-1.4871898439186948j)
"(3.3212121212121213, -2.7142857142857144)","(3.3212121212121213, -2.7142857142857144)",(0.9420191471927603-0.41485786628615656j),(-0.27541214585495283-0.3934926603763036j),(-0.289389610477405+0.02038885221807648j),(1.506820903525118-0.04175405812792943j)
"(3.3636363636363638, -2.7142857142857144)","(3.3636363636363638, -2.7142857142857144)",(0.26842097005199317+0.7940054050788967j),(-0.04072672980223168-0.4484959660159766j),(-0.10166514016616227-0.22927668437523518j),(0.4108128400203871+1.4717780554701085j)
"(3.4060606060606062, -2.7142857142857144)","(3.4060606060606062, -2.7142857142857144)",(-1.0201141490031205+0.28370747500066695j),(0.17151411517595191-0.378545288371238j),(0.1659009153837053-0.13457716234316144j),(-1.3575291795627777+0.7968299257150664j)
"(3.4484848484848487, -2.7142857142857144)","(3.4484848484848487, -2.7142857142857144)",(-0.7347123468488472-1.2291381210522863j),(0.3031318791942288-0.2244335748951499j),(0.142324208372872+0.12626095869077678j),(-1.180168434415948-1.130965504847913j)
"(3.4909090909090907, -2.7142857142857144)","(3.4909090909090907, -2.7142857142857144)",(0.9949072668603276-1.4048609245254051j),(0.3331075798919402-0.04783593510131972j),(-0.10984992133811827+0.1564230812501299j),(0.7716496083065056-1.5134480706742153j)
"(3.533333333333333, -2.7142857142857144)","(3.533333333333333, -2.7142857142857144)",(1.8192477622691603+0.29167600566428625j),(0.27948125774568433+0.09597563481525838j),(-0.19443899960278271-0.0928823945261752j),(1.7342055041262587+0.28858276537520305j)
"(3.5757575757575757, -2.7142857142857144)","(3.5757575757575757, -2.7142857142857144)",(0.504303259925184+1.715879433629874j),(0.18385921921988932+0.17900315298747554j),(0.04643084760022213-0.24818019320452314j),(0.27401319310507255+1.7850564738469215j)
"(3.618181818181818, -2.7142857142857144)","(3.618181818181818, -2.7142857142857144)",(-1.2577324264512637+1.0058979019752008j),(0.0874348203223902+0.20543073766688005j),(0.2883055130570207-0.04321894174034965j),(-1.6334727598306746+0.8436861060486703j)
"(3.6606060606060606, -2.7142857142857144)","(3.6606060606060606, -2.7142857142857144)",(-1.1612753447665576-0.8031061671974882j),(0.011508096599663157+0.1995244431613264j),(0.16378943388101064+0.28153859031044876j),(-1.3365728752472315-1.2841692006692633j)
"(3.703030303030303, -2.7142857142857144)","(3.703030303030303, -2.7142857142857144)",(0.5228727098944213-1.2121015034415517j),(-0.04732495024060611+0.18463518123684786j),(-0.210090489367682+0.28126171196962735j),(0.7802881495027094-1.677998396648027j)
"(3.7454545454545456, -2.7142857142857144)","(3.7454545454545456, -2.7142857142857144)",(1.3584943000093097+0.27727970648324596j),(-0.10561398231686339+0.16623347979969835j),(-0.3560190108802307-0.08259879511077495j),(1.8201272932064039+0.19364502179432255j)
"(3.787878787878788, -2.7142857142857144)","(3.787878787878788, -2.7142857142857144)",(0.1504282768458533+1.5193076782829174j),(-0.17306979644526732+0.12946749424320134j),(-0.0687241833013857-0.3617214601125139j),(0.3922222565925063+1.75156164415223j)
"(3.83030303030303, -2.7142857142857144)","(3.83030303030303, -2.7142857142857144)",(-1.4371644724281458+0.7512085039057995j),(-0.2374343010376333+0.053047239171862035j),(0.2971053347798241-0.20245962984534116j),(-1.4968355061703367+0.9006208945792786j)
"(3.872727272727273, -2.7142857142857144)","(3.872727272727273, -2.7142857142857144)",(-1.2556354585737357-0.9907272545525857j),(-0.26511880864437265-0.06898570874741333j),(0.2859517729315306+0.18532653350172237j),(-1.2764684228608938-1.1070680793068948j)
"(3.915151515151515, -2.7142857142857144)","(3.915151515151515, -2.7142857142857144)",(0.3640813891784715-1.3976375943277193j),(-0.21929977124352695-0.211857745134864j),(-0.06214020155200279+0.30787748523316516j),(0.6455213619740012-1.4936573344260204j)
"(3.957575757575758, -2.7142857142857144)","(3.957575757575758, -2.7142857142857144)",(1.1881443679377164-0.10954932058937511j),(-0.08606494182511179-0.32280457200103246j),(-0.2798926532505633+0.04044769503432177j),(1.5541019630133914+0.17280755637733558j)
"(4.0, -2.7142857142857144)","(4.0, -2.7142857142857144)",(0.2644377246070985+0.9088002855424668j),(0.10721441887888075-0.3436966211334671j),(-0.10687026748152348-0.22764487715488663j),(0.26409357320974125+1.4801417838308206j)
"(-0.2, -2.428571428571429)","(-0.2, -2.428571428571429)",(2.361721584766789+0.6360694308372763j),(-0.6263480994638433+0.1345885956128516j),(0.8795297159952626-0.5045916872060461j),(2.1085399682353696+1.0060725224304707j)
"(-0.1575757575757576, -2.428571428571429)","(-0.1575757575757576, -2.428571428571429)",(0.7754378377456236-1.7226844820860208j),(-0.6273994694490623+0.15637167210812428j),(0.8213441783420666-0.8410200252804441j),(0.5814931288526193-1.038036128913701j)
"(-0.11515151515151516, -2.428571428571429)","(-0.11515151515151516, -2.428571428571429)",(-2.011231099356083-1.084538630058315j),(-0.6279299327507042+0.17273909514064964j),(0.698790666055348-1.111338009562357j),(-2.0820918326607267-0.14593971563660768j)
"(0.1393939393939394, -2.428571428571429)","(0.1393939393939394, -2.428571428571429)",(-0.7679054791412542-1.278244903606247j),(-0.6341334238747477+0.15200654751465228j),(0.9358777006063419-0.604119474519317j),(-1.0696497558728484-0.8261319766015823j)
"(0.18181818181818182, -2.428571428571429)","(0.18181818181818182, -2.428571428571429)",(1.5706089554778435-0.2553837980562861j),(-0.6345796368737077+0.1285675591968583j),(0.8682980981188728-0.21264625081577768j),(1.3368904942326783-0.17130510643736668j)
"(0.22424242424242424, -2.428571428571429)","(0.22424242424242424, -2.428571428571429)",(1.3323431393388554+2.2696512759435064j),(-0.6335677272861246+0.09965474271806403j),(0.6442522748549911+0.08864491222373841j),(1.3216585917699888+2.081351621001704j)
"(0.26666666666666666, -2.428571428571429)","(0.26666666666666666, -2.428571428571429)",(-1.119755901092649+2.971458606246761j),(-0.6302817186740001+0.06555826097463742j),(0.3515730239091449+0.20885058911736268j),(-0.841047206327794+2.697049756154761j)
"(0.30909090909090914, -2.428571428571429)","(0.30909090909090914, -2.428571428571429)",(-2.64446700903359+1.0684570321385054j),(-0.6237982775632508+0.026725313143045583j),(0.12251217803366816+0.15837594684296022j),(-2.1431809095040073+0.8833557721524996j)
"(0.3515151515151515, -2.428571428571429)","(0.3515151515151515, -2.428571428571429)",(-1.5315714102898916-0.8183060457879505j),(-0.6131259054480029-0.01619953949629092j),(0.028015663624565895+0.04753139922857667j),(-0.9464611684664546-0.8496379055202362j)
"(0.393939393939394, -2.428571428571429)","(0.393939393939394, -2.428571428571429)",(0.3400927086744836-0.3133827274473101j),(-0.5972584443289467-0.06233606800162521j),(0.017570515294070638-0.015794535427640137j),(0.9197806377093597-0.23525212401804477j)
"(0.43636363636363634, -2.428571428571429)","(0.43636363636363634, -2.428571428571429)",(0.2109563679158304+1.5628826204070387j),(-0.5752444611881855-0.11053727382362863j),(-0.011517584492900152-0.03712128307702035j),(0.7977184135969161+1.7105411773076877j)
"(0.4787878787878788, -2.428571428571429)","(0.4787878787878788, -2.428571428571429)",(-1.7937824122315222+1.933865835623044j),(-0.5462728158421801-0.15937191533839432j),(-0.07005657320689677-0.1164220544136303j),(-1.1774530231824454+2.2096598053750687j)
"(0.5212121212121212, -2.428571428571429)","(0.5212121212121212, -2.428571428571429)",(-2.9368061230432767+0.0445571598603961j),(-0.509772768884221-0.20712812727595298j),(-0.0342363417473507-0.2883788128715008j),(-2.392797012411705+0.5400641000078499j)
"(0.5636363636363637, -2.428571428571429)","(0.5636363636363637, -2.428571428571429)",(-1.6586184125858967-1.7669260757381704j),(-0.4655243064880308-0.2518461538194703j),(0.19921853204177772-0.4061864787110403j),(-1.3923126381396436-1.1088934432076598j)
"(0.6060606060606062, -2.428571428571429)","(0.6060606060606062, -2.428571428571429)",(0.3448330672670689-1.3000775448448274j),(-0.4137709994055768-0.29138793336451746j),(0.513538747356473-0.2600439974695268j),(0.24506531931617276-0.7486456140107832j)
"(0.6484848484848484, -2.428571428571429)","(0.6484848484848484, -2.428571428571429)",(0.4819867006274371+0.569360976638686j),(-0.35532387518298636-0.32354974604234804j),(0.6062626809958576+0.1458917631963036j),(0.2310478948145659+0.7470189594847304j)
"(0.6909090909090909, -2.428571428571429)","(0.6909090909090909, -2.428571428571429)",(-1.2689942437264783+1.159565605367112j),(-0.2916408631576553-0.3462209622742035j),(0.30603199542282444+0.4926157434587713j),(-1.2833853759916474+1.0131708241825441j)
"(0.7333333333333334, -2.428571428571429)","(0.7333333333333334, -2.428571428571429)",(-2.445607784205086-0.4162112682700909j),(-0.22486300258476002-0.35758679679676025j),(-0.16120923325611713+0.4302960234389801j),(-2.059535548364209-0.48892049491231077j)
"(0.7757575757575759, -2.428571428571429)","(0.7757575757575759, -2.428571428571429)",(-1.438284514769635-2.1969265522945833j),(-0.15778665734551744-0.3563657656520924j),(-0.3323519596266365-0.004686082548310495j),(-0.9481458977974812-1.8358747040941805j)
"(0.8181818181818183, -2.428571428571429)","(0.8181818181818183, -2.428571428571429)",(0.5036489942004034-2.0945276447160097j),(-0.09375152545328086-0.3420634957186618j),(-0.007927550874040963-0.3466059711898129j),(0.6053280705277253-1.405858177807535j)
"(0.8606060606060608, -2.428571428571429)","(0.8606060606060608, -2.428571428571429)",(1.1224516099946102-0.5596444666897711j),(-0.03642841908294772-0.315214371938286j),(0.4640250745513287-0.17782095706862566j),(0.6948549545262291-0.06660913768285946j)
"(0.9030303030303031, -2.428571428571429)","(0.9030303030303031, -2.428571428571429)",(0.1265084194109497+0.2767603324764922j),(0.010500350516037123-0.2775725652640888j),(0.5229362555456077+0.36871666011751336j),(-0.4069281866506952+0.18561623762306761j)
"(0.9454545454545455, -2.428571428571429)","(0.9454545454545455, -2.428571428571429)",(-0.6905776629312812-0.4615107868218243j),(0.04376101089174112-0.23220626613205447j),(0.03603926140345834+0.7041808157885678j),(-0.7703779352264807-0.9334853364783376j)
"(0.987878787878788, -2.428571428571429)","(0.987878787878788, -2.428571428571429)",(-0.05081709392150052-1.427115425827183j),(0.06098258289206597-0.18344603516983327j),(-0.5069535593104454+0.440608435758134j),(0.3951538824968789-1.6842778264154838j)
"(1.0303030303030305, -2.428571428571429)","(1.0303030303030305, -2.428571428571429)",(1.191346923477761-1.103776962273213j),(0.061216185093610924-0.13664296138391344j),(-0.5342132536466541-0.1384093379155987j),(1.664343992030804-0.8287246629737008j)
"(1.0727272727272728, -2.428571428571429)","(1.0727272727272728, -2.428571428571429)",(1.4361821446983554+0.1649007664598815j),(0.0454064141763649-0.0977074710259037j),(-0.0654729310421199-0.3890435047709936j),(1.4562486615641104+0.6516517422567788j)
"(1.1151515151515152, -2.428571428571429)","(1.1151515151515152, -2.428571428571429)",(0.5408659203361964+0.8596359149821158j),(0.016721691530770955-0.07242688943051222j),(0.30247932480445056-0.06887263043889699j),(0.2216649040009749+1.000935434851525j)
"(1.1575757575757577, -2.428571428571429)","(1.1575757575757577, -2.428571428571429)",(-0.20097725591157298+0.4454854742257165j),(-0.01936006415615341-0.06559908074962152j),(0.1144820607006814+0.37007789442170314j),(-0.29609925245610097+0.14100666055363487j)
"(1.2000000000000002, -2.428571428571429)","(1.2000000000000002, -2.428571428571429)",(-0.005937095334058118-0.08090502617541195j),(-0.0553083718966813-0.08006771404534453j),(-0.38701162915150655+0.33673851077134787j),(0.43638290571412974-0.3375758229014153j)
"(1.2424242424242427, -2.428571428571429)","(1.2424242424242427, -2.428571428571429)",(0.41085432684698797+0.18992466738688824j),(-0.08220968540500337-0.11579543091483119j),(-0.5651837044216441-0.16774275363972774j),(1.0582477166736355+0.47346285194144716j)
"(1.284848484848485, -2.428571428571429)","(1.284848484848485, -2.428571428571429)",(0.06477722499849081+0.780252020429089j),(-0.09086555048805897-0.16915423849320646j),(-0.18267417609743672-0.5562101361938471j),(0.3383169515839865+1.5056163951161425j)
"(1.3272727272727274, -2.428571428571429)","(1.3272727272727274, -2.428571428571429)",(-0.8026009070981122+0.6374949903405533j),(-0.0732567592172624-0.23263473796011713j),(0.3108431618912703-0.3941390565077488j),(-1.0401873097721201+1.2642687848084193j)
"(1.3696969696969699, -2.428571428571429)","(1.3696969696969699, -2.428571428571429)",(-1.1095051218515375-0.27882761692859326j),(-0.0242147138567275-0.29516333008940054j),(0.3585624252474538+0.06653629370011792j),(-1.4438528332422638-0.05020058053931062j)
"(1.4121212121212123, -2.428571428571429)","(1.4121212121212123, -2.428571428571429)",(-0.5091718372486069-0.9614406156261817j),(0.05695697667919384-0.3431576946545592j),(-0.003961618265709295+0.23466353030295578j),(-0.5621671956620915-0.8529464512745782j)
"(1.4545454545454546, -2.428571428571429)","(1.4545454545454546, -2.428571428571429)",(0.18137292612167685-0.8156149162231467j),(0.16524529900534782-0.3623406338212483j),(-0.22747739009658086-0.05241022748622068j),(0.2436050172129099-0.4008640549156778j)
"(1.496969696969697, -2.428571428571429)","(1.496969696969697, -2.428571428571429)",(0.2365630819852132-0.423027956657551j),(0.289439654178471-0.3401769161666894j),(0.01271731857119366-0.34091777926582795j),(-0.06559389076445149+0.25806673877496633j)
"(1.5393939393939395, -2.428571428571429)","(1.5393939393939395, -2.428571428571429)",(0.04413696630653874-0.5535224642153327j),(0.41271344649454067-0.268617660297235j),(0.395719226203981-0.18401043992129043j),(-0.7642957063919829-0.10089436399680726j)
"(1.581818181818182, -2.428571428571429)","(1.581818181818182, -2.428571428571429)",(0.417894731563744-0.9617784071381874j),(0.5144610612804702-0.1466678370999985j),(0.3973573647432454+0.2604470784691268j),(-0.49392369445997164-1.0755576485073157j)
"(1.6242424242424245, -2.428571428571429)","(1.6242424242424245, -2.428571428571429)",(1.2799128465291658-0.7512261296684241j),(0.5733496546276756+0.017817966962309868j),(-0.006950795893174391+0.4481564733340291j),(0.7135139877946646-1.217200569964763j)
"(1.6666666666666667, -2.428571428571429)","(1.6666666666666667, -2.428571428571429)",(1.677280352872151+0.2629737706968752j),(0.5712532921232073+0.2077080978416948j),(-0.31908121041512166+0.1765794240936442j),(1.4251082711640652-0.12131375123846375j)
"(1.7090909090909092, -2.428571428571429)","(1.7090909090909092, -2.428571428571429)",(1.100601459564926+1.2067411283323233j),(0.49743305816536965+0.3979848960687831j),(-0.19256034374887282-0.1603133892066562j),(0.7957287451484293+0.9690696214701963j)
"(1.7515151515151517, -2.428571428571429)","(1.7515151515151517, -2.428571428571429)",(0.17891347970800942+1.3113780249374338j),(0.3520883337757837+0.559097779760397j),(0.1156747827736167-0.12361735908079263j),(-0.288849636841391+0.8758976042578296j)
"(1.7939393939393942, -2.428571428571429)","(1.7939393939393942, -2.428571428571429)",(-0.22775849953137556+0.8901739014761352j),(0.14831889769180412+0.6619843761061958j),(0.12298483374265967+0.17435624792529336j),(-0.49906223096583935+0.0538332774446461j)
"(1.8363636363636366, -2.428571428571429)","(1.8363636363636366, -2.428571428571429)",(-0.184042042104851+0.7498313325726373j),(-0.08832104743455915+0.6839761147788782j),(-0.2002028609040088+0.2433311863688813j),(0.10448186623371694-0.1774759685751222j)
"(1.8787878787878791, -2.428571428571429)","(1.8787878787878791, -2.428571428571429)",(-0.42080956857915347+0.9593395988000903j),(-0.323094937037161+0.6143848640261639j),(-0.3873379175428288-0.0877816175387759j),(0.28962328600083637+0.43273635231270235j)
"(1.9212121212121216, -2.428571428571429)","(1.9212121212121216, -2.428571428571429)",(-1.105673727360164+0.7956784498848078j),(-0.5179748653833546+0.45835964569157917j),(-0.1274742201583799-0.41612510218435894j),(-0.46022464181842954+0.7534439063775876j)
"(1.9636363636363636, -2.428571428571429)","(1.9636363636363636, -2.428571428571429)",(-1.4911695630119284-0.08323590159530682j),(-0.6392111440307342+0.2377316457793285j),(0.2896274167505054-0.30948947613923644j),(-1.1415858357316997-0.01147807123539889j)
"(2.006060606060606, -2.428571428571429)","(2.006060606060606, -2.428571428571429)",(-0.971000115793528-0.9938982822953958j),(-0.6649861431854732-0.011909387839735658j),(0.3556962424083912+0.09821902511596112j),(-0.6617102150164459-1.0802079195716212j)
"(2.0484848484848484, -2.428571428571429)","(2.0484848484848484, -2.428571428571429)",(-0.0002520572717699121-1.0830672296305042j),(-0.591204895922577-0.2477926022889924j),(0.03196736080257878+0.28576992991430866j),(0.5589854778482283-1.1210445572558205j)
"(2.090909090909091, -2.428571428571429)","(2.090909090909091, -2.428571428571429)",(0.46706098715474975-0.46306796027012687j),(-0.43361298186405106-0.42904064961868604j),(-0.2070767815389944+0.05587550658556013j),(1.1077507505577953-0.08990281723700091j)
"(2.1333333333333333, -2.428571428571429)","(2.1333333333333333, -2.428571428571429)",(0.21912672179019532-0.006680632809792364j),(-0.22514601820137603-0.5261575042061473j),(-0.037742633187697-0.20398012842857383j),(0.48201537317926835+0.7234569998249287j)
"(2.175757575757576, -2.428571428571429)","(2.175757575757576, -2.428571428571429)",(-0.0568212129480371-0.12885598585821395j),(-0.008619302829274868-0.5283608939205946j),(0.26145386400296844-0.07586936102229447j),(-0.3096557741217307+0.4753742690846751j)
"(2.2181818181818183, -2.428571428571429)","(2.2181818181818183, -2.428571428571429)",(0.13529614089371994-0.3192838621277698j),(0.1737166211813393-0.4464156630444915j),(0.20424661707628072+0.28778450250181314j),(-0.24266709736390008-0.16065270158509148j)
"(2.2606060606060607, -2.428571428571429)","(2.2606060606060607, -2.428571428571429)",(0.39627168055587647-0.04653317991322095j),(0.29102502613457354-0.30964947488148714j),(-0.20476296397604024+0.3612280297271077j),(0.31000961839734315-0.09811173475884152j)
"(2.303030303030303, -2.428571428571429)","(2.303030303030303, -2.428571428571429)",(0.12874726720556293+0.3615798483016456j),(0.3318788577801302-0.15748654757707897j),(-0.44525001562230915-0.01910331096374357j),(0.24211842504774186+0.5381697068424681j)
"(2.3454545454545452, -2.428571428571429)","(2.3454545454545452, -2.428571428571429)",(-0.44180541142197605+0.19293383910871537j),(0.30662587104443373-0.027675630124067596j),(-0.18394645733662884-0.40057967828671354j),(-0.5644848251297809+0.6211891475194965j)
"(2.3878787878787877, -2.428571428571429)","(2.3878787878787877, -2.428571428571429)",(-0.4859696852904203-0.5165218964970033j),(0.24287623857662413+0.05520586636285885j),(0.2582912438457485-0.3109560346813458j),(-0.9871371677127929-0.26077172817851635j)
"(2.43030303030303, -2.428571428571429)","(2.43030303030303, -2.428571428571429)",(0.23903369535585584-0.8955721878435299j),(0.17510187189560553+0.08702428279639464j),(0.33004321445373674+0.10425675721288681j),(-0.26611139099348646-1.0868532278528114j)
"(2.4727272727272727, -2.428571428571429)","(2.4727272727272727, -2.428571428571429)",(0.9579947855020795-0.3927405364197082j),(0.13158087416562872+0.08421243742835674j),(-0.008511885259383858+0.28450253307228296j),(0.8349257965958347-0.7614555069203479j)
"(2.515151515151515, -2.428571428571429)","(2.515151515151515, -2.428571428571429)",(0.8748027482673524+0.4558013987697595j),(0.1233138691253123+0.07610461408099553j),(-0.24677710020569008+0.023713211712564172j),(0.9982659793477302+0.3559835729761998j)
"(2.5575757575757576, -2.428571428571429)","(2.5575757575757576, -2.428571428571429)",(0.20819459678796298+0.7499539198273986j),(0.13937187019821956+0.09174851138317544j),(-0.044123616205755875-0.25619288930007483j),(0.11294634279549928+0.9143982977442979j)
"(2.6, -2.428571428571429)","(2.6, -2.428571428571429)",(-0.18756580806765555+0.4140891265271045j),(0.15117963855373764+0.1459316064279225j),(0.29043526849620943-0.10992498427923425j),(-0.6291807151176027+0.3780825043784163j)
"(2.6424242424242426, -2.428571428571429)","(2.6424242424242426, -2.428571428571429)",(-0.03870010614416913+0.17211905683917234j),(0.12495859773911816+0.2301137914137794j),(0.23331657523230553+0.28849076301043364j),(-0.3969752791155928-0.3464854975850407j)
"(2.684848484848485, -2.428571428571429)","(2.684848484848485, -2.428571428571429)",(0.05631618532466784+0.40286630306915594j),(0.038068376154844326+0.31271916787587334j),(-0.20205952071189678+0.3698967659298747j),(0.2203073298817203-0.2797496307365921j)
"(2.727272727272727, -2.428571428571429)","(2.727272727272727, -2.428571428571429)",(-0.35931839580391167+0.5848944466360935j),(-0.10726931687478984+0.34993389858772045j),(-0.4505932721825719-0.0344804266371255j),(0.1985441932534501+0.2694409746854986j)
"(2.7696969696969695, -2.428571428571429)","(2.7696969696969695, -2.428571428571429)",(-0.8236427335601453+0.14642761677647864j),(-0.27922015441044734+0.30383350253989544j),(-0.15971462741823095-0.42984137972330927j),(-0.384707951731467+0.27243549395989247j)
"(2.812121212121212, -2.428571428571429)","(2.812121212121212, -2.428571428571429)",(-0.6080427662762145-0.5605615456474334j),(-0.4239860152420097+0.1610237157622592j),(0.31464745748488004-0.3104623775720479j),(-0.4987042085190848-0.4111228838376447j)
"(2.8545454545454545, -2.428571428571429)","(2.8545454545454545, -2.428571428571429)",(0.13793058367127153-0.6629928234048835j),(-0.4843957972080337-0.05625688284019223j),(0.3751446257842795+0.15672035184893102j),(0.24718175509502577-0.7634562924136223j)
"(2.896969696969697, -2.428571428571429)","(2.896969696969697, -2.428571428571429)",(0.47476551389382676-0.030034575688521567j),(-0.42299106364351907-0.2925061645215588j),(-0.017000176161656853+0.35955976748246027j),(0.9147567536990027-0.09708817864942303j)
"(2.9393939393939394, -2.428571428571429)","(2.9393939393939394, -2.428571428571429)",(-0.03634259784447902+0.44494974826144335j),(-0.2402882529176735-0.4756719531330043j),(-0.30589506031571545+0.07103329387410862j),(0.50984071538891+0.849588407520339j)
"(2.981818181818182, -2.428571428571429)","(2.981818181818182, -2.428571428571429)",(-0.6613577199777949+0.03820849062764731j),(0.020223287429340236-0.542916054171761j),(-0.11555328985017442-0.25960607987169265j),(-0.5660277175569607+0.8407306246711009j)
"(3.0242424242424244, -2.428571428571429)","(3.0242424242424244, -2.428571428571429)",(-0.45450277243092485-0.7753393364973808j),(0.28400980444882806-0.46552043309605273j),(0.23906683659794103-0.15191698258909728j),(-0.977579413477694-0.15790192081223087j)
"(3.066666666666667, -2.428571428571429)","(3.066666666666667, -2.428571428571429)",(0.4457294614706966-0.9308019352153072j),(0.47098984765013224-0.2623069016112258j),(0.21233895611712789+0.22698260425898975j),(-0.23759934229656357-0.8954776378630712j)
"(3.109090909090909, -2.428571428571429)","(3.109090909090909, -2.428571428571429)",(0.9961501513218922-0.20090552739945716j),(0.5249479682273098+0.005041635364806466j),(-0.1865111700778435+0.3008209173017624j),(0.657713353172426-0.506768080066026j)
"(3.1515151515151514, -2.428571428571429)","(3.1515151515151514, -2.428571428571429)",(0.652127166762281+0.5395132318461646j),(0.4346868040082402+0.2539276051440437j),(-0.3886323653628004-0.08939022958800463j),(0.6060727281168412+0.3749758562901255j)
"(3.193939393939394, -2.428571428571429)","(3.193939393939394, -2.428571428571429)",(0.026616232987363264+0.5495151020494116j),(0.23758944075564342+0.4114964269925471j),(-0.06248661908534354-0.4313434458945881j),(-0.14848658868293663+0.5693621209514526j)
"(3.2363636363636363, -2.428571428571429)","(3.2363636363636363, -2.428571428571429)",(-0.0790660441151349+0.18019457252858173j),(0.0036679476570632107+0.4411065999446577j),(0.39539676172626304-0.23464710283463808j),(-0.4781307534984611-0.02626492458143785j)
"(3.278787878787879, -2.428571428571429)","(3.278787878787879, -2.428571428571429)",(0.1746886044231406+0.21674549489880723j),(-0.19304293230432557+0.35315961963398407j),(0.3768161241087605+0.27787894461767837j),(-0.009084587381294307-0.41429306935285526j)
"(3.3212121212121213, -2.428571428571429)","(3.3212121212121213, -2.428571428571429)",(0.008231621230666675+0.6236174057045111j),(-0.3029245398008767+0.19582350336634088j),(-0.10873952560654354+0.44793430811792667j),(0.4198956866380869-0.020140405779756496j)
"(3.3636363636363638, -2.428571428571429)","(3.3636363636363638, -2.428571428571429)",(-0.6752799560302616+0.5761933204967782j),(-0.31624771643838206+0.030618570742310426j),(-0.43499264918682184+0.06435818290795524j),(0.07596040959494235+0.48121656684651254j)
"(3.4060606060606062, -2.428571428571429)","(3.4060606060606062, -2.428571428571429)",(-0.9992444835430242-0.236075520800676j),(-0.2592521056381268-0.0949134917890302j),(-0.19889006910966403-0.3561747238061675j),(-0.5411023087952334+0.21501269479452167j)
"(3.4484848484848487, -2.428571428571429)","(3.4484848484848487, -2.428571428571429)",(-0.3520438165584589-0.9696979285852366j),(-0.17417099265935673-0.16403221673717225j),(0.24825755647832928-0.27529501189535543j),(-0.42613038037743145-0.5303706999527089j)
"(3.4909090909090907, -2.428571428571429)","(3.4909090909090907, -2.428571428571429)",(0.608579742140178-0.6966351479083774j),(-0.09472239036541884-0.18946461980999468j),(0.30113286535655887+0.146534062630753j),(0.4021692671490379-0.6537045907291358j)
"(3.533333333333333, -2.428571428571429)","(3.533333333333333, -2.428571428571429)",(0.7230032302176231+0.25900946608842673j),(-0.03069304382846279-0.1962304695504922j),(-0.06846363039718933+0.30106327858483994j),(0.8221599044432752+0.15417665705407899j)
"(3.5757575757575757, -2.428571428571429)","(3.5757575757575757, -2.428571428571429)",(-0.09999975998491373+0.6585950322941956j),(0.030168203087707443-0.19978038876278068j),(-0.2995220761400874-0.009030978559621948j),(0.16935411306746623+0.8674063996165983j)
"(3.618181818181818, -2.428571428571429)","(3.618181818181818, -2.428571428571429)",(-0.7079295104025657-0.004761530006975545j),(0.10496133450079456-0.19326425310557835j),(-0.051130955434484364-0.3059441789207039j),(-0.7617598894688759+0.49444690201930674j)
"(3.6606060606060606, -2.428571428571429)","(3.6606060606060606, -2.428571428571429)",(-0.23996954639194223-0.8060002870729277j),(0.1945590306058516-0.1523686752220125j),(0.31001123650733187-0.130441311304091j),(-0.7445398135051258-0.5231903005468242j)
"(3.703030303030303, -2.428571428571429)","(3.703030303030303, -2.428571428571429)",(0.7126323029223056-0.6333043878683724j),(0.2730254113705433-0.05542506973905205j),(0.2325671069923573+0.28855003954932795j),(0.20703978455940503-0.8664293576786484j)
"(3.7454545454545456, -2.428571428571429)","(3.7454545454545456, -2.428571428571429)",(0.9220555150878313+0.3200393200719548j),(0.2962399688530837+0.09354652767214863j),(-0.21968553435350519+0.3412353643794497j),(0.8455010805882528-0.11474257197964355j)
"(3.787878787878788, -2.428571428571429)","(3.787878787878788, -2.428571428571429)",(0.17880140394094118+0.8637659894952038j),(0.2268838578111439+0.25439474117830313j),(-0.4259038409997157-0.09660619817664154j),(0.37782138712951296+0.7059774464935422j)
"(3.83030303030303, -2.428571428571429)","(3.83030303030303, -2.428571428571429)",(-0.5018545524580746+0.45138102664910573j),(0.062052173684565844+0.3623641379401824j),(-0.06593677018293204-0.4550517437201974j),(-0.49796995595970844+0.5440686324291207j)
"(3.872727272727273, -2.428571428571429)","(3.872727272727273, -2.428571428571429)",(-0.35204912961021495-0.15461626060006142j),(-0.15376598783272036+0.3583384057064709j),(0.4104267901330656-0.23531397861341155j),(-0.6087099319105602-0.2776406876931208j)
"(3.915151515151515, -2.428571428571429)","(3.915151515151515, -2.428571428571429)",(0.12030106022973887-0.0769443474552649j),(-0.3409145403708768+0.22255213995158424j),(0.3728407274622038+0.2955860923740765j),(0.08837487313841187-0.5950825797809256j)
"(3.957575757575758, -2.428571428571429)","(3.957575757575758, -2.428571428571429)",(-0.013342530393085528+0.39002048617985263j),(-0.41879163320414586-0.007520776282168886j),(-0.13512808726020234+0.4481134801951824j),(0.5405771900712627-0.05057221773316083j)
"(4.0, -2.428571428571429)","(4.0, -2.428571428571429)",(-0.6501240008293434+0.2671708648404j),(-0.34560867896917086-0.24735891967115742j),(-0.449512653138787+0.03457502036737941j),(0.14499733127861453+0.479954764144178j)
"(-0.2, -2.1428571428571432)","(-0.2, -2.1428571428571432)",(-0.04278443097158835-1.1188727647628094j),(0.520203477676828+0.39632900637024765j),(-0.7634604546908014-0.44693085964182955j),(0.20047254604238507-1.0682709114912274j)
"(-0.1575757575757576, -2.1428571428571432)","(-0.1575757575757576, -2.1428571428571432)",(-0.9643347234410022-1.401782923386018j),(0.5389530619560979+0.38215121727735935j),(-1.025920231163215-0.15512411704176654j),(-0.47736755423388516-1.6288100236216108j)
"(-0.11515151515151516, -2.1428571428571432)","(-0.11515151515151516, -2.1428571428571432)",(-1.8801918297185178-1.1729661999898704j),(0.552854493617308+0.37125754335109185j),(-1.3166702688801175+0.050113574261642715j),(-1.1163760544557082-1.594337317602605j)
"(-0.07272727272727272, -2.1428571428571432)","(-0.07272727272727272, -2.1428571428571432)",(-2.4566017995225247-1.0620630362212649j),(0.5621092227734346+0.36414687908852955j),(-1.727142623524717+0.21041292623275626j),(-1.2915683987712425-1.6366228415425508j)
"(-0.030303030303030304, -2.1428571428571432)","(-0.030303030303030304, -2.1428571428571432)",(-2.780629667272321-1.5963645783317948j),(0.5668481214593041+0.36114968938724923j),(-2.037409775002381+0.2370287813462015j),(-1.3100680137292444-2.1945430490652456j)
"(0.012121212121212116, -2.1428571428571432)","(0.012121212121212116, -2.1428571428571432)",(-2.583411468345839-2.2010865809747164j),(0.5671118125842374+0.3624309552967449j),(-1.9473971653898499+0.019775335650396464j),(-1.2031261155402264-2.583292871921858j)
"(0.054545454545454564, -2.1428571428571432)","(0.054545454545454564, -2.1428571428571432)",(-1.7910437131978696-2.1262329129752007j),(0.5628410225964988+0.36799003347460874j),(-1.4171277938484697-0.24294454050633518j),(-0.9367569419458988-2.251278405943474j)
"(0.09696969696969698, -2.1428571428571432)","(0.09696969696969698, -2.1428571428571432)",(-0.9141524123961711-1.6600087342487515j),(0.5538771238515033+0.3776566399696883j),(-0.8069447340596366-0.22935109045637742j),(-0.6610848021880378-1.8083142837620625j)
"(0.1393939393939394, -2.1428571428571432)","(0.1393939393939394, -2.1428571428571432)",(-0.2951346310894663-1.1278393784103176j),(0.5399732258627841+0.39108304398730864j),(-0.5656965113353174-0.02088656141288081j),(-0.269411345616933-1.4980358609847453j)
"(0.18181818181818182, -2.1428571428571432)","(0.18181818181818182, -2.1428571428571432)",(-0.03530501620533408-0.6291467292071904j),(0.5208163540863792+0.40773347221990336j),(-0.6674614491606857-0.06001297985110039j),(0.11134007886897249-0.9768672215759934j)
"(0.22424242424242424, -2.1428571428571432)","(0.22424242424242424, -2.1428571428571432)",(-0.057866009890916933-0.3270481489677239j),(0.4960613192374658+0.42687268529698913j),(-0.5769782862561601-0.4530228254280696j),(0.02305095712777734-0.3008980088366434j)
"(0.26666666666666666, -2.1428571428571432)","(0.26666666666666666, -2.1428571428571432)",(-0.11508825749803053-0.25144730564499707j),(0.4653767235878026+0.44755668500858603j),(0.0006779918622551624-0.6598080475662308j),(-0.5811429729480883-0.039195943087352296j)
"(0.30909090909090914, -2.1428571428571432)","(0.30909090909090914, -2.1428571428571432)",(-0.07773398849070412-0.20751499547645919j),(0.4285030666391574+0.46862950423727595j),(0.5660450601166759-0.1827615463200719j),(-1.0722821152465374-0.4933829533936632j)
"(0.3515151515151515, -2.1428571428571432)","(0.3515151515151515, -2.1428571428571432)",(-0.10550077274723513-0.06768034432738856j),(0.3853220018558514+0.48873093754722735j),(0.3807104714003779+0.6162928030999707j),(-0.8715332460034645-1.1727040849745867j)
"(0.393939393939394, -2.1428571428571432)","(0.393939393939394, -2.1428571428571432)",(-0.34626811417404446-0.032030004130458645j),(0.33593438201278025+0.5063207509977445j),(-0.48215915530748826+0.8078050848066931j),(-0.20004334087933645-1.3461558399348963j)
"(0.43636363636363634, -2.1428571428571432)","(0.43636363636363634, -2.1428571428571432)",(-0.5633232952175058-0.3545932143996474j),(0.2807427817258726+0.5197251661959928j),(-1.056527244846315+0.07474808873299046j),(0.21246116790293673-0.9490664693286307j)
"(0.4787878787878788, -2.1428571428571432)","(0.4787878787878788, -2.1428571428571432)",(-0.34183737880612153-0.8466406901016472j),(0.22053174665751854+0.5272109898222795j),(-0.6396438497823501-0.7731675251818032j),(0.0772747243187101-0.6006841547421236j)
"(0.5212121212121212, -2.1428571428571432)","(0.5212121212121212, -2.1428571428571432)",(0.28856651748203554-0.9539571913876748j),(0.15653624768576063+0.5270913604667196j),(0.27529456476489417-0.7506584721027966j),(-0.14326429496861925-0.7303900797515978j)
"(0.5636363636363637, -2.1428571428571432)","(0.5636363636363637, -2.1428571428571432)",(0.725066015428766-0.46796417338544194j),(0.09048602411642252+0.5178644131273402j),(0.5810160552192251+0.05178816292612179j),(0.05356393609311849-1.037616749438904j)
"(0.6060606060606062, -2.1428571428571432)","(0.6060606060606062, -2.1428571428571432)",(0.5056655026945629+0.08044043787702904j),(0.02461117329913225+0.4983819837334765j),(-0.038978823363743934+0.5753573006776354j),(0.5200331527591746-0.9932988465340827j)
"(0.6484848484848484, -2.1428571428571432)","(0.6484848484848484, -2.1428571428571432)",(-0.019300214708125152+0.020709026986623136j),(-0.03840683405046863+0.468039709251687j),(-0.7191981295697137+0.15898122627742914j),(0.7383047489120572-0.606311908542493j)
"(0.6909090909090909, -2.1428571428571432)","(0.6909090909090909, -2.1428571428571432)",(-0.05356596736426389-0.553671609776099j),(-0.09555371957661221+0.42697270578603563j),(-0.559666021755435-0.6259017032231922j),(0.6016537739677833-0.3547426123389425j)
"(0.7333333333333334, -2.1428571428571432)","(0.7333333333333334, -2.1428571428571432)",(0.6070004130441924-0.825580935696377j),(-0.14368182434590415+0.3762329974915599j),(0.21208052383650744-0.766960330896924j),(0.5386017135535891-0.434853602291013j)
"(0.7757575757575759, -2.1428571428571432)","(0.7757575757575759, -2.1428571428571432)",(1.2439538882362684-0.29434409448221516j),(-0.1797941986153929+0.31791708799455964j),(0.5981599956790993-0.1489832315752525j),(0.8255880911725619-0.4632779509015223j)
"(0.8181818181818183, -2.1428571428571432)","(0.8181818181818183, -2.1428571428571432)",(1.1158950079413352+0.5363284170004257j),(-0.20140540296691542+0.25520612800723047j),(0.18530401316304107+0.3520014583316299j),(1.1319963977452097-0.07087916933843474j)
"(0.8606060606060608, -2.1428571428571432)","(0.8606060606060608, -2.1428571428571432)",(0.4340001674192768+0.7911608734671192j),(-0.20695514836804155+0.19227915476349955j),(-0.34690836574385514+0.09628871351719402j),(0.9878636815311735+0.5025930051864256j)
"(0.9030303030303031, -2.1428571428571432)","(0.9030303030303031, -2.1428571428571432)",(0.08422436959057233+0.37352569164973043j),(-0.1962318864395865+0.13406427602542276j),(-0.21154094471567372-0.4742584285525745j),(0.49199720074583253+0.7137198441768822j)
"(0.9454545454545455, -2.1428571428571432)","(0.9454545454545455, -2.1428571428571432)",(0.4370348314546345+0.08082285864175359j),(-0.17074369293631256+0.08580575232950702j),(0.40473702869706096-0.5013381758909612j),(0.20304149569388613+0.49635528220320774j)
"(0.987878787878788, -2.1428571428571432)","(0.987878787878788, -2.1428571428571432)",(0.851094236476281+0.5089409368704817j),(-0.13395703476907198+0.05244827546131054j),(0.6449908385042762+0.0848498678408238j),(0.3400604327410767+0.37164279356834734j)
"(1.0303030303030305, -2.1428571428571432)","(1.0303030303030305, -2.1428571428571432)",(0.555367432100229+1.23045611323437j),(-0.09131533598522402+0.03787339800332683j),(0.19923160992996064+0.49979230543274056j),(0.4474511581554924+0.6927904097983026j)
"(1.0727272727272728, -2.1428571428571432)","(1.0727272727272728, -2.1428571428571432)",(-0.29295383179139917+1.3715662836443587j),(-0.049954463689071665+0.04406469394860282j),(-0.28326180231480963+0.23040375992469136j),(0.040262434212482136+1.0970978297710645j)
"(1.1151515151515152, -2.1428571428571432)","(1.1151515151515152, -2.1428571428571432)",(-0.8240556538960918+0.7931263636702652j),(-0.018056806010993274+0.07032237420332267j),(-0.13868336189410235-0.25384488496981145j),(-0.6673154859909962+0.9766488744367541j)
"(1.1575757575757577, -2.1428571428571432)","(1.1575757575757577, -2.1428571428571432)",(-0.636634605729085+0.25054783313989554j),(-0.003833035635339332+0.11268592824700013j),(0.3682956486517617-0.19375224846616618j),(-1.0010972187455074+0.3316141533590616j)
"(1.2000000000000002, -2.1428571428571432)","(1.2000000000000002, -2.1428571428571432)",(-0.305559950059855+0.3285975529903701j),(-0.014190565883223679+0.16374327297796398j),(0.4353792509166664+0.3650575446466817j),(-0.7267486350932977-0.2002032646342756j)
"(1.2424242424242427, -2.1428571428571432)","(1.2424242424242427, -2.1428571428571432)",(-0.5271095008907457+0.6465296963539422j),(-0.05323389068135445+0.21299404013569787j),(-0.12030887143354116+0.6327476210498199j),(-0.3535667387758501-0.19921196483157552j)
"(1.284848484848485, -2.1428571428571432)","(1.284848484848485, -2.1428571428571432)",(-1.1166645081128284+0.4352321191550248j),(-0.12083108108789858+0.24788191117011835j),(-0.5875053461235402+0.20076089720464588j),(-0.4083280809013897-0.013410689219739435j)
"(1.3272727272727274, -2.1428571428571432)","(1.3272727272727274, -2.1428571428571432)",(-1.2663270495691394-0.34221616874781113j),(-0.21155225107005937+0.25551084931126034j),(-0.3605997073804148-0.368545811855732j),(-0.6941750911186652-0.2291812062033395j)
"(1.3696969696969699, -2.1428571428571432)","(1.3696969696969699, -2.1428571428571432)",(-0.6881911957504561-0.9098610949003687j),(-0.31431454320144003+0.22491721076241772j),(0.20310483077278885-0.32926902019689863j),(-0.5769814833218049-0.8055092854658877j)
"(1.4121212121212123, -2.1428571428571432)","(1.4121212121212123, -2.1428571428571432)",(-0.02564796603570965-0.7452235965403746j),(-0.41302890467491826+0.14960213430823227j),(0.28809390593813566+0.19498303801831063j),(0.09928703270107295-1.0898087688669176j)
"(1.4545454545454546, -2.1428571428571432)","(1.4545454545454546, -2.1428571428571432)",(0.04106563056685053-0.2821561485578188j),(-0.48841879029574947+0.02986920366944869j),(-0.2203530337656043+0.386801634771302j),(0.7498374546282043-0.6988269869985695j)
"(1.496969696969697, -2.1428571428571432)","(1.496969696969697, -2.1428571428571432)",(-0.2789313969873093-0.26449202130546856j),(-0.5209681971268915-0.12559391984988214j),(-0.564160784601347-0.09960674704043562j),(0.8061975847409291-0.039291354415150775j)
"(1.5393939393939395, -2.1428571428571432)","(1.5393939393939395, -2.1428571428571432)",(-0.23813236074101468-0.6816780240283118j),(-0.4946783493978078-0.29945533639867283j),(-0.1825942978754043-0.6284721076111834j),(0.43914028653219744+0.24624941998154443j)
"(1.581818181818182, -2.1428571428571432)","(1.581818181818182, -2.1428571428571432)",(0.3345958058441445-0.8051618712241924j),(-0.40101915152097933-0.4672275225440013j),(0.4784419712953243-0.460204660452474j),(0.25717298606979955+0.12227031177228292j)
"(1.6242424242424245, -2.1428571428571432)","(1.6242424242424245, -2.1428571428571432)",(0.7566714604774651-0.2697775899762987j),(-0.2422282343276252-0.6006367074961005j),(0.5673238677998644+0.20737780337762285j),(0.43157582700522595+0.123481314142179j)
"(1.6666666666666667, -2.1428571428571432)","(1.6666666666666667, -2.1428571428571432)",(0.4577293994067376+0.35153474584631816j),(-0.03302397362264852-0.6725782799416673j),(0.006696816724601019+0.5017095054104704j),(0.4840565563047851+0.522403520377515j)
"(1.7090909090909092, -2.1428571428571432)","(1.7090909090909092, -2.1428571428571432)",(-0.18472453278227105+0.3157388929283771j),(0.20006453737823895-0.6628806801140575j),(-0.402193030076901+0.08414440564140564j),(0.017403959916390994+0.894475167401029j)
"(1.7515151515151517, -2.1428571428571432)","(1.7515151515151517, -2.1428571428571432)",(-0.3399983592717555-0.25816031496089487j),(0.4221514473181182-0.5636820323726232j),(-0.10334346601320551-0.38721484113797117j),(-0.6588063405766682+0.6927365585496994j)
"(1.7939393939393942, -2.1428571428571432)","(1.7939393939393942, -2.1428571428571432)",(0.13943472003271373-0.5582424648374151j),(0.5960082650704046-0.3830148137113102j),(0.4357070281838433-0.19306447374507346j),(-0.8922805732215342+0.017836822618968413j)
"(1.8363636363636366, -2.1428571428571432)","(1.8363636363636366, -2.1428571428571432)",(0.5463671024809403-0.21367416471561912j),(0.6896755119647352-0.1453237741370217j),(0.38672788903766286+0.4236210383148362j),(-0.5300362985214576-0.49197142889343365j)
"(1.8787878787878791, -2.1428571428571432)","(1.8787878787878791, -2.1428571428571432)",(0.3499195150271073+0.21614748873819456j),(0.6840466671689203+0.11182373072173113j),(-0.2607798391997039+0.5868703389636288j),(-0.07334731294210914-0.4825465809471654j)
"(1.9212121212121216, -2.1428571428571432)","(1.9212121212121216, -2.1428571428571432)",(-0.047071347499703584+0.08940189935744669j),(0.5784418162734685+0.3446833025941983j),(-0.661261710184835+0.016286188436848717j),(0.03574854641166299-0.27156759167360034j)
"(1.9636363636363636, -2.1428571428571432)","(1.9636363636363636, -2.1428571428571432)",(0.08661851909668127-0.35312419786450044j),(0.39233774631193113+0.5127117977674563j),(-0.2783351144670082-0.5646390548389983j),(-0.027384112748241665-0.30119694079295845j)
"(2.006060606060606, -2.1428571428571432)","(2.006060606060606, -2.1428571428571432)",(0.7039621945646306-0.30450607965368937j),(0.16216995328846176+0.5882014869415423j),(0.37090929417427654-0.4181321453280328j),(0.1708829471018923-0.47457542126719887j)
"(2.0484848484848484, -2.1428571428571432)","(2.0484848484848484, -2.1428571428571432)",(0.9691160626522779+0.43762351739072636j),(-0.06661600856943362+0.5635034232903587j),(0.43300144997565243+0.1979391834360527j),(0.602730621246059-0.32381908933568515j)
"(2.090909090909091, -2.1428571428571432)","(2.090909090909091, -2.1428571428571432)",(0.39481004095049776+1.1120251582947818j),(-0.25060324387982474+0.4534323467514874j),(-0.1050370454285667+0.4069459887883467j),(0.7504503302588892+0.25164682275494754j)
"(2.1333333333333333, -2.1428571428571432)","(2.1333333333333333, -2.1428571428571432)",(-0.4637021712096939+0.984561152030893j),(-0.35962188343991236+0.29155088695528797j),(-0.42152557260335227-0.05546962428243577j),(0.3174452848335707+0.7484798893580408j)
"(2.175757575757576, -2.1428571428571432)","(2.175757575757576, -2.1428571428571432)",(-0.7446524952660775+0.31559819487827134j),(-0.3847150116273714+0.12079827244576655j),(-0.03287230800161658-0.4815294989537049j),(-0.32706517563708953+0.6763294213862097j)
"(2.2181818181818183, -2.1428571428571432)","(2.2181818181818183, -2.1428571428571432)",(-0.418345670503219-0.04705060028963309j),(-0.33998272501129645-0.01912195621088008j),(0.5165122655678982-0.20332426620686475j),(-0.5948752110598208+0.17539562212811174j)
"(2.2606060606060607, -2.1428571428571432)","(2.2606060606060607, -2.1428571428571432)",(-0.23348953899314712+0.13875152700684573j),(-0.25711911342308125-0.10372330776003752j),(0.4175036244420795+0.44750417411428844j),(-0.39387405001214537-0.2050293393474052j)
"(2.303030303030303, -2.1428571428571432)","(2.303030303030303, -2.1428571428571432)",(-0.5719141385328479+0.22747913111036566j),(-0.17387560793310858-0.130902401144035j),(-0.25648597872905865+0.5841809953614328j),(-0.14155255187068067-0.22579946310703208j)
"(2.3454545454545452, -2.1428571428571432)","(2.3454545454545452, -2.1428571428571432)",(-0.8674864037647964-0.2936272627181831j),(-0.12006593451415898-0.12029937498098864j),(-0.6288978386390798-0.0025736159742134196j),(-0.11852263061155756-0.17075427176298105j)
"(2.3878787878787877, -2.1428571428571432)","(2.3878787878787877, -2.1428571428571432)",(-0.4391323612198535-0.9619230474991272j),(-0.10613293560093284-0.10440512065444521j),(-0.22177049927885448-0.5456037464535072j),(-0.11122892634006615-0.3119141803911748j)
"(2.43030303030303, -2.1428571428571432)","(2.43030303030303, -2.1428571428571432)",(0.446584916793007-0.9193770729813453j),(-0.11896799006253905-0.114113282452103j),(0.3934275645268954-0.35437881563050666j),(0.17212534232865062-0.45088497489873564j)
"(2.4727272727272727, -2.1428571428571432)","(2.4727272727272727, -2.1428571428571432)",(0.8310772513674511-0.13006139030012492j),(-0.12740375788832384-0.16399745898127904j),(0.3975242033678887+0.24792341833715448j),(0.5609568058878863-0.21398734965600036j)
"(2.515151515151515, -2.1428571428571432)","(2.515151515151515, -2.1428571428571432)",(0.33256282259172465+0.49364411969132516j),(-0.09616218199889416-0.24343026241388388j),(-0.148180190031299+0.40191899009994997j),(0.5769051946219178+0.33515539200525907j)
"(2.5575757575757576, -2.1428571428571432)","(2.5575757575757576, -2.1428571428571432)",(-0.3322303916031802+0.2762316102497892j),(-0.0033167139282311254-0.3180666976071925j),(-0.41905722923346717-0.07815153056840886j),(0.09014355155851812+0.6724498384253905j)
"(2.6, -2.1428571428571432)","(2.6, -2.1428571428571432)",(-0.3128804204231229-0.3516160749080196j),(0.14588908723945151-0.3424272581768044j),(-0.009309452823494282-0.4601770234237734j),(-0.44946005483908014+0.45098820669255824j)
"(2.6424242424242426, -2.1428571428571432)","(2.6424242424242426, -2.1428571428571432)",(0.25984688781371756-0.49468192021817226j),(0.31549033906611845-0.27959745336409336j),(0.4900050047531377-0.1483434699742937j),(-0.5456484560055386-0.06674099687978516j)
"(2.684848484848485, -2.1428571428571432)","(2.684848484848485, -2.1428571428571432)",(0.5452125792615794-0.026011752364199336j),(0.4486047187132283-0.12034184418446342j),(0.3292492552780186+0.455530243341542j),(-0.23264139472966752-0.36120015152127793j)
"(2.727272727272727, -2.1428571428571432)","(2.727272727272727, -2.1428571428571432)",(0.2232458171511769+0.31997056270379737j),(0.488213487046076+0.10694115502538025j),(-0.32624864696033545+0.500803060977027j),(0.06128097706543637-0.2877736532986099j)
"(2.7696969696969695, -2.1428571428571432)","(2.7696969696969695, -2.1428571428571432)",(-0.08627221992170947+0.08471778669775532j),(0.40131111174237755+0.34114815532693715j),(-0.6010050610186851-0.11771913880724053j),(0.1134217293545981-0.1387112298219413j)
"(2.812121212121212, -2.1428571428571432)","(2.812121212121212, -2.1428571428571432)",(0.1952415418923298-0.21490017011131382j),(0.19626330538154246+0.5081467305933438j),(-0.11534764327213838-0.5936405634961419j),(0.11432587978292573-0.12940633720851571j)
"(2.8545454545454545, -2.1428571428571432)","(2.8545454545454545, -2.1428571428571432)",(0.6631673973892949+0.1399272137669788j),(-0.0750606512938611+0.548444906798469j),(0.487177202630475-0.3092168823129343j),(0.2510508460526809-0.0993008107185559j)
"(2.896969696969697, -2.1428571428571432)","(2.896969696969697, -2.1428571428571432)",(0.4362266956354501+0.9228233713132031j),(-0.3329931817390786+0.44171689177613316j),(0.4237875707875245+0.3264010510149756j),(0.3454323065870042+0.15470542852209446j)
"(2.9393939393939394, -2.1428571428571432)","(2.9393939393939394, -2.1428571428571432)",(-0.5510177135694521+1.1288107348145604j),(-0.49849148994995107+0.2172761940128523j),(-0.1648956155829135+0.4582432004243823j),(0.11236939196341261+0.4532913403773258j)
"(2.981818181818182, -2.1428571428571432)","(2.981818181818182, -2.1428571428571432)",(-1.307835107419174+0.30745104861378825j),(-0.5229584873203575-0.055089410565682395j),(-0.44281686823255867-0.03672602335095858j),(-0.3420597518662578+0.39926648253042923j)
"(3.0242424242424244, -2.1428571428571432)","(3.0242424242424244, -2.1428571428571432)",(-1.0109785635721311-0.7666714845410696j),(-0.4066372087389991-0.2910481679586034j),(-0.056335019509067906-0.4146297645844484j),(-0.5480063353240641-0.060993551998017814j)
"(3.066666666666667, -2.1428571428571432)","(3.066666666666667, -2.1428571428571432)",(-0.05265518593098731-1.044271286369668j),(-0.19718209566767345-0.4237276816085792j),(0.3936351100519777-0.13686162378582833j),(-0.24910820031529157-0.48368198097526044j)
"(3.109090909090909, -2.1428571428571432)","(3.109090909090909, -2.1428571428571432)",(0.5100131160615374-0.4966364194568613j),(0.03123153614890756-0.4278248169189973j),(0.23041962451799297+0.3724928809524593j),(0.2483619553946369-0.4413044834903233j)
"(3.1515151515151514, -2.1428571428571432)","(3.1515151515151514, -2.1428571428571432)",(0.3259299499509669-0.01305763384975242j),(0.2087970907982283-0.3251491253451676j),(-0.3245624947977095+0.3447355839249631j),(0.4416953539504481-0.03264409242954794j)
"(3.193939393939394, -2.1428571428571432)","(3.193939393939394, -2.1428571428571432)",(0.06042009701887813-0.11276734143552652j),(0.2966286783840601-0.1696250843738186j),(-0.46134302779013703-0.22357830153746303j),(0.22513444642495506+0.2804360444757551j)
"(3.2363636363636363, -2.1428571428571432)","(3.2363636363636363, -2.1428571428571432)",(0.29517828366359167-0.3069760959232027j),(0.2967776619723121-0.019778478989646398j),(0.06286078657148456-0.5434438516208007j),(-0.06446016488020498+0.25624623468724433j)
"(3.278787878787879, -2.1428571428571432)","(3.278787878787879, -2.1428571428571432)",(0.6519837155513689+0.036744177613873386j),(0.24196317216045488+0.0871162949004065j),(0.5545601159919286-0.13657030481170654j),(-0.14453957260101447+0.08619818752517343j)
"(3.3212121212121213, -2.1428571428571432)","(3.3212121212121213, -2.1428571428571432)",(0.4034880804510599+0.6437647379786615j),(0.17185008018335787+0.14623070266902122j),(0.33270469320818075+0.4773667353791179j),(-0.10106669294047876+0.020167299930522506j)
"(3.3636363636363638, -2.1428571428571432)","(3.3636363636363638, -2.1428571428571432)",(-0.34365914690730104+0.6672993221297863j),(0.10976803236621527+0.17694418743528406j),(-0.3229941008221721+0.4797941160020502j),(-0.13043307845134416+0.010561018692452073j)
"(3.4060606060606062, -2.1428571428571432)","(3.4060606060606062, -2.1428571428571432)",(-0.6663797020261173-0.04269182968867437j),(0.053205331910866335+0.2014166008350323j),(-0.5469635220220621-0.12678469590125274j),(-0.17262151191492153-0.11732373462245392j)
"(3.4484848484848487, -2.1428571428571432)","(3.4484848484848487, -2.1428571428571432)",(-0.10198368990294017-0.5918792411266359j),(-0.01681256307627443+0.22388417318868428j),(-0.0664878032160094-0.5291997161676563j),(-0.018683323610656336-0.2865636981476639j)
"(3.4909090909090907, -2.1428571428571432)","(3.4909090909090907, -2.1428571428571432)",(0.6141148437863218-0.20954711107707288j),(-0.11384706674345904+0.22428329879409828j),(0.4462768487581654-0.2201725362003176j),(0.2816850617716153-0.21365787367085357j)
"(3.533333333333333, -2.1428571428571432)","(3.533333333333333, -2.1428571428571432)",(0.4672274508887311+0.6495746861515449j),(-0.2261993216236329+0.17124611724154928j),(0.3178009558111963+0.33131444953004663j),(0.3756258167011677+0.14701411937994902j)
"(3.5757575757575757, -2.1428571428571432)","(3.5757575757575757, -2.1428571428571432)",(-0.4608086444419705+0.8415531588295098j),(-0.3132802749527941+0.04732672437928012j),(-0.21529408543868397+0.3648249976561174j),(0.06776571594950759+0.42940143679411225j)
"(3.618181818181818, -2.1428571428571432)","(3.618181818181818, -2.1428571428571432)",(-1.0529708604820742+0.0346623630519817j),(-0.3231671513614328-0.12932784916385606j),(-0.38049063216258355-0.11502044062536232j),(-0.349313076958058+0.2790106528412001j)
"(3.6606060606060606, -2.1428571428571432)","(3.6606060606060606, -2.1428571428571432)",(-0.6017619086678639-0.8536243465030031j),(-0.2231713762501026-0.3021689424219257j),(0.029601263126433804-0.3847715742123012j),(-0.4081917955441951-0.16668382986877628j)
"(3.703030303030303, -2.1428571428571432)","(3.703030303030303, -2.1428571428571432)",(0.31291347497938066-0.8662245987249357j),(-0.025924879942698112-0.3975350123747918j),(0.38701023273053314-0.05392967198127699j),(-0.04817187780845439-0.414759914368867j)
"(3.7454545454545456, -2.1428571428571432)","(3.7454545454545456, -2.1428571428571432)",(0.6648499680935165-0.19814955955106564j),(0.20595868334270245-0.36095976133628455j),(0.14946804152588877+0.3814431848705174j),(0.3094232432249253-0.21863298308529852j)
"(3.787878787878788, -2.1428571428571432)","(3.787878787878788, -2.1428571428571432)",(0.32508215078066355+0.21633160869993667j),(0.3826721209697037-0.1892301932460667j),(-0.351150681686714+0.2609704329266802j),(0.2935607114976738+0.14459136901932318j)
"(3.83030303030303, -2.1428571428571432)","(3.83030303030303, -2.1428571428571432)",(0.062193929033771994+0.0477277881393314j),(0.4279507844660177+0.06065451172276596j),(-0.3770401525703052-0.2780088562739819j),(0.011283297138059506+0.26508213269054737j)
"(3.872727272727273, -2.1428571428571432)","(3.872727272727273, -2.1428571428571432)",(0.30400453365908275-0.077382857533995j),(0.3170732978781981+0.29291416672661824j),(0.1536995796804485-0.4733037225684479j),(-0.16676834389956385+0.10300669830783464j)
"(3.915151515151515, -2.1428571428571432)","(3.915151515151515, -2.1428571428571432)",(0.5035142914542948+0.34692800585212696j),(0.09150257665518308+0.4155389993087005j),(0.5213053107298784-0.013316893032483183j),(-0.10929359593076675-0.05529410042409032j)
"(3.957575757575758, -2.1428571428571432)","(3.957575757575758, -2.1428571428571432)",(0.02417042197875434+0.8349283512278292j),(-0.1586091997505642+0.3825773110698971j),(0.19791253397252456+0.49988268399437935j),(-0.015132912243206023-0.0475316438364473j)
"(4.0, -2.1428571428571432)","(4.0, -2.1428571428571432)",(-0.7771530883758404+0.5650560495243708j),(-0.3356190792754341+0.2143195736277447j),(-0.4041479648172022+0.36535874374377597j),(-0.037386044283204176-0.014622267847149789j)
"(-0.2, -1.8571428571428577)","(-0.2, -1.8571428571428577)",(0.767429555795242+0.6769900993020962j),(-0.03736957359569926-0.6671203990768292j),(-0.39779591841828477+0.7566510605092431j),(1.202595047809226+0.5874594378696822j)
"(-0.1575757575757576, -1.8571428571428577)","(-0.1575757575757576, -1.8571428571428577)",(1.7883457585647484+0.328585816397456j),(-0.06215882021841688-0.672927299174138j),(0.3126702551493684+0.5138598995762286j),(1.537834323633797+0.4876532159953654j)
"(-0.11515151515151516, -1.8571428571428577)","(-0.11515151515151516, -1.8571428571428577)",(1.587399830724029-0.5936262267127203j),(-0.08087642669165085-0.676940475715348j),(-0.15875452851905317-0.22338644146331335j),(1.827030785934733+0.30670069046594106j)
"(0.1393939393939394, -1.8571428571428577)","(0.1393939393939394, -1.8571428571428577)",(2.8135009754357263+0.19355161007337435j),(-0.05509822748445268-0.6802139074755408j),(1.1253332924685546+0.18598848462791667j),(1.7432659104516246+0.6877770329209985j)
"(0.18181818181818182, -1.8571428571428577)","(0.18181818181818182, -1.8571428571428577)",(1.690869332572888+1.3881875420288203j),(-0.027828474863428675-0.6757803985634808j),(0.422675965817771+1.1787293849165217j),(1.2960218416185456+0.8852385556757795j)
"(0.22424242424242424, -1.8571428571428577)","(0.22424242424242424, -1.8571428571428577)",(-0.002663434360911987+0.9368013182584799j),(0.005354974606564608-0.6682769483462766j),(-0.8007982218312534+0.7288197833576749j),(0.7927798128637767+0.8762584832470816j)
"(0.26666666666666666, -1.8571428571428577)","(0.26666666666666666, -1.8571428571428577)",(-0.3191404328988724-0.6442292125245429j),(0.0438337008403129-0.6567128370796047j),(-0.7504641857353269-0.621551240199022j),(0.3874900519961416+0.6340348647540838j)
"(0.30909090909090914, -1.8571428571428577)","(0.30909090909090914, -1.8571428571428577)",(0.8853655049599973-1.3867301911202037j),(0.08673485788055335-0.6400159288986887j),(0.5749285060450753-0.9989779137947798j),(0.22370214103436875+0.2522636515732649j)
"(0.3515151515151515, -1.8571428571428577)","(0.3515151515151515, -1.8571428571428577)",(1.8510345902940821-0.5391680091936123j),(0.13288587542287375-0.6171077909693208j),(1.36998583178442+0.16695545316964275j),(0.3481628830867885-0.08901567139393429j)
"(0.393939393939394, -1.8571428571428577)","(0.393939393939394, -1.8571428571428577)",(1.3743653506447826+0.5241757761512867j),(0.18078003742501736-0.5870008970201305j),(0.5210702312513745+1.3249726951445844j),(0.6725150819683908-0.21379602197316713j)
"(0.43636363636363634, -1.8571428571428577)","(0.43636363636363634, -1.8571428571428577)",(0.38886295874852095+0.3323339528826026j),(0.22856277633692312-0.5489178123652224j),(-0.8478777921633106+0.9242748788171731j),(1.0081779745749084-0.04302311356934804j)
"(0.4787878787878788, -1.8571428571428577)","(0.4787878787878788, -1.8571428571428577)",(0.5151930902867425-0.6044303552511979j),(0.2740500332646226-0.5024290488047608j),(-0.9132362796205906-0.4600173171724134j),(1.1543793366427106+0.35801601072597633j)
"(0.5212121212121212, -1.8571428571428577)","(0.5212121212121212, -1.8571428571428577)",(1.6702737250572368-0.5723331649611606j),(0.3147906368272749-0.44760184726761854j),(0.3541502566586315-0.9244872000719274j),(1.0013328315713306+0.7997558823783854j)
"(0.5636363636363637, -1.8571428571428577)","(0.5636363636363637, -1.8571428571428577)",(2.1198816785554877+0.8287236794746846j),(0.3481836993060534-0.3851466344060753j),(1.1673038892825653+0.15349871326751374j),(0.6043940899668688+1.0603716006132462j)
"(0.6060606060606062, -1.8571428571428577)","(0.6060606060606062, -1.8571428571428577)",(0.9252845249994732+1.9915604943796397j),(0.3716587957589071-0.31654174525424794j),(0.3814547326620357+1.2836372957567757j),(0.17217099657853036+1.0244649438771118j)
"(0.6484848484848484, -1.8571428571428577)","(0.6484848484848484, -1.8571428571428577)",(-0.6404327051538404+1.4615703347853797j),(0.38292050153943935-0.24411103761227845j),(-0.9575946310929221+0.9235053196844856j),(-0.06575857560035774+0.7821760527131726j)
"(0.6909090909090909, -1.8571428571428577)","(0.6909090909090909, -1.8571428571428577)",(-0.7404061666338169-0.017317217147821196j),(0.3802492675230317-0.1710245245000473j),(-1.0756588428896514-0.4243052680966021j),(-0.04499659126719713+0.5780125754488282j)
"(0.7333333333333334, -1.8571428571428577)","(0.7333333333333334, -1.8571428571428577)",(0.5283430959849148-0.4386969086067156j),(0.3628376428579623-0.1011908294194032j),(0.10447583562155477-0.940921129066267j),(0.06102961750539774+0.6034150498789546j)
"(0.7757575757575759, -1.8571428571428577)","(0.7757575757575759, -1.8571428571428577)",(1.2257392905261946+0.770435963076565j),(0.3311253174228369-0.039014124574863904j),(0.9020683017540547+0.003600060443137716j),(-0.0074543286506968485+0.8058500272082912j)
"(0.8181818181818183, -1.8571428571428577)","(0.8181818181818183, -1.8571428571428577)",(0.1660423497521637+1.9613375668370177j),(0.2870802057568944+0.011000778953180574j),(0.2144588045459072+1.0246981464152811j),(-0.335496660550638+0.9256386414685559j)
"(0.8606060606060608, -1.8571428571428577)","(0.8606060606060608, -1.8571428571428577)",(-1.492856926300477+1.4671199551537335j),(0.23435891129793632+0.044791910619129814j),(-0.9931852768040248+0.6658502429786453j),(-0.7340305607943883+0.7564778015559585j)
"(0.9030303030303031, -1.8571428571428577)","(0.9030303030303031, -1.8571428571428577)",(-1.8111724917932421-0.18899452166705288j),(0.1782726516782534+0.05940046736289655j),(-1.05845684661855-0.610081814020097j),(-0.9309882968529454+0.3616868249901476j)
"(0.9454545454545455, -1.8571428571428577)","(0.9454545454545455, -1.8571428571428577)",(-0.6365392207859203-1.0505072233246358j),(0.1254891235728591+0.053680747064843465j),(0.09187879968209135-1.1026556835073158j),(-0.8539071440408708-0.0015322868821635114j)
"(0.987878787878788, -1.8571428571428577)","(0.987878787878788, -1.8571428571428577)",(0.29097320005100025-0.3661956948450418j),(0.08342177298994084+0.028954304627280786j),(0.8892141345849985-0.22668474325040036j),(-0.6816627075239391-0.1684652562219222j)
"(1.0303030303030305, -1.8571428571428577)","(1.0303030303030305, -1.8571428571428577)",(-0.23400764038014255+0.49068681028479166j),(0.059298975906078105-0.010530315847397774j),(0.31541282844131224+0.728076101838282j),(-0.6087194447275329-0.22685897570609262j)
"(1.0727272727272728, -1.8571428571428577)","(1.0727272727272728, -1.8571428571428577)",(-1.28035102735578+0.0033180343820924385j),(0.058966940086242293-0.05748905440337666j),(-0.724871130402125+0.4262052070442824j),(-0.6144468370398973-0.3653981182588133j)
"(1.1151515151515152, -1.8571428571428577)","(1.1151515151515152, -1.8571428571428577)",(-1.1436675352472934-1.3920276431574714j),(0.08555681019797605-0.10199311271016215j),(-0.7105832429086655-0.6765926399425328j),(-0.518641102536604-0.6134418905047765j)
"(1.1575757575757577, -1.8571428571428577)","(1.1575757575757577, -1.8571428571428577)",(0.28244419422979933-1.9487835821390087j),(0.13822704561377605-0.13246098901036793j),(0.3794827106697513-1.011750451551865j),(-0.235265562053728-0.804572141576776j)
"(1.2000000000000002, -1.8571428571428577)","(1.2000000000000002, -1.8571428571428577)",(1.3970856068214117-1.0219124330065934j),(0.21125838236284197-0.13726411823682436j),(1.072459604294511-0.0895444149154079j),(0.11336762016405873-0.7951038998543611j)
"(1.2424242424242427, -1.8571428571428577)","(1.2424242424242427, -1.8571428571428577)",(1.1174509486808883+0.11151784867644299j),(0.2938071995243135-0.1068282441759613j),(0.4636766840703326+0.8526520009748632j),(0.3599670650862424-0.6343059081224589j)
"(1.284848484848485, -1.8571428571428577)","(1.284848484848485, -1.8571428571428577)",(0.3040673026555003+0.09565933432425733j),(0.37058959169958255-0.035957259473548595j),(-0.5597444717041914+0.5960175295399386j),(0.49322218266010914-0.4644009357421327j)
"(1.3272727272727274, -1.8571428571428577)","(1.3272727272727274, -1.8571428571428577)",(0.4448123382625155-0.6271956933323943j),(0.42365450384691855+0.07404446640135359j),(-0.5963573656634508-0.3909775348407379j),(0.6175152000790477-0.31026262489301004j)
"(1.3696969696969699, -1.8571428571428577)","(1.3696969696969699, -1.8571428571428577)",(1.5019259284965658-0.5144076503703884j),(0.4352059374987816+0.21397891878279085j),(0.3223762734832267-0.6597408324389893j),(0.7443437175145574-0.06864573671418997j)
"(1.4121212121212123, -1.8571428571428577)","(1.4121212121212123, -1.8571428571428577)",(1.9479517159880912+0.8318712654581395j),(0.39117021209255365+0.3666267397214659j),(0.8229228440875265+0.17736509906670778j),(0.733858659808011+0.28787942666996585j)
"(1.4545454545454546, -1.8571428571428577)","(1.4545454545454546, -1.8571428571428577)",(0.9130989396661171+2.0387372978309966j),(0.2849209754117785+0.5082937752130273j),(0.1393726899276404+0.9311981355083874j),(0.4888052743266982+0.599245387109582j)
"(1.496969696969697, -1.8571428571428577)","(1.496969696969697, -1.8571428571428577)",(-0.5790250589667342+1.820045197215089j),(0.12034439164465698+0.612158734824096j),(-0.8252207228104113+0.5225288969196811j),(0.12585127219902018+0.6853575654713121j)
"(1.5393939393939395, -1.8571428571428577)","(1.5393939393939395, -1.8571428571428577)",(-1.0041948652387236+0.7073102254974795j),(-0.08666366722769826+0.6531337763549231j),(-0.7767437770089571-0.5181732022968031j),(-0.14078742100206817+0.5723496514393595j)
"(1.581818181818182, -1.8571428571428577)","(1.581818181818182, -1.8571428571428577)",(-0.393280007707712+0.24915143404633078j),(-0.3090485628649559+0.6134728511433438j),(0.1770168519836511-0.8122578627069844j),(-0.2612482968264072+0.44793644560997137j)
"(1.6242424242424245, -1.8571428571428577)","(1.6242424242424245, -1.8571428571428577)",(-0.1838036439799421+0.828933688353653j),(-0.5121877280589057+0.48794298526691476j),(0.7136264530704266-0.048216506321315813j),(-0.385242368991463+0.38920720940805403j)
"(1.6666666666666667, -1.8571428571428577)","(1.6666666666666667, -1.8571428571428577)",(-1.1054578608195365+1.165130147031947j),(-0.6599899360769034+0.28715860271618476j),(0.15546631495565616+0.6296150349118683j),(-0.6009342396982893+0.24835650940389395j)
"(1.7090909090909092, -1.8571428571428577)","(1.7090909090909092, -1.8571428571428577)",(-2.0826379290266392+0.1813054102528744j),(-0.7225250667983527+0.037804815004015946j),(-0.6179401306448926+0.25871083174335446j),(-0.7421727315833939-0.11521023649449601j)
"(1.7515151515151517, -1.8571428571428577)","(1.7515151515151517, -1.8571428571428577)",(-1.698488602938339-1.386097979651037j),(-0.6835300996146436-0.2209843256938073j),(-0.44756695449647327-0.6021503328293627j),(-0.5673915488272221-0.562963321127867j)
"(1.7939393939393942, -1.8571428571428577)","(1.7939393939393942, -1.8571428571428577)",(-0.17988634361269823-1.9012302760061934j),(-0.5457693971287192-0.4449124128619583j),(0.4663766743846584-0.6885861178255538j),(-0.10049362086863745-0.7677317453186815j)
"(1.8363636363636366, -1.8571428571428577)","(1.8363636363636366, -1.8571428571428577)",(0.8601769218313977-1.00382495564834j),(-0.33238327245875354-0.5941858131939556j),(0.856393993897494+0.1798853229586389j),(0.3361662003926572-0.5895244654130234j)
"(1.8787878787878791, -1.8571428571428577)","(1.8787878787878791, -1.8571428571428577)",(0.561944442483472-0.039598696969275565j),(-0.08314233070321993-0.6432830399100389j),(0.16806732236770672+0.8496354335811416j),(0.47701945081898517-0.24595109064037826j)
"(1.9212121212121216, -1.8571428571428577)","(1.9212121212121216, -1.8571428571428577)",(-0.12032049429827313-0.17858377104258297j),(0.1541491957310604-0.5880523847108198j),(-0.6765930154504409+0.44375068911918375j),(0.40212332542110746-0.03428207545094694j)
"(1.9636363636363636, -1.8571428571428577)","(1.9636363636363636, -1.8571428571428577)",(0.13250447884446676-0.8540132188029949j),(0.3352980472756994-0.44765383342847126j),(-0.5748665800260926-0.4392120824130479j),(0.37207301159485995+0.03285269703852421j)
"(2.006060606060606, -1.8571428571428577)","(2.006060606060606, -1.8571428571428577)",(1.107083618431699-0.668682906827603j),(0.43130491342031846-0.26005496733062805j),(0.24271476559794775-0.5926419689891117j),(0.4330639394134328+0.18401402949213672j)
"(2.0484848484848484, -1.8571428571428577)","(2.0484848484848484, -1.8571428571428577)",(1.3635390074137859+0.5404464871579482j),(0.436258030207546-0.07168706865452637j),(0.5842608045841396+0.11665846010287764j),(0.3430201726221003+0.4954750957095969j)
"(2.090909090909091, -1.8571428571428577)","(2.090909090909091, -1.8571428571428577)",(0.2972609449471184+1.3852177270616042j),(0.3685645465766475+0.07605678247228445j),(-0.0104008172871125+0.6080616228704232j),(-0.06090278434241659+0.7010993217188966j)
"(2.1333333333333333, -1.8571428571428577)","(2.1333333333333333, -1.8571428571428577)",(-0.9351355175344955+0.8043914471337161j),(0.2644078218522155+0.15928210368094928j),(-0.645971601404868+0.14451056244477464j),(-0.553571737981843+0.5005987810079923j)
"(2.175757575757576, -1.8571428571428577)","(2.175757575757576, -1.8571428571428577)",(-0.9222209872435609-0.4725142242888354j),(0.16494876011787896+0.17856309973225098j),(-0.36491016784171154-0.6262154142216954j),(-0.7222595795197284-0.024861909799390985j)
"(2.2181818181818183, -1.8571428571428577)","(2.2181818181818183, -1.8571428571428577)",(0.14458632270178012-0.8947998996808668j),(0.10132759546119681+0.15737250495209232j),(0.48896993161945335-0.5958204900233772j),(-0.4457112043788701-0.45635191460958185j)
"(2.2606060606060607, -1.8571428571428577)","(2.2606060606060607, -1.8571428571428577)",(0.803483309962914-0.1371993484723779j),(0.082932272283315+0.13176284995366322j),(0.7493662528935556+0.23853764685986117j),(-0.028815215213956663-0.5074998452859023j)
"(2.303030303030303, -1.8571428571428577)","(2.303030303030303, -1.8571428571428577)",(0.33362458755531454+0.5855562434990957j),(0.09386738146411336+0.13451424405785922j),(0.05599033482011462+0.7665879052136989j),(0.18376687127108654-0.3155459057724623j)
"(2.3454545454545452, -1.8571428571428577)","(2.3454545454545452, -1.8571428571428577)",(-0.3552997479283093+0.2990609992757459j),(0.09990990783258646+0.17965737222564995j),(-0.6542994046190531+0.30617049076858405j),(0.19908974885815733-0.18676686371848802j)
"(2.3878787878787877, -1.8571428571428577)","(2.3878787878787877, -1.8571428571428577)",(-0.13190469422108475-0.3855158412517627j),(0.06418226228219978+0.25395139068416434j),(-0.4580244622110813-0.4740097386645193j),(0.2619375057077967-0.16545749327140774j)
"(2.43030303030303, -1.8571428571428577)","(2.43030303030303, -1.8571428571428577)",(0.6876487389230803-0.2193699094171987j),(-0.034203665933456716+0.3198608629390971j),(0.2968940240670614-0.5162481344756142j),(0.42495838078947556-0.022982637880681545j)
"(2.4727272727272727, -1.8571428571428577)","(2.4727272727272727, -1.8571428571428577)",(0.7671208216876951+0.821932064004803j),(-0.18640410480114494+0.3302198095051537j),(0.526855344428922+0.15991122264917107j),(0.42666958205991806+0.3318010318504782j)
"(2.515151515151515, -1.8571428571428577)","(2.515151515151515, -1.8571428571428577)",(-0.3369346685642154+1.4033224550178525j),(-0.351855140041657+0.24962010887407646j),(-0.05197173365258619+0.5360526381153915j),(0.06689220513002783+0.6176497080283845j)
"(2.5575757575757576, -1.8571428571428577)","(2.5575757575757576, -1.8571428571428577)",(-1.4651857663403076+0.6263581740819762j),(-0.47062282991218196+0.07381802511991281j),(-0.556084499820526+0.06527873496377173j),(-0.4384784366075998+0.4872614139982917j)
"(2.6, -1.8571428571428577)","(2.6, -1.8571428571428577)",(-1.3478153187303383-0.7331421839449902j),(-0.4865620046573501-0.16191122814161618j),(-0.22073936244598907-0.5595473394891333j),(-0.6405139516269992-0.011683616314240704j)
"(2.6424242424242426, -1.8571428571428577)","(2.6424242424242426, -1.8571428571428577)",(-0.24285949919498667-1.2431327175930496j),(-0.3723377149849095-0.39078686865472434j),(0.5022066141370078-0.407346274351967j),(-0.37272839834708504-0.4449995745863582j)
"(2.684848484848485, -1.8571428571428577)","(2.684848484848485, -1.8571428571428577)",(0.5021982011061419-0.6608169729044393j),(-0.14531234879048294-0.5374547790998179j),(0.5817746452822842+0.3563424643577319j),(0.06573590461434067-0.47970465816235336j)
"(2.727272727272727, -1.8571428571428577)","(2.727272727272727, -1.8571428571428577)",(0.28974261914241917-0.08548438713880185j),(0.13389047768176346-0.5473747321717842j),(-0.13255225898859002+0.687967470098467j),(0.28840440044924576-0.22607712506548466j)
"(2.7696969696969695, -1.8571428571428577)","(2.7696969696969695, -1.8571428571428577)",(-0.05439307225760498-0.30439847155293615j),(0.38131409754505635-0.41027183117683924j),(-0.6880141390044672+0.1222306066329172j),(0.25230696920180584-0.0163572470090141j)
"(2.812121212121212, -1.8571428571428577)","(2.812121212121212, -1.8571428571428577)",(0.3674230711606465-0.7080808509516366j),(0.5208634001141677-0.16674612679510661j),(-0.3472014529970853-0.5816594885517798j),(0.19376112404356416+0.040324764395249756j)
"(2.8545454545454545, -1.8571428571428577)","(2.8545454545454545, -1.8571428571428577)",(1.1357098039269178-0.2720442284288023j),(0.5137121493744903+0.10601953956504528j),(0.4045910330549234-0.4960292907946849j),(0.2174066214975041+0.11796552280083727j)
"(2.896969696969697, -1.8571428571428577)","(2.896969696969697, -1.8571428571428577)",(1.0751040857090064+0.843305188951587j),(0.37278517865670313+0.32407993583162403j),(0.5550770678039696+0.20873518532278224j),(0.14724183924833373+0.3104900677971807j)
"(2.9393939393939394, -1.8571428571428577)","(2.9393939393939394, -1.8571428571428577)",(-0.035628567519684934+1.3799754062000442j),(0.15547394869145664+0.4291323762569121j),(-0.03715069719014067+0.5431044036325504j),(-0.1539518190210009+0.40773862631058166j)
"(2.981818181818182, -1.8571428571428577)","(2.981818181818182, -1.8571428571428577)",(-1.0346808816900674+0.6666956478917148j),(-0.06217630463353947+0.40886004931820885j),(-0.49506536579638266+0.09271111962745111j),(-0.47743921126014544+0.16512447894605475j)
"(3.0242424242424244, -1.8571428571428577)","(3.0242424242424244, -1.8571428571428577)",(-0.8633936169138205-0.4422023344374979j),(-0.2175682870759308+0.2960864804033188j),(-0.18989086291832863-0.4406089318913029j),(-0.4559344669195611-0.2976798829495138j)
"(3.066666666666667, -1.8571428571428577)","(3.066666666666667, -1.8571428571428577)",(0.06950353281393169-0.6793419029527685j),(-0.2845465797020346+0.14799826926310608j),(0.38919140316511286-0.27672271539441756j),(-0.03514129064914655-0.550617456821457j)
"(3.109090909090909, -1.8571428571428577)","(3.109090909090909, -1.8571428571428577)",(0.49795416768597955+0.0056790562658108334j),(-0.2766141880426566+0.0167487161312679j),(0.3703470983499181+0.3287137276282285j),(0.40422125737871806-0.33978338749368553j)
"(3.1515151515151514, -1.8571428571428577)","(3.1515151515151514, -1.8571428571428577)",(-0.002932239471924669+0.5070827702677577j),(-0.2302002409120295-0.07296261016752402j),(-0.23679891015648402+0.46931786867517755j),(0.46406691159658886+0.11072751176010424j)
"(3.193939393939394, -1.8571428571428577)","(3.193939393939394, -1.8571428571428577)",(-0.566257421038846+0.14421732775937315j),(-0.178586473131949-0.12787627040145155j),(-0.5518784241862688-0.09751715788727103j),(0.16420747627937174+0.36961075604809573j)
"(3.2363636363636363, -1.8571428571428577)","(3.2363636363636363, -1.8571428571428577)",(-0.3593262441949924-0.4724094189286916j),(-0.13211409042811617-0.17089322681365812j),(-0.08558964921514209-0.58592449875941j),(-0.14162250455173409+0.28440830664437655j)
"(3.278787878787879, -1.8571428571428577)","(3.278787878787879, -1.8571428571428577)",(0.252408114493645-0.43106314215150215j),(-0.07639518061239471-0.2170118118490169j),(0.5449080443121314-0.2866144381492568j),(-0.21610474920609166+0.07256310784677161j)
"(3.3212121212121213, -1.8571428571428577)","(3.3212121212121213, -1.8571428571428577)",(0.3235447541387993+0.13015309596732894j),(0.010703464324564291-0.25637069768216775j),(0.4654864092369771+0.42158302625790406j),(-0.15264511942274211-0.03505923260840736j)
"(3.3636363636363638, -1.8571428571428577)","(3.3636363636363638, -1.8571428571428577)",(-0.22661831840567567+0.25743888890944844j),(0.13438304145134602-0.25624637881476003j),(-0.23319298786980866+0.5829243448566408j),(-0.12780837198721304-0.06923907713243235j)
"(3.4060606060606062, -1.8571428571428577)","(3.4060606060606062, -1.8571428571428577)",(-0.457154974239864-0.36327604634715094j),(0.26722866721846655-0.18226172127527612j),(-0.6150584201830706-0.016153485930246528j),(-0.10932522127526001-0.1648608391416283j)
"(3.4484848484848487, -1.8571428571428577)","(3.4484848484848487, -1.8571428571428577)",(0.2168301668542359-0.8518195102062084j),(0.35473018448956944-0.026534632996359362j),(-0.18685914301516612-0.561376137902958j),(0.04895912537983257-0.26390873930689096j)
"(3.4909090909090907, -1.8571428571428577)","(3.4909090909090907, -1.8571428571428577)",(1.0785335023198024-0.3245141923105115j),(0.34170787750282644+0.17530277356415777j),(0.44311307513493603-0.34143941882636064j),(0.2937125496820398-0.15837754704830861j)
"(3.533333333333333, -1.8571428571428577)","(3.533333333333333, -1.8571428571428577)",(0.9836917643140737+0.8136652057116074j),(0.20592505513452705+0.3512641457581573j),(0.43148607760992475+0.2935610348495613j),(0.3462806315696219+0.1688400251038889j)
"(3.5757575757575757, -1.8571428571428577)","(3.5757575757575757, -1.8571428571428577)",(-0.1071637714000584+1.3004527576784362j),(-0.020953701509997567+0.42382257918812377j),(-0.14502819675915796+0.4611066363329169j),(0.058818126869097126+0.41552354215739556j)
"(3.618181818181818, -1.8571428571428577)","(3.618181818181818, -1.8571428571428577)",(-1.0358253990657955+0.6183436321184639j),(-0.2594278203447797+0.34939094741391385j),(-0.4485201730846837-0.018100605131947323j),(-0.32787740563633205+0.2870532898364973j)
"(3.6606060606060606, -1.8571428571428577)","(3.6606060606060606, -1.8571428571428577)",(-0.9144429343371198-0.3912423973733461j),(-0.415048789953095+0.144846715720873j),(-0.082690948213652-0.41538919166069016j),(-0.41670319617037277-0.12069992143352892j)
"(3.703030303030303, -1.8571428571428577)","(3.703030303030303, -1.8571428571428577)",(-0.1622428629455907-0.6790764621782952j),(-0.4224298341607185-0.11484619420717451j),(0.37654175921311017-0.16577834514217096j),(-0.11635478799798239-0.39845192282894965j)
"(3.7454545454545456, -1.8571428571428577)","(3.7454545454545456, -1.8571428571428577)",(0.21829117938005058-0.28124647938543956j),(-0.2773979452335516-0.3285828134627122j),(0.24419978791679012+0.33437119697497103j),(0.25148933669681206-0.2870348628976984j)
"(3.787878787878788, -1.8571428571428577)","(3.787878787878788, -1.8571428571428577)",(0.012867106468100964-0.040301144362226524j),(-0.03988140632699989-0.41496733216904524j),(-0.279838556562396+0.3261149371330438j),(0.3325870693574968+0.04855125067377493j)
"(3.83030303030303, -1.8571428571428577)","(3.83030303030303, -1.8571428571428577)",(-0.09229032369202236-0.29346251282070135j),(0.19430222216140686-0.34850348036384393j),(-0.4084234397435925-0.1990871644131771j),(0.1218308938901633+0.25412813195631967j)
"(3.872727272727273, -1.8571428571428577)","(3.872727272727273, -1.8571428571428577)",(0.3145589487223683-0.44782700649717694j),(0.33784160887853554-0.16779348904140606j),(0.08243314825884546-0.4760946033184766j),(-0.10571580841501273+0.1960610858627057j)
"(3.915151515151515, -1.8571428571428577)","(3.915151515151515, -1.8571428571428577)",(0.695945879231849+0.014215308968092505j),(0.3492897252540832+0.047170358347361996j),(0.5072876110684512-0.06825619047226658j),(-0.1606314570906854+0.03530114109299709j)
"(3.957575757575758, -1.8571428571428577)","(3.957575757575758, -1.8571428571428577)",(0.37702355045211844+0.6444145968739639j),(0.24500368601368924+0.21487755718519014j),(0.23689302073359841+0.48198865411385666j),(-0.10487315629516925-0.052451614425082976j)
"(4.0, -1.8571428571428577)","(4.0, -1.8571428571428577)",(-0.37124825378759835+0.6045690976552792j),(0.08222003319712078+0.28731008938721864j),(-0.39060959554298913+0.3962710346114129j),(-0.06285869144173001-0.07901202634335236j)
"(-0.2, -1.571428571428572)","(-0.2, -1.571428571428572)",(-1.150936550836319+0.9273136857130895j),(-0.49447282856862806+0.47157611520352555j),(0.6468624139150247-0.31946613900382836j),(-1.3033261361827158+0.7752037095133922j)
"(-0.1575757575757576, -1.571428571428572)","(-0.1575757575757576, -1.571428571428572)",(-0.8259870946595795+0.5405925198778985j),(-0.48215365377953867+0.4964207342892845j),(0.9520479362667204-0.9950458566659562j),(-1.2958813771467612+1.0392176422545703j)
"(-0.11515151515151516, -1.571428571428572)","(-0.11515151515151516, -1.571428571428572)",(-1.20000635946824-0.1576247552674881j),(-0.47249552139078105+0.5149204988581174j),(0.5188801851949381-1.9284969544696238j),(-1.246391023272397+1.2559517003440182j)
"(0.1393939393939394, -1.571428571428572)","(0.1393939393939394, -1.571428571428572)",(-0.9093558801014319+0.7829698340513898j),(-0.4936613069291788+0.49545340351517114j),(1.0068623148063491-0.8281631263432263j),(-1.4225568879786021+1.1156795568794449j)
"(0.18181818181818182, -1.571428571428572)","(0.18181818181818182, -1.571428571428572)",(-1.289860990672819+1.3815209787116787j),(-0.5089620006655934+0.46934739723965563j),(0.6990430625212176+0.0961271872050542j),(-1.4799420525284432+0.8160463942669689j)
"(0.22424242424242424, -1.571428571428572)","(0.22424242424242424, -1.571428571428572)",(-1.977229301953093+1.1585291419562673j),(-0.5256312202947276+0.4360763512841547j),(-0.006340683425390788+0.2583945739864434j),(-1.4452573982329746+0.46405821668566927j)
"(0.26666666666666666, -1.571428571428572)","(0.26666666666666666, -1.571428571428572)",(-2.111779189238864+0.3696569733264882j),(-0.5422978641200025+0.3954857444604106j),(-0.28795183052568196-0.14580890325545992j),(-1.2815294945931797+0.1199801321215375j)
"(0.30909090909090914, -1.571428571428572)","(0.30909090909090914, -1.571428571428572)",(-1.6043737413693706-0.1816887462084955j),(-0.5573294467003449+0.34761277352414865j),(-0.05629787484446016-0.39666966081269717j),(-0.9907464198245655-0.132631858919947j)
"(0.3515151515151515, -1.571428571428572)","(0.3515151515151515, -1.571428571428572)",(-1.0557346245846522-0.17946055958922197j),(-0.5688739794787092+0.29279068120456625j),(0.14522280869272108-0.2573228370516261j),(-0.6320834537986642-0.2149284037421621j)
"(0.393939393939394, -1.571428571428572)","(0.393939393939394, -1.571428571428572)",(-0.8444621110322622+0.009782740230302386j),(-0.5749346375343779+0.2317582882267671j),(0.047130312673871216-0.12726159824226174j),(-0.31665778617175555-0.09471394975420298j)
"(0.43636363636363634, -1.571428571428572)","(0.43636363636363634, -1.571428571428572)",(-0.7651597255468974+0.07627376741454389j),(-0.5734850576597844+0.16576346394397942j),(-0.022839786989225876-0.26804003722707714j),(-0.1688348808978871+0.1785503406976416j)
"(0.4787878787878788, -1.571428571428572)","(0.4787878787878788, -1.571428571428572)",(-0.6194849951698551+0.20013596603672112j),(-0.5626304782409658+0.09664476187172456j),(0.2068206464498612-0.3696005019111355j),(-0.2636751633787505+0.4730917060761321j)
"(0.5212121212121212, -1.571428571428572)","(0.5212121212121212, -1.571428571428572)",(-0.6857608149887056+0.5421802808925732j),(-0.5408149805807404+0.026871055309563237j),(0.4275933819265602-0.10819314079482786j),(-0.5725392163345254+0.6235023663778378j)
"(0.5636363636363637, -1.571428571428572)","(0.5636363636363637, -1.571428571428572)",(-1.240437562489295+0.7018611231972338j),(-0.5070674483208408-0.04048427713563274j),(0.22258162952082805+0.2287795549642021j),(-0.9559517436892822+0.5135658453686645j)
"(0.6060606060606062, -1.571428571428572)","(0.6060606060606062, -1.571428571428572)",(-1.871034673442673+0.15352380653024866j),(-0.46126850402540864-0.10185888962968823j),(-0.18782625350889715+0.10717935362826288j),(-1.2219399159083673+0.148203342531674j)
"(0.6484848484848484, -1.571428571428572)","(0.6484848484848484, -1.571428571428572)",(-1.785072563877471-0.869899563452524j),(-0.4044081855559686-0.15342773297338827j),(-0.1540849417770965-0.3811961295264954j),(-1.2265794365444058-0.3352757009526402j)
"(0.6909090909090909, -1.571428571428572)","(0.6909090909090909, -1.571428571428572)",(-0.871305696868352-1.4323336227543928j),(-0.338790914488592-0.19145200119494896j),(0.4261552820526725-0.5057081462072466j),(-0.9586700644324325-0.7351734753521972j)
"(0.7333333333333334, -1.571428571428572)","(0.7333333333333334, -1.571428571428572)",(-0.007188782758868029-1.0289669497915304j),(-0.26813284584239855-0.21274657278856193j),(0.8116976082920051+0.08357521701757516j),(-0.5507535452084745-0.8997955940205435j)
"(0.7757575757575759, -1.571428571428572)","(0.7757575757575759, -1.571428571428572)",(-0.013125964554209307-0.29753715918707924j),(-0.19749049258882737-0.21523811340987184j),(0.3847294043425331+0.7361742574229403j),(-0.20036487630791505-0.8184733032001477j)
"(0.8181818181818183, -1.571428571428572)","(0.8181818181818183, -1.571428571428572)",(-0.584403049492393-0.2282390915803676j),(-0.13296290125169033-0.19855607827104982j),(-0.4066305472486855+0.5963403008757526j),(-0.04480960099201718-0.6260233141850704j)
"(0.8606060606060608, -1.571428571428572)","(0.8606060606060608, -1.571428571428572)",(-0.7010888797731032-0.8567525588635271j),(-0.08112704541838431-0.16456615255161186j),(-0.5494157688752577-0.18295264406809453j),(-0.07054606547946117-0.5092337622438207j)
"(0.9030303030303031, -1.571428571428572)","(0.9030303030303031, -1.571428571428572)",(-0.022244068424852756-1.2347359818971735j),(-0.04820089967318159-0.11772644756865128j),(0.15049104636446828-0.5452130475757779j),(-0.12453421511613945-0.5717964867527444j)
"(0.9454545454545455, -1.571428571428572)","(0.9454545454545455, -1.571428571428572)",(0.6481681076259969-0.7608614091669059j),(-0.03898164477447662-0.0651299243590647j),(0.7170080544942982+0.05686309113887771j),(-0.029858302093824646-0.752594575946719j)
"(0.987878787878788, -1.571428571428572)","(0.987878787878788, -1.571428571428572)",(0.500478407655845-0.03470443894729058j),(-0.05567403100535421-0.016102623782741295j),(0.2846838048999113+0.8474648915117916j),(0.2714686337612878-0.8660667066763409j)
"(1.0303030303030305, -1.571428571428572)","(1.0303030303030305, -1.571428571428572)",(-0.11534025776623547-0.010241859674547382j),(-0.09679656111678096+0.018733474496727357j),(-0.678447519616178+0.7175637384322882j),(0.6599038229667235-0.7465390726035629j)
"(1.0727272727272728, -1.571428571428572)","(1.0727272727272728, -1.571428571428572)",(-0.16866095837837525-0.6124505667070587j),(-0.15641478538982953+0.02894520878692217j),(-0.9349266615867101-0.2534180702533741j),(0.9226804885981644-0.3879777052406067j)
"(1.1151515151515152, -1.571428571428572)","(1.1151515151515152, -1.571428571428572)",(0.55621071520125-0.796841594421966j),(-0.2239801473886603+0.006215323495950564j),(-0.14310812981127313-0.845427864266187j),(0.9232989924011834+0.04237094634827042j)
"(1.1575757575757577, -1.571428571428572)","(1.1575757575757577, -1.571428571428572)",(1.0709828306074478-0.03870134474082737j),(-0.28502610633290126-0.053536861076852196j),(0.6436548832058758-0.32534786821984724j),(0.7123540537344732+0.34018338455587205j)
"(1.2000000000000002, -1.571428571428572)","(1.2000000000000002, -1.571428571428572)",(0.5343663180444681+0.8286683876282932j),(-0.3228716243770065-0.14823273480285304j),(0.3839957797991378+0.5417781378373565j),(0.4732421626223368+0.4351229845937898j)
"(1.2424242424242427, -1.571428571428572)","(1.2424242424242427, -1.571428571428572)",(-0.49941064196233237+0.6860644661106835j),(-0.32129907708761807-0.2684036314024287j),(-0.5241649705040083+0.5188559902959744j),(0.34605340562929404+0.4356121072171378j)
"(1.284848484848485, -1.571428571428572)","(1.284848484848485, -1.571428571428572)",(-0.7391241281927555-0.30179216660200175j),(-0.26792400527836985-0.3971612631857858j),(-0.7701031010363412-0.4035547863500732j),(0.29890297812195554+0.4989238829338572j)
"(1.3272727272727274, -1.571428571428572)","(1.3272727272727274, -1.571428571428572)",(0.09288163710690026-0.825572432272962j),(-0.15769998170606325-0.5117641248083795j),(0.07175774016868733-0.9685067427359949j),(0.17882387864427618+0.6546984352714126j)
"(1.3696969696969699, -1.571428571428572)","(1.3696969696969699, -1.571428571428572)",(0.8279647701007675-0.18301085815373763j),(0.004227561088347684-0.5869083119258619j),(0.9313361121288265-0.3621017645488514j),(-0.10759890311640669+0.7659992183209757j)
"(1.4121212121212123, -1.571428571428572)","(1.4121212121212123, -1.571428571428572)",(0.4093065836163982+0.731012280289983j),(0.20120297655569644-0.599468789996526j),(0.6829726772420303+0.6585068226812566j),(-0.47486907018132846+0.6719742476052524j)
"(1.4545454545454546, -1.571428571428572)","(1.4545454545454546, -1.571428571428572)",(-0.6446556023450509+0.606963342344719j),(0.40604660762431977-0.5339449040948827j),(-0.320839225439912+0.7809539618552366j),(-0.7298629845294586+0.3599542845843652j)
"(1.496969696969697, -1.571428571428572)","(1.496969696969697, -1.571428571428572)",(-0.9021413411832797-0.4868528236461404j),(0.5847373756904712-0.38743920563379525j),(-0.7317263748191878-0.08078456787701796j),(-0.7551523420545632-0.018629050135327188j)
"(1.5393939393939395, -1.571428571428572)","(1.5393939393939395, -1.571428571428572)",(0.04884803389632242-1.1571280927145149j),(0.7025627283787536-0.17277197428039415j),(-0.05042631115479776-0.685270073463277j),(-0.6032883833276333-0.29908604497084373j)
"(1.581818181818182, -1.571428571428572)","(1.581818181818182, -1.571428571428572)",(1.0257991969104325-0.5488203696408506j),(0.7317501438610932+0.0815501880540606j),(0.702097160241722-0.1847236683287133j),(-0.40804810719238255-0.44564688936619784j)
"(1.6242424242424245, -1.571428571428572)","(1.6242424242424245, -1.571428571428572)",(0.8399477132690915+0.5090089117645766j),(0.6588980969592547+0.3352504859957768j),(0.41244803877081937+0.7042754142158649j),(-0.2313984224609825-0.5305169884470651j)
"(1.6666666666666667, -1.571428571428572)","(1.6666666666666667, -1.571428571428572)",(-0.11059501103717442+0.6450441035382862j),(0.4901385596117493+0.5438843717774781j),(-0.5710456158202405+0.6978029695610835j),(-0.02968795482868323-0.5966432378002754j)
"(1.7090909090909092, -1.571428571428572)","(1.7090909090909092, -1.571428571428572)",(-0.4201500203099292-0.18536248198802435j),(0.25211975933943553+0.6687823268941101j),(-0.9080976213437528-0.2681506665978421j),(0.2358278416943881-0.5859941422842924j)
"(1.7515151515151517, -1.571428571428572)","(1.7515151515151517, -1.571428571428572)",(0.37411566934281487-0.6652245876537506j),(-0.012283763070623264+0.6869543969340365j),(-0.11331645357638621-0.9323170955032671j),(0.49971588598982436-0.4198618890845199j)
"(1.7939393939393942, -1.571428571428572)","(1.7939393939393942, -1.571428571428572)",(1.1542459968159644+0.04749494181107777j),(-0.2532291636695629+0.5980553268690704j),(0.7713355979886329-0.43184113213353165j),(0.6361395624968943-0.11871925292446095j)
"(1.8363636363636366, -1.571428571428572)","(1.8363636363636366, -1.571428571428572)",(0.7642846085440513+1.1480594922424334j),(-0.42617586407830305+0.42583275057050696j),(0.6042322192671928+0.5255789196605044j),(0.5862282533551616+0.1966478220114221j)
"(1.8787878787878791, -1.571428571428572)","(1.8787878787878791, -1.571428571428572)",(-0.405058714260341+1.2844014080537j),(-0.5038359478883859+0.2127731689159501j),(-0.30533768654055465+0.6523508167100647j),(0.4041149201685996+0.41927742242768523j)
"(1.9212121212121216, -1.571428571428572)","(1.9212121212121216, -1.571428571428572)",(-0.9700668880317831+0.3919713083101838j),(-0.4839525120384465+0.008706985410913227j),(-0.6594713151067083-0.1490538758159602j),(0.17335693911337186+0.5323181987152308j)
"(1.9636363636363636, -1.571428571428572)","(1.9636363636363636, -1.571428571428572)",(-0.45447623037447027-0.27242185415540165j),(-0.38981413401778503-0.14364131490910595j),(0.01393229577405955-0.6862748732121654j),(-0.07859439213074482+0.5574943339658697j)
"(2.006060606060606, -1.571428571428572)","(2.006060606060606, -1.571428571428572)",(0.10977293271953253+0.08384771272089836j),(-0.26248186527148415-0.22158271445600314j),(0.7201742235973603-0.16556885327628967j),(-0.3479194256063436+0.47099928045319117j)
"(2.0484848484848484, -1.571428571428572)","(2.0484848484848484, -1.571428571428572)",(-0.3025851912172207+0.6917548162894454j),(-0.14658345110668744-0.22912566201982054j),(0.40839428634181923+0.6929894993399908j),(-0.5643960264523525+0.22789097896927507j)
"(2.090909090909091, -1.571428571428572)","(2.090909090909091, -1.571428571428572)",(-1.2184600196524351+0.34064357467546547j),(-0.07424760349270038-0.19426904518111032j),(-0.5434343332199132+0.6626729018609503j),(-0.6007780829398216-0.1277602820043745j)
"(2.1333333333333333, -1.571428571428572)","(2.1333333333333333, -1.571428571428572)",(-1.296073250910673-0.8618415821131608j),(-0.05315408576687539-0.15702196405793048j),(-0.8395078393108486-0.2707455945010654j),(-0.403411325832949-0.4340740235541649j)
"(2.175757575757576, -1.571428571428572)","(2.175757575757576, -1.571428571428572)",(-0.20215762476576216-1.5639213358010933j),(-0.06388580914496794-0.15199036512669425j),(-0.0593140707916101-0.8728383985318865j),(-0.07895774482918409-0.5390925721425126j)
"(2.2181818181818183, -1.571428571428572)","(2.2181818181818183, -1.571428571428572)",(0.8861285682311923-0.9889357122641294j),(-0.06866119843748726-0.19217151233800317j),(0.7596423725215725-0.3547077308023685j),(0.19514739414710716-0.4420564691237577j)
"(2.2606060606060607, -1.571428571428572)","(2.2606060606060607, -1.571428571428572)",(0.8602777498792145+0.028560032902789245j),(-0.02898167616191743-0.2610357147106617j),(0.5502515839293497+0.5555306796036902j),(0.33900784211178214-0.2659349319902392j)
"(2.303030303030303, -1.571428571428572)","(2.303030303030303, -1.571428571428572)",(0.14336750990511482+0.22452202585562175j),(0.07451156910381411-0.3173837370998449j),(-0.3349256676619324+0.6368216907189139j),(0.4037816084632331-0.09491592776344727j)
"(2.3454545454545452, -1.571428571428572)","(2.3454545454545452, -1.571428571428572)",(0.009375236986598423-0.3568967124976785j),(0.22863370036036337-0.31243571016278443j),(-0.6516190215202361-0.14686298033095374j),(0.4323605581464712+0.10240197799605963j)
"(2.3878787878787877, -1.571428571428572)","(2.3878787878787877, -1.571428571428572)",(0.7351385688788286-0.49943832618047307j),(0.38770861736572504-0.21299330058868296j),(-0.004907836816521127-0.6421044949089905j),(0.3523377883296247+0.3556594693172003j)
"(2.43030303030303, -1.571428571428572)","(2.43030303030303, -1.571428571428572)",(1.1940737742987397+0.38140273533319224j),(0.48892549246338984-0.020840943986389433j),(0.6307811801928594-0.14909505837339967j),(0.07436710164249048+0.5513387376929814j)
"(2.4727272727272727, -1.571428571428572)","(2.4727272727272727, -1.571428571428572)",(0.4726766155282938+1.321320007654018j),(0.4780255860498473+0.22110424671562598j),(0.3147452446863412+0.6029310664676926j),(-0.32009421520789466+0.4972846944706993j)
"(2.515151515151515, -1.571428571428572)","(2.515151515151515, -1.571428571428572)",(-0.7620144844297662+1.0965520392572465j),(0.3348496613722245+0.44051014657854426j),(-0.5216816776746326+0.5029935538670572j),(-0.5751824681273581+0.15304833881164498j)
"(2.5575757575757576, -1.571428571428572)","(2.5575757575757576, -1.571428571428572)",(-1.0913870241570578-0.06117580787527621j),(0.0869841695950497+0.5620652910379812j),(-0.6799385519490723-0.35750694014877393j),(-0.4984326418030352-0.2657341587644835j)
"(2.6, -1.571428571428572)","(2.6, -1.571428571428572)",(-0.25292344115990417-0.7294140915614362j),(-0.19607477658816477+0.5381929861041128j),(0.11252804063859231-0.7928257959328093j),(-0.1693767052103317-0.47478128173273976j)
"(2.6424242424242426, -1.571428571428572)","(2.6424242424242426, -1.571428571428572)",(0.5164266462735145-0.20121049186496553j),(-0.427459368917963+0.3704645285964208j),(0.7978825406180944-0.17433455184265523j),(0.14600347457338309-0.3973404686187311j)
"(2.684848484848485, -1.571428571428572)","(2.684848484848485, -1.571428571428572)",(0.1845331862682782+0.5962647615635095j),(-0.5364752417238088+0.11125693231550815j),(0.4426905444745922+0.6830831578815499j),(0.27831788351749476-0.19807532863354865j)
"(2.727272727272727, -1.571428571428572)","(2.727272727272727, -1.571428571428572)",(-0.6841682561899016+0.4336882610998195j),(-0.4964217209117959-0.156231042301268j),(-0.47402385024343724+0.6364603430633082j),(0.2862773149653315-0.0465410396622207j)
"(2.7696969696969695, -1.571428571428572)","(2.7696969696969695, -1.571428571428572)",(-0.7699913566073229-0.5018988397376825j),(-0.33378656819678076-0.3512513351559229j),(-0.7258323721677016-0.22153938969092782j),(0.2896275837571594+0.07089188510916826j)
"(2.812121212121212, -1.571428571428572)","(2.812121212121212, -1.571428571428572)",(0.12100087821405808-0.8943948996487132j),(-0.114342715580453-0.426919121719439j),(-0.020747424761756773-0.7149671229877222j),(0.25609101855626787+0.24749134505844794j)
"(2.8545454545454545, -1.571428571428572)","(2.8545454545454545, -1.571428571428572)",(0.7743719947003773-0.17617368335004824j),(0.08712953816734809-0.3851114357118036j),(0.6335795765179062-0.21682837923699458j),(0.05366288001512312+0.42576613159875j)
"(2.896969696969697, -1.571428571428572)","(2.896969696969697, -1.571428571428572)",(0.2801899247167239+0.6441779496078983j),(0.2185245873811615-0.26827220563448806j),(0.3572625380581235+0.5187146842205501j),(-0.2955972007225611+0.3937354710218362j)
"(2.9393939393939394, -1.571428571428572)","(2.9393939393939394, -1.571428571428572)",(-0.6589607855771249+0.37747588096752466j),(0.26785791459199904-0.13335631730488431j),(-0.39687812082241575+0.45417999087131466j),(-0.5299405793467081+0.056652207401094265j)
"(2.981818181818182, -1.571428571428572)","(2.981818181818182, -1.571428571428572)",(-0.6705534299043739-0.6656443040063498j),(0.2585448182070439-0.022449423941836827j),(-0.5269097153373266-0.27505395067003874j),(-0.4021885327740913-0.3681409293944742j)
"(3.0242424242424244, -1.571428571428572)","(3.0242424242424244, -1.571428571428572)",(0.3865640880262865-1.0604698883353743j),(0.22679402364484022+0.053914121780174504j),(0.14368635239252459-0.5866622213205019j),(0.016083711988921667-0.5277217887950468j)
"(3.066666666666667, -1.571428571428572)","(3.066666666666667, -1.571428571428572)",(1.1989665363314272-0.20347140636084027j),(0.1953881552856131+0.11224880868850583j),(0.6280391458568064-0.011429812624234675j),(0.37553923518900756-0.3042904024251114j)
"(3.109090909090909, -1.571428571428572)","(3.109090909090909, -1.571428571428572)",(0.7663926145048829+0.8723882524488528j),(0.16000180211242418+0.1745308408186954j),(0.1952876746110666+0.6309509759728901j),(0.4111031377813921+0.06690643565726728j)
"(3.1515151515151514, -1.571428571428572)","(3.1515151515151514, -1.571428571428572)",(-0.28163935749638636+0.9137816790011781j),(0.09650808040368253+0.24405220047995757j),(-0.5712155402573392+0.39496945872571626j),(0.19306810235727032+0.27476001979550424j)
"(3.193939393939394, -1.571428571428572)","(3.193939393939394, -1.571428571428572)",(-0.616325168214541+0.11492461007659815j),(-0.015374927295764774+0.29514059182797536j),(-0.5801740495048198-0.43421593119894j),(-0.02077619141395648+0.25399994944756277j)
"(3.2363636363636363, -1.571428571428572)","(3.2363636363636363, -1.571428571428572)",(-0.05167755088062739-0.2618283154521386j),(-0.16753490731131784+0.2849476461881278j),(0.2250480383153856-0.7124883199746607j),(-0.10919068188469516+0.16571235833439432j)
"(3.278787878787879, -1.571428571428572)","(3.278787878787879, -1.571428571428572)",(0.28148857162042473+0.2671217708318302j),(-0.315150412627213+0.18166089641708238j),(0.759058315128834-0.029376481313925982j),(-0.16241933088119634+0.11483735572867376j)
"(3.3212121212121213, -1.571428571428572)","(3.3212121212121213, -1.571428571428572)",(-0.3558637157459096+0.7163627317971744j),(-0.3927508410360909-0.007738620564226001j),(0.28702058504441774+0.7047083516487599j),(-0.2501334597542364+0.01939300071264045j)
"(3.3636363636363638, -1.571428571428572)","(3.3636363636363638, -1.571428571428572)",(-1.1586387911591722+0.07952359384239988j),(-0.34798945838912343-0.2285351717555989j),(-0.5576118821567584+0.5032183530677659j),(-0.2530374506132904-0.19515958746976708j)
"(3.4060606060606062, -1.571428571428572)","(3.4060606060606062, -1.571428571428572)",(-0.8463053766150579-1.1256616593895283j),(-0.17462682654390618-0.39669304638505765j),(-0.6438444710256785-0.34659378215349407j),(-0.027834079045473154-0.3823748308509768j)
"(3.4484848484848487, -1.571428571428572)","(3.4484848484848487, -1.571428571428572)",(0.5040992678315745-1.4256323241505666j),(0.07520454284655852-0.43733857585814373j),(0.11160957166590992-0.69416174549447j),(0.3172851533191062-0.29413200279795293j)
"(3.4909090909090907, -1.571428571428572)","(3.4909090909090907, -1.571428571428572)",(1.4248811640351216-0.3498113558872244j),(0.3089076747909423-0.32343741079959276j),(0.660461894675497-0.10854311944693532j),(0.4555115945686823+0.08216917435930365j)
"(3.533333333333333, -1.571428571428572)","(3.533333333333333, -1.571428571428572)",(0.9258115298918372+0.8969692163047025j),(0.43422968581094096-0.09317596814547227j),(0.28655824277580605+0.5646406660982142j),(0.2050236013050903+0.4255045183519606j)
"(3.5757575757575757, -1.571428571428572)","(3.5757575757575757, -1.571428571428572)",(-0.2547013707311447+0.9800455383326158j),(0.4023581641083238+0.16465524627520023j),(-0.4345038730088655+0.4115072599168628j),(-0.222555661830603+0.40388303214055277j)
"(3.618181818181818, -1.571428571428572)","(3.618181818181818, -1.571428571428572)",(-0.6847145702640304+0.10474413442496126j),(0.23065711606676823+0.35067371137174275j),(-0.48722257329368146-0.29390025884892784j),(-0.4281491130371171+0.04797068190214636j)
"(3.6606060606060606, -1.571428571428572)","(3.6606060606060606, -1.571428571428572)",(-0.10688668023773684-0.4118336095370879j),(-0.0068895914824382625+0.3997604887775524j),(0.15637382923891832-0.5257004016423512j),(-0.2563709179942169-0.2858936966722891j)
"(3.703030303030303, -1.571428571428572)","(3.703030303030303, -1.571428571428572)",(0.38888740118515197+0.014450413713474997j),(-0.21598837435414128+0.30767624252550474j),(0.5387647173739079+0.024265141420309874j),(0.0661110581653854-0.31749097023233963j)
"(3.7454545454545456, -1.571428571428572)","(3.7454545454545456, -1.571428571428572)",(0.011015071304629032+0.5431876713102025j),(-0.3253178328380892+0.1267247569431454j),(0.10711672679167787+0.5315410788464853j),(0.22921617735104033-0.11507816447942822j)
"(3.787878787878788, -1.571428571428572)","(3.787878787878788, -1.571428571428572)",(-0.6381660570126909+0.24186600292993557j),(-0.3141287687489716-0.06499041719747166j),(-0.5002206635343156+0.24255768673219447j),(0.17618337527059622+0.06429873339521278j)
"(3.83030303030303, -1.571428571428572)","(3.83030303030303, -1.571428571428572)",(-0.517099747198325-0.5290236636797498j),(-0.21152685886477154-0.20206125996551835j),(-0.38041311226207264-0.4346927278379835j),(0.07484022392851916+0.10773032412375201j)
"(3.872727272727273, -1.571428571428572)","(3.872727272727273, -1.571428571428572)",(0.28368155898802333-0.6545757331322128j),(-0.07164556674171912-0.25660642782988174j),(0.32467580861002565-0.5092650838856785j),(0.030651317119716817+0.11129577858334733j)
"(3.915151515151515, -1.571428571428572)","(3.915151515151515, -1.571428571428572)",(0.6364287041803648+0.07597038241337706j),(0.0575937087854448-0.2380676429003323j),(0.609129232055471+0.16670268640892275j),(-0.030294236660550942+0.14733533890478662j)
"(3.957575757575758, -1.571428571428572)","(3.957575757575758, -1.571428571428572)",(0.015533750046527212+0.6023082194945137j),(0.15256432943702822-0.17309396986193656j),(0.030888708053408286+0.6567746452329626j),(-0.1679192874439093+0.11862754412348778j)
"(4.0, -1.571428571428572)","(4.0, -1.571428571428572)",(-0.674158362352514+0.09260429687112592j),(0.21017872670904023-0.0829849925940721j),(-0.633200245771908+0.24695997850763934j),(-0.25113684328964625-0.07137068904244132j)
"(-0.2, -1.2857142857142865)","(-0.2, -1.2857142857142865)",(0.7664970533657849-0.06879538977074517j),(0.6956018651316714+0.07322849266629934j),(-0.03914905398696954+1.3756385301970477j),(0.11004424222108301-1.5176624126340923j)
"(-0.1575757575757576, -1.2857142857142865)","(-0.1575757575757576, -1.2857142857142865)",(1.3400331724568706-0.159452146630489j),(0.7080937156416057+0.04551183091051287j),(0.6959260271395229+1.3949353849433828j),(-0.06398657032425803-1.5998993624843847j)
"(-0.11515151515151516, -1.2857142857142865)","(-0.11515151515151516, -1.2857142857142865)",(1.6727804926791565-0.7783224637830547j),(0.7170197631760306+0.02441797768163624j),(1.167196059183331+0.8431140617288225j),(-0.21143532968020512-1.6458545031935135j)
"(0.1393939393939394, -1.2857142857142865)","(0.1393939393939394, -1.2857142857142865)",(1.2840872763830882-0.4529315887204042j),(0.715586742059653+0.056464631486695636j),(0.6330717394047577+1.1790193426361608j),(-0.06457120508132244-1.6884155628432607j)
"(0.18181818181818182, -1.2857142857142865)","(0.18181818181818182, -1.2857142857142865)",(0.7328541264972399-0.2271721773340869j),(0.7040546820514336+0.08779118051180904j),(-0.1064821513970272+1.3120879140765591j),(0.13528159584283347-1.627051271922455j)
"(0.22424242424242424, -1.2857142857142865)","(0.22424242424242424, -1.2857142857142865)",(0.39165868168749296-0.5334894380048179j),(0.6872034497509071+0.12515865666981665j),(-0.6509922932829395+0.8467603827601955j),(0.3554475252195254-1.50540847743483j)
"(0.26666666666666666, -1.2857142857142865)","(0.26666666666666666, -1.2857142857142865)",(0.5883018279722007-0.8303780436115815j),(0.663874478889204+0.1673879531248217j),(-0.6388962638625487+0.3129726660681507j),(0.5633236129455453-1.3107386628045539j)
"(0.30909090909090914, -1.2857142857142865)","(0.30909090909090914, -1.2857142857142865)",(0.9324209419807279-0.6685908737723825j),(0.6329149444141842+0.21289888462405882j),(-0.4176441465070996+0.16431769176217254j),(0.7171501440736433-1.0458074501586139j)
"(0.3515151515151515, -1.2857142857142865)","(0.3515151515151515, -1.2857142857142865)",(0.9216667749195472-0.2769687033696131j),(0.5933200803627943+0.2596729804693948j),(-0.44655139256599286+0.20026361069058451j),(0.7748980871227458-0.7369052945295924j)
"(0.393939393939394, -1.2857142857142865)","(0.393939393939394, -1.2857142857142865)",(0.6507028490627793-0.15273186531167854j),(0.5444072432320106+0.3052494958569335j),(-0.6031901102124412-0.02188598386329319j),(0.7094857160432099-0.43609537730531883j)
"(0.43636363636363634, -1.2857142857142865)","(0.43636363636363634, -1.2857142857142865)",(0.5966744253524918-0.2890720460384404j),(0.48601484944990675+0.34677309526937417j),(-0.4157741015582781-0.423297842217491j),(0.5264336774608631-0.21254729909032358j)
"(0.4787878787878788, -1.2857142857142865)","(0.4787878787878788, -1.2857142857142865)",(0.8171078566410552-0.20210661556351242j),(0.4187113998889763+0.3811121330121295j),(0.12270279939663359-0.45247329609727843j),(0.2756936573554453-0.13074545247836347j)
"(0.5212121212121212, -1.2857142857142865)","(0.5212121212121212, -1.2857142857142865)",(0.7844727352742727+0.2571994695888001j),(0.34399006627251005+0.40506375946122686j),(0.3929982799021121+0.07220185812642285j),(0.047484389099650574-0.22006614799884966j)
"(0.5636363636363637, -1.2857142857142865)","(0.5636363636363637, -1.2857142857142865)",(0.18015356536696134+0.5191349618401024j),(0.2644138113187332+0.41565482051924757j),(-0.030107576996889984+0.5518988525872194j),(-0.05415266895488189-0.4484187112663645j)
"(0.6060606060606062, -1.2857142857142865)","(0.6060606060606062, -1.2857142857142865)",(-0.4684912043120244+0.009207069414584268j),(0.1836666633262285+0.4105344945681195j),(-0.696493228247724+0.3158022204599785j),(0.04433536060947107-0.7171296456135138j)
"(0.6484848484848484, -1.2857142857142865)","(0.6484848484848484, -1.2857142857142865)",(-0.3153949436668127-0.9534569981119416j),(0.10646141961164687+0.3884352931410867j),(-0.7637952774242901-0.45263126060725567j),(0.3419389141458305-0.8892610306457727j)
"(0.6909090909090909, -1.2857142857142865)","(0.6909090909090909, -1.2857142857142865)",(0.7017297964642291-1.367404026120361j),(0.03825635442547882+0.34965417202291044j),(-0.08188939222115729-0.8695962990368851j),(0.7453628342599076-0.8474618991063865j)
"(0.7333333333333334, -1.2857142857142865)","(0.7333333333333334, -1.2857142857142865)",(1.655366001867614-0.7176742467919166j),(-0.01525260212941507+0.29647770211952895j),(0.5735108469484403-0.4574492433908763j),(1.0971077570485885-0.5567027055205692j)
"(0.7757575757575759, -1.2857142857142865)","(0.7757575757575759, -1.2857142857142865)",(1.6710741232873851+0.38118797152294875j),(-0.048868951894978155+0.23344959499587284j),(0.47422026247739124+0.24307965780691843j),(1.245722812704972-0.0953412812798425j)
"(0.8181818181818183, -1.2857142857142865)","(0.8181818181818183, -1.2857142857142865)",(0.9204009188966119+0.9151272206265211j),(-0.05882170323669304+0.16736294548182185j),(-0.14645451456748776+0.37529554293637385j),(1.1256771367007927+0.3724687322083253j)
"(0.8606060606060608, -1.2857142857142865)","(0.8606060606060608, -1.2857142857142865)",(0.3212631632710775+0.6404858231924004j),(-0.04378126373510256+0.10686281013268138j),(-0.43409138583791457-0.14466296574905088j),(0.7991358128440946+0.67828597880877j)
"(0.9030303030303031, -1.2857142857142865)","(0.9030303030303031, -1.2857142857142865)",(0.3926192122906157+0.2275040115467415j),(-0.00580084543607402+0.061576878863032265j),(-0.027959046843506252-0.5768295129238394j),(0.42637910457019595+0.7427566456075486j)
"(0.9454545454545455, -1.2857142857142865)","(0.9454545454545455, -1.2857142857142865)",(0.7511152333794635+0.3064061657449837j),(0.04903848019412481+0.04076010780635603j),(0.5287146531124256-0.35663688624810225j),(0.17336210007291306+0.6222829441867299j)
"(0.987878787878788, -1.2857142857142865)","(0.987878787878788, -1.2857142857142865)",(0.7818395595058362+0.7407412234300752j),(0.11053141469622561+0.05154395779795446j),(0.5616895326781036+0.2168583613297258j),(0.10961861213150696+0.4723389043023949j)
"(1.0303030303030305, -1.2857142857142865)","(1.0303030303030305, -1.2857142857142865)",(0.4505323541012908+1.003201043014774j),(0.16503408457789912+0.09701258042374197j),(0.12100231589647666+0.4628178749568107j),(0.164495953626915+0.44337058763422127j)
"(1.0727272727272728, -1.2857142857142865)","(1.0727272727272728, -1.2857142857142865)",(0.17883564786723133+0.9731103878769902j),(0.1970767822821424+0.1744637510514239j),(-0.19570134022466174+0.22358053835046351j),(0.17746020580975067+0.5750660984751028j)
"(1.1151515151515152, -1.2857142857142865)","(1.1151515151515152, -1.2857142857142865)",(0.11066881681055349+1.0005650170301925j),(0.1918821502349909+0.27431486000771527j),(-0.09601310259938353-0.037532699598697976j),(0.014799769174946128+0.7637828566211753j)
"(1.1575757575757577, -1.2857142857142865)","(1.1575757575757577, -1.2857142857142865)",(-0.0931257653909891+1.2461910400208571j),(0.13853237796350934+0.38013817143501677j),(0.0948405612558966+0.0335278937149293j),(-0.32649870461039504+0.832524974870911j)
"(1.2000000000000002, -1.2857142857142865)","(1.2000000000000002, -1.2857142857142865)",(-0.6649445927753238+1.353177957796277j),(0.0332633400272669+0.4702106963691225j),(0.007113363259798014+0.22343883204020798j),(-0.7053212960623887+0.6595284293869464j)
"(1.2424242424242427, -1.2857142857142865)","(1.2424242424242427, -1.2857142857142865)",(-1.2780999288561103+0.9559185553612637j),(-0.11786721780199487+0.5207157118302421j),(-0.230397357664616+0.16216567421067937j),(-0.9298353533894995+0.27303716932034217j)
"(1.284848484848485, -1.2857142857142865)","(1.284848484848485, -1.2857142857142865)",(-1.440540696040616+0.2550257507119825j),(-0.2978001284258216+0.5103443838800752j),(-0.24960536774627973-0.09320529100203405j),(-0.8931351998685146-0.1621133421660586j)
"(1.3272727272727274, -1.2857142857142865)","(1.3272727272727274, -1.2857142857142865)",(-1.1672109421623187-0.21755396889408773j),(-0.4795485779413303+0.4255772695724779j),(-0.03960817357869997-0.18183082333429385j),(-0.6480541906422884-0.46130041513227177j)
"(1.3696969696969699, -1.2857142857142865)","(1.3696969696969699, -1.2857142857142865)",(-0.9355254905411823-0.31764531619029346j),(-0.629927648494926+0.26549155976639294j),(0.053840342587993105-0.03127825943229391j),(-0.3594381846342493-0.5518586165243925j)
"(1.4121212121212123, -1.2857142857142865)","(1.4121212121212123, -1.2857142857142865)",(-0.9795324098429231-0.44046109761812613j),(-0.7157246555037903+0.04469504485752723j),(-0.09454770425276282+0.027812428068115385j),(-0.16926005008637002-0.5129685705437688j)
"(1.4545454545454546, -1.2857142857142865)","(1.4545454545454546, -1.2857142857142865)",(-0.9579291459960427-0.880441773910804j),(-0.7113248390754715-0.20691293214793866j),(-0.16033663441467758-0.18524921041607373j),(-0.08626767250589364-0.48827963134679164j)
"(1.496969696969697, -1.2857142857142865)","(1.496969696969697, -1.2857142857142865)",(-0.4880791995765458-1.343994512530763j),(-0.6060828454571745-0.44831171201115516j),(0.11504187702984323-0.3504626881358988j),(0.0029617688507854976-0.5452201123837089j)
"(1.5393939393939395, -1.2857142857142865)","(1.5393939393939395, -1.2857142857142865)",(0.24062953642583482-1.343047254151501j),(-0.4093164539562419-0.6352567535754999j),(0.44141481367717406-0.10034482952406328j),(0.20853117670490265-0.6074456710519379j)
"(1.581818181818182, -1.2857142857142865)","(1.581818181818182, -1.2857142857142865)",(0.6894348863052713-0.8967292105932259j),(-0.1509489169656931-0.7305021745304616j),(0.3295319216880899+0.36045146751529006j),(0.5108518815828744-0.5266785035780542j)
"(1.6242424242424245, -1.2857142857142865)","(1.6242424242424245, -1.2857142857142865)",(0.7112404222545539-0.4985685255856518j),(0.12332029654060958-0.7138553705033912j),(-0.16686492643868844+0.4473020454902514j),(0.7547850521526327-0.232015200572512j)
"(1.6666666666666667, -1.2857142857142865)","(1.6666666666666667, -1.2857142857142865)",(0.7072295378591231-0.3873209216536173j),(0.36195614867737985-0.589015327620551j),(-0.43147235206866974+0.01807744731111073j),(0.776745741250413+0.18361695865582292j)
"(1.7090909090909092, -1.2857142857142865)","(1.7090909090909092, -1.2857142857142865)",(0.949401646007358-0.21566960528914614j),(0.5205186622546617-0.3844995684595511j),(-0.11951312892892897-0.3574704073143826j),(0.5483961126816252+0.5263003704847876j)
"(1.7515151515151517, -1.2857142857142865)","(1.7515151515151517, -1.2857142857142865)",(1.0873934023588525+0.35068707209092753j),(0.5739952472212051-0.14736949964293686j),(0.3134942634568027-0.15869877088199524j),(0.19990389168084455+0.6567553426158597j)
"(1.7939393939393942, -1.2857142857142865)","(1.7939393939393942, -1.2857142857142865)",(0.6398792158965161+0.9794310639244002j),(0.5244204753125337+0.06931141289803204j),(0.21353233201472588+0.3202329496804164j),(-0.09807359143074341+0.5898867013459517j)
"(1.8363636363636366, -1.2857142857142865)","(1.8363636363636366, -1.2857142857142865)",(-0.19340729586212957+1.0050256766238856j),(0.4005516891435008+0.2219475932269946j),(-0.3199272743346205+0.33713710674155484j),(-0.2740317106710099+0.44594097665533616j)
"(1.8787878787878791, -1.2857142857142865)","(1.8787878787878791, -1.2857142857142865)",(-0.6365555264812959+0.3702217043852325j),(0.24868511574893562+0.2897960479272223j),(-0.5065590740739194-0.23288838935261472j),(-0.378681568156312+0.31331404581062494j)
"(1.9212121212121216, -1.2857142857142865)","(1.9212121212121216, -1.2857142857142865)",(-0.33529798657412474-0.18467878499632595j),(0.11687252449146265+0.28117735299020286j),(0.027570050250319583-0.637759185062275j),(-0.479740561315907+0.17190304707574622j)
"(1.9636363636363636, -1.2857142857142865)","(1.9636363636363636, -1.2857142857142865)",(0.13040005317892167-0.06721624175100079j),(0.037725079497750086+0.2293743946559225j),(0.6469114126884269-0.250871020497611j),(-0.5542364390072553-0.04571961590931227j)
"(2.006060606060606, -1.2857142857142865)","(2.006060606060606, -1.2857142857142865)",(0.023472394984958123+0.3531682573228873j),(0.01636783378243897+0.17870801994213192j),(0.5090641576324207+0.5074253054468825j),(-0.5019595964299016-0.3329650680661271j)
"(2.0484848484848484, -1.2857142857142865)","(2.0484848484848484, -1.2857142857142865)",(-0.498606985438062+0.2573911595894073j),(0.028984899242081655+0.16539578050146297j),(-0.26356499215909746+0.6635211578221618j),(-0.26402689252104616-0.5715257787342175j)
"(2.090909090909091, -1.2857142857142865)","(2.090909090909091, -1.2857142857142865)",(-0.5625655771162317-0.42160285908562634j),(0.03371794915064853+0.20069422564634107j),(-0.6853077454348718+0.0020880327335642823j),(0.08902421916799166-0.6243851174655317j)
"(2.1333333333333333, -1.2857142857142865)","(2.1333333333333333, -1.2857142857142865)",(0.17075491131854392-0.7993088247570999j),(-0.009435692418518835+0.2639327499167501j),(-0.21898159601383038-0.6047391877609138j),(0.39917219975089313-0.45850238691293604j)
"(2.175757575757576, -1.2857142857142865)","(2.175757575757576, -1.2857142857142865)",(0.9078259503435776-0.21906612637345765j),(-0.11758079079879621+0.30974740291243585j),(0.48018703006587055-0.3620681682055536j),(0.5452197110765032-0.1667453610803399j)
"(2.2181818181818183, -1.2857142857142865)","(2.2181818181818183, -1.2857142857142865)",(0.6946827426644661+0.7674776994982792j),(-0.2722560599629548+0.28798388235943256j),(0.45085474851727064+0.35698175647283503j),(0.5160840541101502+0.12251206066601164j)
"(2.2606060606060607, -1.2857142857142865)","(2.2606060606060607, -1.2857142857142865)",(-0.29464106221858444+1.0273336965672069j),(-0.42215264187357454+0.16864791787562686j),(-0.2436519146469595+0.5211472782853721j),(0.3711634943019496+0.3375385004062079j)
"(2.303030303030303, -1.2857142857142865)","(2.303030303030303, -1.2857142857142865)",(-0.9338696356677959+0.3077854466526288j),(-0.5020014371643684-0.03917378148609012j),(-0.5920081652812357-0.11706361007602287j),(0.16013996677780815+0.4640228382147418j)
"(2.3454545454545452, -1.2857142857142865)","(2.3454545454545452, -1.2857142857142865)",(-0.6060549940305591-0.44729095686907405j),(-0.46084614277073904-0.2841695649410178j),(-0.05151940133104527-0.6493132021360944j),(-0.09368944992877487+0.48619181020803814j)
"(2.3878787878787877, -1.2857142857142865)","(2.3878787878787877, -1.2857142857142865)",(0.02264384890426302-0.3878859449963004j),(-0.28753471973158934-0.4889293381889142j),(0.6538071676583931-0.2685569943271667j),(-0.3436285990225407+0.36960038751978047j)
"(2.43030303030303, -1.2857142857142865)","(2.43030303030303, -1.2857142857142865)",(-0.011145016894396509+0.10250972858878946j),(-0.021093669581741893-0.5800059380162956j),(0.5057258537317162+0.5660179268771498j),(-0.4957772010443708+0.11649773972793528j)
"(2.4727272727272727, -1.2857142857142865)","(2.4727272727272727, -1.2857142857142865)",(-0.5787096214830498+0.003335529539543969j),(0.26044784149199124-0.5192504490056361j),(-0.3718958226121465+0.7087606740531107j),(-0.4672616403628946-0.18617469550793064j)
"(2.515151515151515, -1.2857142857142865)","(2.515151515151515, -1.2857142857142865)",(-0.6172270012010486-0.8229367789741762j),(0.4694221500075958-0.32188156925154743j),(-0.8210631613092441-0.0948137347748642j),(-0.2655859898994003-0.4062414749477645j)
"(2.5575757575757576, -1.2857142857142865)","(2.5575757575757576, -1.2857142857142865)",(0.3420931347227794-1.3215507963035598j),(0.5435828272420788-0.05196955617445345j),(-0.21134600321193506-0.8085153705890884j),(0.009856310692635643-0.46106586954001805j)
"(2.6, -1.2857142857142865)","(2.6, -1.2857142857142865)",(1.3920290615089934-0.6413404380819934j),(0.4707273456526928+0.20357198325657655j),(0.6730609962917783-0.4829639926141083j),(0.24824071956452212-0.36194842872446165j)
"(2.6424242424242426, -1.2857142857142865)","(2.6424242424242426, -1.2857142857142865)",(1.3540646383924206+0.6521407694356075j),(0.29107529066108495+0.37073520902712787j),(0.6701123432965357+0.4497728338308619j),(0.39287700443479995-0.16836727342238234j)
"(2.684848484848485, -1.2857142857142865)","(2.684848484848485, -1.2857142857142865)",(0.3110318987990014+1.2400433407245728j),(0.07629985646946852+0.4169022088010422j),(-0.19070102925311813+0.7517052555082039j),(0.42543307158265103+0.07143587641532675j)
"(2.727272727272727, -1.2857142857142865)","(2.727272727272727, -1.2857142857142865)",(-0.5188924038473558+0.7254746477666443j),(-0.10407468963852502+0.3584611242879199j),(-0.7368378983484777+0.05555451786975608j),(0.32202018413964695+0.3114590056089684j)
"(2.7696969696969695, -1.2857142857142865)","(2.7696969696969695, -1.2857142857142865)",(-0.3974576646255661+0.054068018027832676j),(-0.2116547918755909+0.24473327990653454j),(-0.25900034287017265-0.653881450945736j),(0.07319747012019748+0.46321618906703416j)
"(2.812121212121212, -1.2857142857142865)","(2.812121212121212, -1.2857142857142865)",(0.04062222608045801+0.13428801241171995j),(-0.24894830576709226+0.12799038223918136j),(0.5341593813598892-0.41242695410581987j),(-0.2445888495123389+0.41872458427835846j)
"(2.8545454545454545, -1.2857142857142865)","(2.8545454545454545, -1.2857142857142865)",(-0.18419256874447004+0.5922914700995834j),(-0.24615328610877305+0.03673633106925093j),(0.5247018548798269+0.39839140131616807j),(-0.46274113751552387+0.15716373771416442j)
"(2.896969696969697, -1.2857142857142865)","(2.896969696969697, -1.2857142857142865)",(-0.9241623536067904+0.3882856339459869j),(-0.23430316809802398-0.03285281830749154j),(-0.2515971649321894+0.6081391978493588j),(-0.43826202057657704-0.18700074559588034j)
"(2.9393939393939394, -1.2857142857142865)","(2.9393939393939394, -1.2857142857142865)",(-1.0778453236794725-0.5972089019022906j),(-0.22192773875572258-0.10343830641131253j),(-0.6668586195664603-0.08750877903242094j),(-0.18905896535728958-0.40626181645855713j)
"(2.981818181818182, -1.2857142857142865)","(2.981818181818182, -1.2857142857142865)",(-0.17841450815494916-1.2733634631624982j),(-0.19006943220856914-0.19058734271500916j),(-0.10091217891041589-0.691683310360696j),(0.11256710296403585-0.391092810086793j)
"(3.0242424242424244, -1.2857142857142865)","(3.0242424242424244, -1.2857142857142865)",(0.8494483367729394-0.7996499442931224j),(-0.1090466357567223-0.28194847939938855j),(0.6635174336934215-0.31064216905043257j),(0.2949775388362402-0.20705929584330127j)
"(3.066666666666667, -1.2857142857142865)","(3.066666666666667, -1.2857142857142865)",(0.8760998959417264+0.22954454184274237j),(0.03358533613602058-0.3363662441588095j),(0.52282863016045+0.563124481555931j),(0.3196859296452559+0.002786304445620877j)
"(3.109090909090909, -1.2857142857142865)","(3.109090909090909, -1.2857142857142865)",(0.08049157005032773+0.5611285726514887j),(0.2123588023524254-0.3056021227289034j),(-0.38253565913238946+0.7048028793604427j),(0.2506684268302918+0.1619278160199495j)
"(3.1515151515151514, -1.2857142857142865)","(3.1515151515151514, -1.2857142857142865)",(-0.3238874212687274-0.023554145123513226j),(0.3657029774922415-0.16680390308843235j),(-0.8190413321352248-0.1328995638245301j),(0.1294509333742559+0.27614932178944923j)
"(3.193939393939394, -1.2857142857142865)","(3.193939393939394, -1.2857142857142865)",(0.20810356290680976-0.4515539299201737j),(0.4224012452135788+0.05413652378165848j),(-0.15465373625006587-0.8353623878523277j),(-0.0596439460567032+0.3296719341504956j)
"(3.2363636363636363, -1.2857142857142865)","(3.2363636363636363, -1.2857142857142865)",(0.7926273547384801+0.08941877957163952j),(0.3396039431999741+0.28440726794872945j),(0.7415093537929456-0.43556725707031496j),(-0.28848594225443963+0.24057876869322503j)
"(3.278787878787879, -1.2857142857142865)","(3.278787878787879, -1.2857142857142865)",(0.3808540545120955+0.9538860005520042j),(0.13102999094667875+0.4334934155767259j),(0.6633474675958952+0.5481363314635286j),(-0.41352340403047855-0.02774374648825017j)
"(3.3212121212121213, -1.2857142857142865)","(3.3212121212121213, -1.2857142857142865)",(-0.7027613329036976+0.8979700043051557j),(-0.1319881966879713+0.43595359150807766j),(-0.28653795150241446+0.801788041042289j),(-0.28423518471331183-0.3397716282452108j)
"(3.3636363636363638, -1.2857142857142865)","(3.3636363636363638, -1.2857142857142865)",(-1.1198706517281256-0.16693922537962558j),(-0.3495266612303805+0.28513843649906j),(-0.833728424305481-0.00021043337264561174j),(0.06338443380773581-0.45186722850604j)
"(3.4060606060606062, -1.2857142857142865)","(3.4060606060606062, -1.2857142857142865)",(-0.3263654255184135-0.9719423563928608j),(-0.4383099145872388+0.03910840587052127j),(-0.26656872460502146-0.763692877472576j),(0.3785132136738467-0.247357884790806j)
"(3.4484848484848487, -1.2857142857142865)","(3.4484848484848487, -1.2857142857142865)",(0.6580499246499791-0.5655153451226661j),(-0.36985852580759365-0.20533767971805608j),(0.6141082426668125-0.4792041734127911j),(0.41380020779076027+0.11902650800818104j)
"(3.4909090909090907, -1.2857142857142865)","(3.4909090909090907, -1.2857142857142865)",(0.6036477965894627+0.416173575443879j),(-0.1816435830778764-0.35731967643119045j),(0.6190738170626209+0.41701939354033757j),(0.16621756260471823+0.3564738583347319j)
"(3.533333333333333, -1.2857142857142865)","(3.533333333333333, -1.2857142857142865)",(-0.29412978795913913+0.6292873592293116j),(0.04408374060184303-0.37186697973926763j),(-0.204530043685932+0.6842058554020052j),(-0.13368348487505016+0.31694848356657396j)
"(3.5757575757575757, -1.2857142857142865)","(3.5757575757575757, -1.2857142857142865)",(-0.731406298697832-0.15961418521323345j),(0.2215056405612018-0.26475861770159165j),(-0.684976784216971-0.0012331744146166501j),(-0.26793515504206294+0.10637760690297482j)
"(3.618181818181818, -1.2857142857142865)","(3.618181818181818, -1.2857142857142865)",(-0.10147434665586039-0.8111045057258225j),(0.299591223305183-0.09615364057739065j),(-0.1792065260340268-0.6370801663330019j),(-0.2218590439270166-0.07787069881542998j)
"(3.6606060606060606, -1.2857142857142865)","(3.6606060606060606, -1.2857142857142865)",(0.7145908839745507-0.42747299719841775j),(0.27734750707205774+0.06526491100335444j),(0.5546582026402191-0.33287906278810575j),(-0.11741482573772605-0.1598588454136664j)
"(3.703030303030303, -1.2857142857142865)","(3.703030303030303, -1.2857142857142865)",(0.6303920546417817+0.4295180894288982j),(0.19035569114977244+0.17530716358705184j),(0.4610986918762834+0.4460470306398591j),(-0.02106232838427409-0.19183610479801277j)
"(3.7454545454545456, -1.2857142857142865)","(3.7454545454545456, -1.2857142857142865)",(-0.13068252897671934+0.5954835041547921j),(0.0808812242672281+0.22545920245994142j),(-0.3133388074198496+0.5648007694375359j),(0.10177505417590216-0.19477646774268514j)
"(3.787878787878788, -1.2857142857142865)","(3.787878787878788, -1.2857142857142865)",(-0.4208398231626722-0.021568007583218973j),(-0.026408526770198986+0.22889193043220213j),(-0.6402836109634504-0.1554293835123846j),(0.24585231457097723-0.09503055450303649j)
"(3.83030303030303, -1.2857142857142865)","(3.83030303030303, -1.2857142857142865)",(0.12569976777411065-0.34720904672251235j),(-0.12655482324222553+0.19597166359061036j),(-0.027042746773003123-0.677983120559333j),(0.2792973377893393+0.13480241024621026j)
"(3.872727272727273, -1.2857142857142865)","(3.872727272727273, -1.2857142857142865)",(0.5334227499652158+0.23520920164998518j),(-0.2155735616054758+0.12156571482974476j),(0.6647121524192555-0.2270494406408212j),(0.08428415915143607+0.3406929274610616j)
"(3.915151515151515, -1.2857142857142865)","(3.915151515151515, -1.2857142857142865)",(-0.07907256335595583+0.883749593963907j),(-0.2701880273348031-0.003180169122845293j),(0.42878209211204543+0.5884909054899381j),(-0.23766662813319814+0.2984388575968141j)
"(3.957575757575758, -1.2857142857142865)","(3.957575757575758, -1.2857142857142865)",(-1.0922908653584391+0.4294440697591704j),(-0.24903813035353722-0.16337330394108965j),(-0.4441805938108459+0.6086017249441514j),(-0.399072141194056-0.01578435124389141j)
"(4.0, -1.2857142857142865)","(4.0, -1.2857142857142865)",(-1.082376399630488-0.8790148321211277j),(-0.12227936411771684-0.30335537995926154j),(-0.7392220487930952-0.23787801057933677j),(-0.22087498671967604-0.3377814415825295j)
"(-0.2, -1.0)","(-0.2, -1.0)",(-0.3008794611815082+0.5662848279782223j),(-0.4031748410753498-0.5925711508727975j),(-1.0106950745839323+0.18287898646232278j),(1.1129904544777738+0.9759769923886971j)
"(-0.1575757575757576, -1.0)","(-0.1575757575757576, -1.0)",(0.2909606524921158+0.894626109145503j),(-0.43563537068386354-0.58395258250622j),(-0.511639207036414+0.5810511468941919j),(1.2382352302123933+0.897527544757531j)
"(-0.11515151515151516, -1.0)","(-0.11515151515151516, -1.0)",(0.7588470198950497+0.6000163715288591j),(-0.45994972851991256-0.5768177678318357j),(-0.11074484917280342+0.35083082053219616j),(1.3295415975877656+0.8260033188284986j)
"(0.1393939393939394, -1.0)","(0.1393939393939394, -1.0)",(0.6763315669365301+0.6976561419065974j),(-0.43123682207674235-0.5987309823941946j),(-0.17826385993949717+0.3643348687055367j),(1.2858322489527696+0.9320522555952553j)
"(0.18181818181818182, -1.0)","(0.18181818181818182, -1.0)",(0.0930675128824634+0.6690650059586303j),(-0.3961129283559406-0.6108047543738439j),(-0.675767465886902+0.24889828449639434j),(1.164947907125306+1.0309714758360797j)
"(0.22424242424242424, -1.0)","(0.22424242424242424, -1.0)",(-0.14003914527090555+0.09420434796847088j),(-0.3520449001396799-0.6222419812578139j),(-0.7878457574844616-0.41035244655981395j),(0.9998515123532359+1.1267987757860989j)
"(0.26666666666666666, -1.0)","(0.26666666666666666, -1.0)",(0.2806346104730022-0.32115557738272815j),(-0.29930762838506203-0.6310482852898535j),(-0.21117215419154245-0.8896138792668977j),(0.7911143930496067+1.199506587174023j)
"(0.30909090909090914, -1.0)","(0.30909090909090914, -1.0)",(0.7714330171997783-0.07201613915573746j),(-0.23859730759788705-0.634945427718514j),(0.4624481049033977-0.6638561462791343j),(0.5475822198942677+1.2267854348419107j)
"(0.3515151515151515, -1.0)","(0.3515151515151515, -1.0)",(0.6854954455739901+0.44576033933705317j),(-0.17118369807015518-0.6314966488193077j),(0.5675993462122507-0.11121436467561044j),(0.28907979743189455+1.1884713528319713j)
"(0.393939393939394, -1.0)","(0.393939393939394, -1.0)",(0.20718072048449418+0.5182335903232187j),(-0.09904842359888827-0.6182960476864976j),(0.25949593366633406+0.06340157885014656j),(0.046733210417048386+1.0731280591595698j)
"(0.43636363636363634, -1.0)","(0.43636363636363634, -1.0)",(0.0525293628280217+0.12864417221200786j),(-0.024980925581469342-0.5932287596986603j),(0.2183625353792099-0.1636457580037645j),(-0.14085224696971888+0.8855186899144326j)
"(0.4787878787878788, -1.0)","(0.4787878787878788, -1.0)",(0.4166018320240011-0.04417860314058197j),(0.04740367102603009-0.5547986117721388j),(0.605805859284562-0.141650725488124j),(-0.23660769828659095+0.6522707341196808j)
"(0.5212121212121212, -1.0)","(0.5212121212121212, -1.0)",(0.6824361058199703+0.36125434688190927j),(0.11376503257716913-0.5025045879918065j),(0.7870553413500027+0.44175144500962993j),(-0.2183842681072016+0.42200748986408587j)
"(0.5636363636363637, -1.0)","(0.5636363636363637, -1.0)",(0.3229973383338956+0.8226566877815065j),(0.16929532707273534-0.43722715898942405j),(0.24676799438766087+1.0033198810971287j),(-0.0930659831265006+0.2565639656738019j)
"(0.6060606060606062, -1.0)","(0.6060606060606062, -1.0)",(-0.2848446466992071+0.6541871216321509j),(0.20916238318413782-0.3615621893841714j),(-0.5889206744263678+0.8032820384555227j),(0.09491364454302281+0.2124672725607995j)
"(0.6484848484848484, -1.0)","(0.6484848484848484, -1.0)",(-0.325044218050389+0.02272023431680875j),(0.22914331176199765-0.2800176911456732j),(-0.8219059608062301-0.013870030850858483j),(0.26771843099384346+0.31660795631334043j)
"(0.6909090909090909, -1.0)","(0.6909090909090909, -1.0)",(0.313601753626672-0.1898570299656528j),(0.22641610687405786-0.19897344065874037j),(-0.24778677197364682-0.5362561044755869j),(0.33497241872626093+0.5453725151686745j)
"(0.7333333333333334, -1.0)","(0.7333333333333334, -1.0)",(0.7969204233840194+0.45391456008853154j),(0.20042611262298388-0.12630376362868925j),(0.3682997722599639-0.23911747011249088j),(0.2281945385010716+0.8193357938297117j)
"(0.7757575757575759, -1.0)","(0.7757575757575759, -1.0)",(0.376562190710359+1.3245885487589746j),(0.15368621919784015-0.07058875812399626j),(0.28633898112297895+0.3726108364742556j),(-0.06346300961046006+1.0225664704087152j)
"(0.8181818181818183, -1.0)","(0.8181818181818183, -1.0)",(-0.6720337995964848+1.4822345949984133j),(0.09231578342184996-0.039896432088896885j),(-0.2898531051018109+0.476669525541161j),(-0.47449647791652383+1.045461501546149j)
"(0.8606060606060608, -1.0)","(0.8606060606060608, -1.0)",(-1.4265963665084684+0.793532168300525j),(0.026090963127255805-0.04021015310654742j),(-0.5756404060138335-0.00221711275806352j),(-0.8770469236218909+0.835959434165136j)
"(0.9030303030303031, -1.0)","(0.9030303030303031, -1.0)",(-1.4417920881881312-0.04258757741784852j),(-0.03221030205272272-0.07369573621640796j),(-0.2799052951711296-0.4025147436435005j),(-1.129676490964279+0.4336229024420599j)
"(0.9454545454545455, -1.0)","(0.9454545454545455, -1.0)",(-1.110921706822215-0.47405434714183686j),(-0.06831158226181037-0.13713098521269293j),(0.10025303549354148-0.2999951212278698j),(-1.142863160053946-0.036928240701274165j)
"(0.987878787878788, -1.0)","(0.987878787878788, -1.0)",(-0.911691937302989-0.6720844286153449j),(-0.0687831712456725-0.22092413308545428j),(0.0848321734172981-0.03228563995477593j),(-0.9277409394746147-0.4188746555751147j)
"(1.0303030303030305, -1.0)","(1.0303030303030305, -1.0)",(-0.7307494172501039-0.9996979908926081j),(-0.024003674379503587-0.30918214317929316j),(-0.11047036347058854-0.08969936627568495j),(-0.5962753794000117-0.60081648143763j)
"(1.0727272727272728, -1.0)","(1.0727272727272728, -1.0)",(-0.2223492200274928-1.2987460867201435j),(0.06874511532092863-0.3812093483782818j),(0.01319522564646881-0.34051088139763436j),(-0.30428956099489024-0.5770258569442273j)
"(1.1151515151515152, -1.0)","(1.1151515151515152, -1.0)",(0.44154755584953276-1.117853641684124j),(0.20276756102600424-0.41458941223868j),(0.4024754523097849-0.25261446582761576j),(-0.16369545748625633-0.4506497636178283j)
"(1.1575757575757577, -1.0)","(1.1575757575757577, -1.0)",(0.6635892166767241-0.5263893130943081j),(0.36087075696538373-0.38963044737928804j),(0.47805046359243064+0.23347658094013826j),(-0.17533200388109021-0.3702354466551584j)
"(1.2000000000000002, -1.0)","(1.2000000000000002, -1.0)",(0.30507906100816085-0.21061270989364356j),(0.5164761221613375-0.2944868871105149j),(0.017149661927277446+0.5167998722724938j),(-0.22854672308045412-0.43292569505562245j)
"(1.2424242424242427, -1.0)","(1.2424242424242427, -1.0)",(0.040401027833364744-0.5649643984231194j),(0.637351289936568-0.12982383657112448j),(-0.42189183215824466+0.1802194284376017j),(-0.17505842994495857-0.6153599902895966j)
"(1.284848484848485, -1.0)","(1.284848484848485, -1.0)",(0.5225174923859068-1.0330091088476618j),(0.6917749839566981+0.0883813323162835j),(-0.23514897851850314-0.3390511837893496j),(0.06589148694771182-0.7823392573745956j)
"(1.3272727272727274, -1.0)","(1.3272727272727274, -1.0)",(1.4273680773584179-0.7372321951746135j),(0.6561592489312607+0.3292313573366804j),(0.32976544304822225-0.29188044387118695j),(0.441443385378935-0.7745831086401069j)
"(1.3696969696969699, -1.0)","(1.3696969696969699, -1.0)",(1.7511200123076152+0.3448457270136349j),(0.5223914493112469+0.5512914050371406j),(0.4404664977768501+0.3139626814047727j),(0.7882620652195181-0.5204083594282783j)
"(1.4121212121212123, -1.0)","(1.4121212121212123, -1.0)",(1.0691870895642552+1.257552384074059j),(0.30270342582332643+0.7107675060649513j),(-0.168824983163244+0.640084313958633j),(0.9353086469041728-0.09329943594952514j)
"(1.4545454545454546, -1.0)","(1.4545454545454546, -1.0)",(0.0972883662246724+1.2367636241063533j),(0.030008665848478895+0.7720265402237712j),(-0.7499465758338774+0.1350239927655857j),(0.8172262762100708+0.3297130911169965j)
"(1.496969696969697, -1.0)","(1.496969696969697, -1.0)",(-0.22388963611200996+0.6459499535266371j),(-0.2474625452339181+0.7178355746608737j),(-0.4926127714393626-0.6553161074637267j),(0.5161856805612708+0.5834304863294901j)
"(1.5393939393939395, -1.0)","(1.5393939393939395, -1.0)",(0.08679607920529611+0.43272766043467925j),(-0.4768217795946629+0.5560941787714425j),(0.36470357685312244-0.7441125707205737j),(0.19891428194683655+0.6207460523838104j)
"(1.581818181818182, -1.0)","(1.581818181818182, -1.0)",(0.17270021295355298+0.8497614458167435j),(-0.614168821343943+0.3202140163649197j),(0.7922700676690682+3.799007611814814e-05j),(-0.005401033371572158+0.5295094393757056j)
"(1.6242424242424245, -1.0)","(1.6242424242424245, -1.0)",(-0.43277708513606133+1.1669016158264451j),(-0.6373373493374104+0.06183668347405035j),(0.2966143431167865+0.658641388419956j),(-0.09205407891543747+0.44642354393243866j)
"(1.6666666666666667, -1.0)","(1.6666666666666667, -1.0)",(-1.1624799654209919+0.7285833984917081j),(-0.5533112209630587-0.162977907291504j),(-0.44634953152935475+0.4546950760958762j),(-0.16281921292857832+0.43686622968733574j)
"(1.7090909090909092, -1.0)","(1.7090909090909092, -1.0)",(-1.2124203834177547-0.12460792686553701j),(-0.39691254219205097-0.31033457182690755j),(-0.49826607971541736-0.2548075003223755j),(-0.3172417615102864+0.440534145283746j)
"(1.7515151515151517, -1.0)","(1.7515151515151517, -1.0)",(-0.6471944603584587-0.529529499888676j),(-0.2199832503589529-0.36232222667679476j),(0.1179130210656871-0.49858562222645253j),(-0.5451242310651929+0.3313783490145713j)
"(1.7939393939393942, -1.0)","(1.7939393939393942, -1.0)",(-0.2838102524187446-0.28451197460829997j),(-0.07381968853887011-0.33258639860829886j),(0.5058135844087267+0.004566692959099762j),(-0.7158041482886012+0.043507731040899104j)
"(1.8363636363636366, -1.0)","(1.8363636363636366, -1.0)",(-0.5377747117156256-0.09339908070252062j),(0.009210434332877866-0.2605056500012628j),(0.13282497390413206+0.5134618705503653j),(-0.6798101199526355-0.3463553012516231j)
"(1.8787878787878791, -1.0)","(1.8787878787878791, -1.0)",(-0.8457843097183574-0.5450655379482887j),(0.02762191293357522-0.19498066404824882j),(-0.4743481174092108+0.30701189032464327j),(-0.39905810524272184-0.6570967642246832j)
"(1.9212121212121216, -1.0)","(1.9212121212121216, -1.0)",(-0.4601080407444966-1.2557056238715087j),(0.01065719218318549-0.17339665671211915j),(-0.479396109459758-0.3468920065901978j),(0.008630876532075882-0.7354169605691918j)
"(1.9636363636363636, -1.0)","(1.9636363636363636, -1.0)",(0.49176309443387084-1.3585225021155312j),(0.0047367915140585585-0.2042738102408416j),(0.1339137202286321-0.5846648954004205j),(0.3531125826911802-0.5695837964742689j)
"(2.006060606060606, -1.0)","(2.006060606060606, -1.0)",(1.1368873894968687-0.6593543808328123j),(0.05101936245743975-0.2617500596660899j),(0.5741059756964216-0.11192494818793289j),(0.5117620513430075-0.28567937297878954j)
"(2.0484848484848484, -1.0)","(2.0484848484848484, -1.0)",(0.9811319613008723+0.11792617570211007j),(0.16330748880167897-0.2958245624519366j),(0.31576973455837204+0.446874100193143j),(0.5020547379408213-0.03312336203909631j)
"(2.090909090909091, -1.0)","(2.090909090909091, -1.0)",(0.492400227206845+0.29674478163081536j),(0.31671149587763425-0.2554919406741193j),(-0.2510637985299154+0.4204027423486016j),(0.42675252985912615+0.13183397995633306j)
"(2.1333333333333333, -1.0)","(2.1333333333333333, -1.0)",(0.39377268325466264+0.08412427937691652j),(0.4538449477179644-0.11535607650342763j),(-0.41341501113626833-0.05746105859662422j),(0.35334274667296656+0.2569414144769684j)
"(2.175757575757576, -1.0)","(2.175757575757576, -1.0)",(0.6833368865892073+0.17633447095547333j),(0.507803038573198+0.10666937622287563j),(-0.07593969806441403-0.32817317384279826j),(0.25147354608042344+0.39783826857539595j)
"(2.2181818181818183, -1.0)","(2.2181818181818183, -1.0)",(0.7050177283203048+0.7437426387556683j),(0.43288978045201776+0.3502674180082626j),(0.2217032777480418-0.12847021836808642j),(0.05042467012024537+0.5219454391154921j)
"(2.2606060606060607, -1.0)","(2.2606060606060607, -1.0)",(0.10126653204360217+1.197103336056851j),(0.22911742742748442+0.5339945647306731j),(0.11942672632943392+0.14433268149639256j),(-0.24727762171331616+0.5187760898297853j)
"(2.303030303030303, -1.0)","(2.303030303030303, -1.0)",(-0.6909530825035669+0.9912252618474084j),(-0.052035323710442116+0.5888255418126358j),(-0.11758027239811357+0.09101746476973376j),(-0.5213374863950112+0.3113822552650389j)
"(2.3454545454545452, -1.0)","(2.3454545454545452, -1.0)",(-1.0225391121808904+0.3140736294662051j),(-0.3251077901925991+0.48893437229078357j),(-0.08327421051557411-0.12973653346690772j),(-0.6141571114727171-0.04512420935767075j)
"(2.3878787878787877, -1.0)","(2.3878787878787877, -1.0)",(-0.8186321262269911-0.23268970162069502j),(-0.5046977778137564+0.2647204530053181j),(0.14824101986408839-0.11442108034873215j),(-0.4621753682773231-0.38298907427728096j)
"(2.43030303030303, -1.0)","(2.43030303030303, -1.0)",(-0.5152013389841533-0.4139027810013801j),(-0.5405886341496051-0.009108098856293297j),(0.17516542878548627+0.14006759612605435j),(-0.14977813362003448-0.5448622782711412j)
"(2.4727272727272727, -1.0)","(2.4727272727272727, -1.0)",(-0.3629673839004924-0.5003546666379801j),(-0.4370870054327834-0.245399339938493j),(-0.08909143939837415+0.23730842498260268j),(0.16321106093066512-0.49226375168208986j)
"(2.515151515151515, -1.0)","(2.515151515151515, -1.0)",(-0.15522155106706187-0.6861765356838487j),(-0.2471018199322005-0.38103321017888275j),(-0.27032462796916606-0.002706443004387912j),(0.36220489683430473-0.302436882500578j)
"(2.5575757575757576, -1.0)","(2.5575757575757576, -1.0)",(0.2915837347229644-0.7331772849050515j),(-0.04433538503167384-0.39999329942325806j),(-0.09380919925022553-0.25692636641654765j),(0.42972831900486375-0.07625761906524575j)
"(2.6, -1.0)","(2.6, -1.0)",(0.7101306233376419-0.36774734728070146j),(0.11155207667266079-0.3320033221754107j),(0.20049139936513852-0.1708534128583047j),(0.3980871472998425+0.13510938775301395j)
"(2.6424242424242426, -1.0)","(2.6424242424242426, -1.0)",(0.6885903081347888+0.20983058049675707j),(0.19835497200752825-0.2289315523355728j),(0.2087106543981782+0.1219492054672224j),(0.28152468172908235+0.31681292736510747j)
"(2.684848484848485, -1.0)","(2.684848484848485, -1.0)",(0.2577398857530386+0.5052540218906731j),(0.2315825473538941-0.1333604443561555j),(-0.0487597422040689+0.2058316974582655j),(0.07491708060321337+0.4327827687885631j)
"(2.727272727272727, -1.0)","(2.727272727272727, -1.0)",(-0.1232203627345218+0.3563694537683161j),(0.24333937736609035-0.057750935986650896j),(-0.17804308005048913-0.0017844049783830133j),(-0.18851666005012302+0.41590479473335j)
"(2.7696969696969695, -1.0)","(2.7696969696969695, -1.0)",(-0.16721489507972395+0.09516617907524394j),(0.25412639327525227+0.014127108309470308j),(-0.013891633340057854-0.14986069410925504j),(-0.40744965501491837+0.23089976487502867j)
"(2.812121212121212, -1.0)","(2.812121212121212, -1.0)",(-0.06791191338516644+0.032466096808884265j),(0.25589110023509587+0.10562212479380102j),(0.14235618548529716-0.010451943660009254j),(-0.4661591991055595-0.06270408432490751j)
"(2.8545454545454545, -1.0)","(2.8545454545454545, -1.0)",(-0.0968753964701406+0.05478138406805211j),(0.21752336863787156+0.22025914177249434j),(0.01102427025316758+0.16306742046069858j),(-0.3254230353611797-0.32854517816514084j)
"(2.896969696969697, -1.0)","(2.896969696969697, -1.0)",(-0.1490896872645484-0.07694073655077577j),(0.10977320073100383+0.3279302517223605j),(-0.20212866413801583+0.03866762624333933j),(-0.0567342238575364-0.44353861451647564j)
"(2.9393939393939394, -1.0)","(2.9393939393939394, -1.0)",(0.040205742062287886-0.23405277168467936j),(-0.06618284459773087+0.37497576666669585j),(-0.10546795756684742-0.23593810548658817j),(0.21185654422686617-0.37309043286478705j)
"(2.981818181818182, -1.0)","(2.981818181818182, -1.0)",(0.34795836336127284-0.06106182329446444j),(-0.26567393454365407+0.3141231567244113j),(0.23658070428717662-0.2061519579694615j),(0.3770515936177503-0.16903302204941426j)
"(3.0242424242424244, -1.0)","(3.0242424242424244, -1.0)",(0.29980641048430595+0.4033190885138495j),(-0.41373375571294346+0.13725974845108352j),(0.318569982273957+0.18310395481002817j),(0.3949701839232924+0.08295538525273781j)
"(3.066666666666667, -1.0)","(3.066666666666667, -1.0)",(-0.24310412975036827+0.6010680119790095j),(-0.4398981707220747-0.1092142390637878j),(-0.07029770584512593+0.4106345847319824j),(0.2670917468168324+0.29964766631081496j)
"(3.109090909090909, -1.0)","(3.109090909090909, -1.0)",(-0.737659406003429+0.15388182226444594j),(-0.31646356259965425-0.33790387110595993j),(-0.45093828155393745+0.08815916248830644j),(0.029742438150162614+0.40362653088209943j)
"(3.1515151515151514, -1.0)","(3.1515151515151514, -1.0)",(-0.5746723733732675-0.5405908308184002j),(-0.07857869912650481-0.45822040430244265j),(-0.2630756489769672-0.41913585902409467j),(-0.23301802526979537+0.33676543250813706j)
"(3.193939393939394, -1.0)","(3.193939393939394, -1.0)",(0.10186729182189941-0.7307068618047478j),(0.18661255677894328-0.41966573326047607j),(0.31254165477789997-0.41817971933378095j),(-0.39728691973494384+0.10713859078950924j)
"(3.2363636363636363, -1.0)","(3.2363636363636363, -1.0)",(0.5328332750130873-0.26999427388132524j),(0.3780220521446782-0.2375937981463008j),(0.5205113575458038+0.14696804629877358j),(-0.36570013467739476-0.17936852203379802j)
"(3.278787878787879, -1.0)","(3.278787878787879, -1.0)",(0.3258515725887267+0.1959890655213285j),(0.42692898331010876+0.013033364503364208j),(0.04806618709848085+0.5492860901416321j),(-0.14914359781986292-0.36633038912366783j)
"(3.3212121212121213, -1.0)","(3.3212121212121213, -1.0)",(-0.047502475474636374+0.1161902499455637j),(0.32737191921260433+0.2333892360195211j),(-0.5005625837856839+0.23778352726587498j),(0.12568818909844315-0.3549825133398324j)
"(3.3636363636363638, -1.0)","(3.3636363636363638, -1.0)",(0.05035848773246604-0.2134022254701478j),(0.13455119304024762+0.347226273506052j),(-0.39128739715989586-0.3866770618924338j),(0.3070946918521143-0.17395143708376604j)
"(3.4060606060606062, -1.0)","(3.4060606060606062, -1.0)",(0.4876495139172848-0.09716794783652494j),(-0.06722287072775308+0.3329634569450108j),(0.23119920945412545-0.4885287702667987j),(0.32367317519091243+0.05839736548526298j)
"(3.4484848484848487, -1.0)","(3.4484848484848487, -1.0)",(0.5203631360632552+0.5183060055021869j),(-0.20806612238732047+0.22449569164997893j),(0.5232604258010547+0.06150337731511806j),(0.20516883264952102+0.23230693653708992j)
"(3.4909090909090907, -1.0)","(3.4909090909090907, -1.0)",(-0.14206075550729233+0.8845945924661904j),(-0.2619135825708137+0.08252456441144623j),(0.09845195419840505+0.5016423842950619j),(0.021400872865116327+0.30042764375968223j)
"(3.533333333333333, -1.0)","(3.533333333333333, -1.0)",(-0.8519356339335016+0.4435814110466158j),(-0.24545615066042178-0.04342797954592069j),(-0.43759184346881985+0.23294564732578124j),(-0.16888763980425994+0.25406374326675524j)
"(3.5757575757575757, -1.0)","(3.5757575757575757, -1.0)",(-0.8325874086338872-0.3897547374567334j),(-0.1909556920274232-0.13647491208777382j),(-0.33578807998684024-0.3468712571516676j),(-0.30584363661962377+0.09359143178270801j)
"(3.618181818181818, -1.0)","(3.618181818181818, -1.0)",(-0.1832023761261254-0.7546876567370469j),(-0.11591720894269744-0.20384608153211292j),(0.24205183921230908-0.4082583653204102j),(-0.309337006395737-0.1425832098845237j)
"(3.6606060606060606, -1.0)","(3.6606060606060606, -1.0)",(0.3094161053529566-0.45589961282139413j),(-0.015056020607388266-0.24842016679199583j),(0.4549424636089318+0.12992118329494906j),(-0.13047033764858695-0.3374006293243474j)
"(3.703030303030303, -1.0)","(3.703030303030303, -1.0)",(0.26542919048333924-0.11186736454295446j),(0.1179524452525669-0.24789542493618674j),(-0.011888949606262276+0.4792819193774359j),(0.15936569483703464-0.34325385898420363j)
"(3.7454545454545456, -1.0)","(3.7454545454545456, -1.0)",(0.14685053239760432-0.1694165825668162j),(0.25824626973450043-0.16531957689953497j),(-0.48054344566021956+0.11314136632769639j),(0.36914770832332344-0.11723837199497761j)
"(3.787878787878788, -1.0)","(3.787878787878788, -1.0)",(0.42758205079054934-0.244069818757222j),(0.3405004698513447+0.011282277636137207j),(-0.24477076515842475-0.4532708299573477j),(0.33185234609762937+0.19791873356398848j)
"(3.83030303030303, -1.0)","(3.83030303030303, -1.0)",(0.7482092015337672+0.22343639040896873j),(0.2921815844437843+0.23205095497419637j),(0.3893436524825219-0.37760690865593716j),(0.06668396460746104+0.3689923440907095j)
"(3.872727272727273, -1.0)","(3.872727272727273, -1.0)",(0.3715201538997973+0.9477510213227723j),(0.09318896494886943+0.39022580798205636j),(0.4996504950138128+0.2818626409357636j),(-0.22131930606288497+0.2756625724049524j)
"(3.915151515151515, -1.0)","(3.915151515151515, -1.0)",(-0.6371889118792755+0.9890692032060624j),(-0.18448279664405653+0.3805127119086919j),(-0.12948550005148857+0.5932696493399838j),(-0.32322061518373046+0.015286841957386554j)
"(3.957575757575758, -1.0)","(3.957575757575758, -1.0)",(-1.2424946685107225+0.035091042647108245j),(-0.3990984309906872+0.17713188316734296j),(-0.6386075268013596+0.06029490254822967j),(-0.20478871071867577-0.20233574306846439j)
"(4.0, -1.0)","(4.0, -1.0)",(-0.6928382571484564-0.9977498034779491j),(-0.4222708978131618-0.12872283486489214j),(-0.2701030532624877-0.6184984216192806j),(-0.00046430607280687625-0.2505285469937763j)
"(-0.2, -0.7142857142857144)","(-0.2, -0.7142857142857144)",(-1.8416047371812359+0.3398392197042147j),(-0.19849781982624484+0.7079044026592093j),(-0.2367876280350081-0.625299284299474j),(-1.406319289319983+0.25723410134447944j)
"(-0.1575757575757576, -0.7142857142857144)","(-0.1575757575757576, -0.7142857142857144)",(-1.3777140367578562+0.7475568075916419j),(-0.1683173528002395+0.7300636091552934j),(0.20408051857545642-0.35824130338797233j),(-1.413477202533073+0.3757345018243208j)
"(-0.11515151515151516, -0.7142857142857144)","(-0.11515151515151516, -0.7142857142857144)",(-0.9778928119920851+0.3695089444520416j),(-0.14502314126684138+0.7461370258667733j),(0.57852563109063-0.8443549053603843j),(-1.4113953018158738+0.4677268239456525j)
"(0.1393939393939394, -0.7142857142857144)","(0.1393939393939394, -0.7142857142857144)",(-1.1418656661182212+0.7688845853205317j),(-0.18510614485142404+0.7369521709296659j),(0.49714440016458217-0.35471818394238236j),(-1.4539039214313791+0.3866505983332482j)
"(0.18181818181818182, -0.7142857142857144)","(0.18181818181818182, -0.7142857142857144)",(-1.7274629982963687+0.7374142487287801j),(-0.2204550630515901+0.7147423655820102j),(-0.04672533533231427-0.24041760561793843j),(-1.4602825999124642+0.2630894887647084j)
"(0.22424242424242424, -0.7142857142857144)","(0.22424242424242424, -0.7142857142857144)",(-1.866425732351328+0.06047856184827542j),(-0.2612437702166981+0.6840129612800807j),(-0.15682620023798632-0.7346990877672831j),(-1.4483557618966436+0.11116468833547781j)
"(0.26666666666666666, -0.7142857142857144)","(0.26666666666666666, -0.7142857142857144)",(-1.2693938242932563-0.3816221783833724j),(-0.30529176623599186+0.6435405376174447j),(0.44307172230049946-0.9625896339599848j),(-1.407173780357764-0.06257308204083237j)
"(0.30909090909090914, -0.7142857142857144)","(0.30909090909090914, -0.7142857142857144)",(-0.6855790564574364-0.05285977091647867j),(-0.34980525486489183+0.592349507857984j),(0.990600191174194-0.3983271608180153j),(-1.3263739927667386-0.2468821179564474j)
"(0.3515151515151515, -0.7142857142857144)","(0.3515151515151515, -0.7142857142857144)",(-0.846225895745049+0.4899607324618696j),(-0.3913979052306446+0.5299834363202658j),(0.7439259288011064+0.3853146143816341j),(-1.1987539193155108-0.42533731824003035j)
"(0.393939393939394, -0.7142857142857144)","(0.393939393939394, -0.7142857142857144)",(-1.43414942171117+0.3855297908621026j),(-0.42620213070552476+0.4568107991445381j),(0.015503744853719852+0.505836631383847j),(-1.0234510358593651-0.5771176396662826j)
"(0.43636363636363634, -0.7142857142857144)","(0.43636363636363634, -0.7142857142857144)",(-1.5347353120278733-0.3172550222757828j),(-0.4501032161064603+0.37433403641820795j),(-0.2755474962832529-0.011929043843153117j),(-0.8090845996381602-0.6796600148508376j)
"(0.4787878787878788, -0.7142857142857144)","(0.4787878787878788, -0.7142857142857144)",(-0.9268567148680603-0.735770949348447j),(-0.45912084219993504+0.28545178573230584j),(0.1080008267860896-0.30778594185371944j),(-0.5757366994542149-0.7134367932270335j)
"(0.5212121212121212, -0.7142857142857144)","(0.5212121212121212, -0.7142857142857144)",(-0.38381782558815536-0.40867230545113786j),(-0.44994447408087135+0.19460493197953924j),(0.42045069313181627+0.06513221178412476j),(-0.3543240446391003-0.6684094492148018j)
"(0.5636363636363637, -0.7142857142857144)","(0.5636363636363637, -0.7142857142857144)",(-0.5591671589817087+0.054474797326354074j),(-0.4205985807992392+0.10772263369135832j),(0.04346595781641176+0.49744284250540005j),(-0.18203453599888128-0.5506906788704043j)
"(0.6060606060606062, -0.7142857142857144)","(0.6060606060606062, -0.7142857142857144)",(-1.0422771990638495-0.1441395195549532j),(-0.3711708315115336+0.03188198385233164j),(-0.5777458582297449+0.2108812380148353j),(-0.09336050932257096-0.3869027414221201j)
"(0.6484848484848484, -0.7142857142857144)","(0.6484848484848484, -0.7142857142857144)",(-0.9353771996354838-0.8247658594370503j),(-0.30448518954156095-0.025387064869714003j),(-0.5229486225984412-0.5761807715617272j),(-0.10794338749548163-0.22319802300560912j)
"(0.6909090909090909, -0.7142857142857144)","(0.6909090909090909, -0.7142857142857144)",(-0.14979025669579663-1.044981293166299j),(-0.22655141979184784-0.05717351972214274j),(0.2953829679799712-0.87123767705978j),(-0.21862180488392-0.1165700963843764j)
"(0.7333333333333334, -0.7142857142857144)","(0.7333333333333334, -0.7142857142857144)",(0.41256594280141323-0.4169320419379142j),(-0.14658808589460334-0.05857696878872037j),(0.9440277363621347-0.2399827748702048j),(-0.38487370766611806-0.11837229827898907j)
"(0.7757575757575759, -0.7142857142857144)","(0.7757575757575759, -0.7142857142857144)",(0.07162805646669146+0.31394641894288694j),(-0.07641759677222028-0.028254084334351302j),(0.6850472203905653+0.5958433034303838j),(-0.5370015671516536-0.2536428001531456j)
"(0.8181818181818183, -0.7142857142857144)","(0.8181818181818183, -0.7142857142857144)",(-0.7008152446301353+0.24697699105366722j),(-0.029090258359915067+0.030166495200193873j),(-0.07789693338466419+0.7204749939779272j),(-0.5938280528855561-0.5036644981244539j)
"(0.8606060606060608, -0.7142857142857144)","(0.8606060606060608, -0.7142857142857144)",(-0.9157347417320545-0.490168681550814j),(-0.016724751472956954+0.10719293437411735j),(-0.4077628325560258+0.20367279823429216j),(-0.4912471577030717-0.8010344141592235j)
"(0.9030303030303031, -0.7142857142857144)","(0.9030303030303031, -0.7142857142857144)",(-0.3674493053651279-0.9715792282520762j),(-0.04775492226527542+0.18754168204546712j),(-0.10736073837291593-0.1149093559075772j),(-0.21233364472693655-1.0442115543899662j)
"(0.9454545454545455, -0.7142857142857144)","(0.9454545454545455, -0.7142857142857144)",(0.19442626691063164-0.7454332116540561j),(-0.1240221798082997+0.2515516419807886j),(0.1236138151440539+0.13429849119985818j),(0.19483463157487746-1.1312833448347028j)
"(0.987878787878788, -0.7142857142857144)","(0.987878787878788, -0.7142857142857144)",(0.1903150146650216-0.3493698471698322j),(-0.23839289259955157+0.2781177553480615j),(-0.1954883965529526+0.37501740484891366j),(0.6241963038175258-1.0025050073668074j)
"(1.0303030303030305, -0.7142857142857144)","(1.0303030303030305, -0.7142857142857144)",(-0.016741735526413448-0.40235067209662556j),(-0.37372602723136417+0.24896525896924615j),(-0.5901557593107308+0.021571335095804643j),(0.9471400510156815-0.6728872661616764j)
"(1.0727272727272728, -0.7142857142857144)","(1.0727272727272728, -0.7142857142857144)",(0.21295312068550976-0.6539392857806792j),(-0.5039702867109715+0.1536212225984195j),(-0.34862081940899553-0.5719162519566843j),(1.065544226805477-0.23564425642241443j)
"(1.1151515151515152, -0.7142857142857144)","(1.1151515151515152, -0.7142857142857144)",(0.7182899344718914-0.4023890850241807j),(-0.5978532266441716-0.006027308152592044j),(0.35744191048102797-0.5683378564642643j),(0.958701250635035+0.17197607959267558j)
"(1.1575757575757577, -0.7142857142857144)","(1.1575757575757577, -0.7142857142857144)",(0.689848516358639+0.3310712049081338j),(-0.6250191467002981-0.2130059907510332j),(0.6171980156573377+0.11430148113606914j),(0.6976696474015994+0.4297757145230978j)
"(1.2000000000000002, -0.7142857142857144)","(1.2000000000000002, -0.7142857142857144)",(-0.09642358423651376+0.6444388655179879j),(-0.5636613442293311-0.4357362920119136j),(0.05399725762243657+0.5864832645508724j),(0.4132405023703808+0.4936918929790291j)
"(1.2424242424242427, -0.7142857142857144)","(1.2424242424242427, -0.7142857142857144)",(-0.7534865960275219-0.029861005514830175j),(-0.4078816678118438-0.6325863774426156j),(-0.5739306249386513+0.1838354228750388j),(0.22832569672297323+0.4188899490527466j)
"(1.284848484848485, -0.7142857142857144)","(1.284848484848485, -0.7142857142857144)",(-0.34780358950666584-0.9993498853951021j),(-0.17249719743422218-0.7603262532926348j),(-0.36470865113217743-0.5671055888388009j),(0.1894022590597338+0.32808195673633367j)
"(1.3272727272727274, -0.7142857142857144)","(1.3272727272727274, -0.7142857142857144)",(0.8119345148205912-1.0583064585984059j),(0.10688212707179598-0.784983947739086j),(0.46653279628361194-0.610390127972968j),(0.2385195914651833+0.3370676171136481j)
"(1.3696969696969699, -0.7142857142857144)","(1.3696969696969699, -0.7142857142857144)",(1.450201488363575-0.011514729491331976j),(0.37975537234253903-0.6923301072866879j),(0.8220285381922658+0.20199968293166365j),(0.24841757782877005+0.47881569486369224j)
"(1.4121212121212123, -0.7142857142857144)","(1.4121212121212123, -0.7142857142857144)",(0.8790671608288063+1.046922048325406j),(0.5921654235191429-0.49454340182712414j),(0.18127481492282388+0.8667039955349658j),(0.10562692238683957+0.6747614546175643j)
"(1.4545454545454546, -0.7142857142857144)","(1.4545454545454546, -0.7142857142857144)",(-0.1947942409314396+1.0891494522924035j),(0.7011488518019666-0.23001427906410876j),(-0.6882721517441894+0.5415625687043507j),(-0.2076709409892168+0.7776011626521614j)
"(1.496969696969697, -0.7142857142857144)","(1.496969696969697, -0.7142857142857144)",(-0.6381396720856077+0.3560508227421031j),(0.6879497207169113+0.04505932469341562j),(-0.738110173411724-0.3537460799748153j),(-0.587979219390795+0.6647375780235028j)
"(1.5393939393939395, -0.7142857142857144)","(1.5393939393939395, -0.7142857142857144)",(-0.29267876026100303-0.12588139688538857j),(0.5651820608591024+0.2719184056775529j),(0.006275245843078585-0.7220054840350477j),(-0.864136066963184+0.32420568147210627j)
"(1.581818181818182, -0.7142857142857144)","(1.581818181818182, -0.7142857142857144)",(0.028620985138185118+0.05244914523572497j),(0.3743393926200896+0.40706185441506326j),(0.5551058715039136-0.22830182085737852j),(-0.9008242789858181-0.12631088832195977j)
"(1.6242424242424245, -0.7142857142857144)","(1.6242424242424245, -0.7142857142857144)",(-0.20172894030033506+0.28661766910314146j),(0.17305441939660024+0.4364674452404707j),(0.30975134924123776+0.35566394462936024j),(-0.684534708938173-0.5055137207666895j)
"(1.6666666666666667, -0.7142857142857144)","(1.6666666666666667, -0.7142857142857144)",(-0.535690334909255-0.011733179534157534j),(0.015501385618274072+0.38027032751652023j),(-0.2197846490770873+0.2866965746384594j),(-0.33140707145044174-0.6787000816891371j)
"(1.7090909090909092, -0.7142857142857144)","(1.7090909090909092, -0.7142857142857144)",(-0.32202757954014244-0.5248211786814354j),(-0.06721232646245928+0.2847880844852599j),(-0.24631190612944223-0.1730632254098876j),(-0.008503346948240915-0.6365460377568076j)
"(1.7515151515151517, -0.7142857142857144)","(1.7515151515151517, -0.7142857142857144)",(0.27340968247930475-0.5352454664851587j),(-0.07861957996064285+0.20360558002154575j),(0.17510386361469202-0.25323575730405723j),(0.1769253988252556-0.48561528920264724j)
"(1.7939393939393942, -0.7142857142857144)","(1.7939393939393942, -0.7142857142857144)",(0.5013857672477106-0.021065134437339206j),(-0.05456012614565919+0.17449068562942424j),(0.31677513700462256+0.16160748666782104j),(0.23917075638874719-0.35716330673458446j)
"(1.8363636363636366, -0.7142857142857144)","(1.8363636363636366, -0.7142857142857144)",(0.1437762290219376+0.2969778608291185j),(-0.046378221799179005+0.20185400129202305j),(-0.08999404361568081+0.3987313810591733j),(0.2801484944367974-0.3036075215220778j)
"(1.8787878787878791, -0.7142857142857144)","(1.8787878787878791, -0.7142857142857144)",(-0.15622787964673607+0.02800283361775857j),(-0.09566603472524102+0.25339239784103806j),(-0.44714000093543055+0.03887960005190138j),(0.38657815601393547-0.2642691642751809j)
"(1.9212121212121216, -0.7142857142857144)","(1.9212121212121216, -0.7142857142857144)",(0.14066778820696957-0.28527875688611654j),(-0.21144117774755347+0.2741404715578796j),(-0.18948011594863312-0.42999895449868736j),(0.5415890819031561-0.12942027394530875j)
"(1.9636363636363636, -0.7142857142857144)","(1.9636363636363636, -0.7142857142857144)",(0.6147194325467311+0.04291398189005899j),(-0.3610300960247998+0.2132311237436663j),(0.3496639638321577-0.31835267232799974j),(0.6260855647393732+0.14803553047439244j)
"(2.006060606060606, -0.7142857142857144)","(2.006060606060606, -0.7142857142857144)",(0.43261672164652276+0.7727937191663568j),(-0.48076790675706665+0.05178815095121901j),(0.39935196633553455+0.23429169592695748j),(0.5140326620680549+0.4867138722881802j)
"(2.0484848484848484, -0.7142857142857144)","(2.0484848484848484, -0.7142857142857144)",(-0.4335651468447367+0.968744568066627j),(-0.5035834966821158-0.18172183564965413j),(-0.11637215489043276+0.43334979085440894j),(0.18639050472781185+0.7171166128618722j)
"(2.090909090909091, -0.7142857142857144)","(2.090909090909091, -0.7142857142857144)",(-1.0640811840200217+0.27097047181098816j),(-0.39168767938253185-0.4177601285842592j),(-0.4401399988954364-0.013248220625269536j),(-0.2322535057420534+0.7019788210205169j)
"(2.1333333333333333, -0.7142857142857144)","(2.1333333333333333, -0.7142857142857144)",(-0.7884243318301738-0.5724423190500585j),(-0.1586338924692003-0.5727924483684382j),(-0.07965866384462902-0.4404418509399557j),(-0.5501317755163445+0.4407919802583354j)
"(2.175757575757576, -0.7142857142857144)","(2.175757575757576, -0.7142857142857144)",(-0.0683619838046784-0.6949520069353441j),(0.13120472072168787-0.5856726407785618j),(0.4397521001373811-0.18102332042538558j),(-0.6393188046637474+0.07174395426860333j)
"(2.2181818181818183, -0.7142857142857144)","(2.2181818181818183, -0.7142857142857144)",(0.17956790141368317-0.25426944747566127j),(0.38722351484221107-0.44603545346514917j),(0.3073028218015726+0.4229148198100994j),(-0.5149584352301005-0.2311488138206115j)
"(2.2606060606060607, -0.7142857142857144)","(2.2606060606060607, -0.7142857142857144)",(-0.1307857646970546-0.12138104241285669j),(0.5304673121273277-0.2002199285988034j),(-0.3615514835437354+0.45756595054049437j),(-0.2997015932806469-0.37872706435454767j)
"(2.303030303030303, -0.7142857142857144)","(2.303030303030303, -0.7142857142857144)",(-0.191089770407331-0.5648833643713528j),(0.5265551627553514+0.06897400200731746j),(-0.6074299031766559-0.22985465254687096j),(-0.11021502998602652-0.40400271383179925j)
"(2.3454545454545452, -0.7142857142857144)","(2.3454545454545452, -0.7142857142857144)",(0.4476084067467875-0.8274666254163343j),(0.3972794759183327+0.278927162503414j),(0.02067566010949469-0.7149628353254862j),(0.02965327071896013-0.39143095259426214j)
"(2.3878787878787877, -0.7142857142857144)","(2.3878787878787877, -0.7142857142857144)",(1.1135738719961064-0.23690740541876604j),(0.20539163974301317+0.3816716204172845j),(0.7357127460006946-0.24565536310670893j),(0.17246948625239863-0.3729236627293416j)
"(2.43030303030303, -0.7142857142857144)","(2.43030303030303, -0.7142857142857144)",(0.8961996224131235+0.7241444027175018j),(0.02135160057391316+0.37875410163995027j),(0.523638585886273+0.6402426716647995j),(0.3512094359529373-0.294852370587248j)
"(2.4727272727272727, -0.7142857142857144)","(2.4727272727272727, -0.7142857142857144)",(-0.030674905893839033+0.9756212268211861j),(-0.10954230488543484+0.3099455943021622j),(-0.42694723271299995+0.7550217400991465j),(0.5058146317045957-0.08934610758012251j)
"(2.515151515151515, -0.7142857142857144)","(2.515151515151515, -0.7142857142857144)",(-0.5544450450140243+0.32101898428720854j),(-0.18196221168920354+0.22392964910385432j),(-0.8863587373207954-0.12527935176138016j),(0.5138759039959747+0.2223686869447344j)
"(2.5575757575757576, -0.7142857142857144)","(2.5575757575757576, -0.7142857142857144)",(-0.1282621499001096-0.23223070493602616j),(-0.22055140224617042+0.14905892285544095j),(-0.21149224122116286-0.8851379160104322j),(0.30378149356722367+0.5038482882189651j)
"(2.6, -0.7142857142857144)","(2.6, -0.7142857142857144)",(0.4381685425494371+0.15285516479677458j),(-0.2531834421763344+0.08152345550779712j),(0.7489423548121182-0.5209750461455823j),(-0.05759037008634677+0.5923067554345598j)
"(2.6424242424242426, -0.7142857142857144)","(2.6424242424242426, -0.7142857142857144)",(0.07044517105437725+0.9295506093830685j),(-0.28540194852343354-0.0028336978296674576j),(0.7484028166893764+0.5050509856825329j),(-0.39255569711156557+0.4273333215302031j)
"(2.684848484848485, -0.7142857142857144)","(2.684848484848485, -0.7142857142857144)",(-1.031784797939466+0.8398646188338843j),(-0.29287834660166456-0.12164031159257942j),(-0.20142792483871996+0.8598727453702322j),(-0.5374785264990817+0.10163218505623153j)
"(2.727272727272727, -0.7142857142857144)","(2.727272727272727, -0.7142857142857144)",(-1.539687596235942-0.3669517534386413j),(-0.2373111521101724-0.2622046354995541j),(-0.8482904575893324+0.10716524859412022j),(-0.4540859865364372-0.2119123665332074j)
"(2.7696969696969695, -0.7142857142857144)","(2.7696969696969695, -0.7142857142857144)",(-0.7014653566490894-1.4949330585998049j),(-0.09632553623989784-0.37743080347004077j),(-0.3730475162813051-0.7311120754554883j),(-0.23209230412788634-0.38639017967427575j)
"(2.812121212121212, -0.7142857142857144)","(2.812121212121212, -0.7142857142857144)",(0.6581059979763028-1.3774543953514606j),(0.11143840342946171-0.40630023316651037j),(0.5417715913977873-0.5652632734952673j),(0.004896003149053772-0.40589088868968315j)
"(2.8545454545454545, -0.7142857142857144)","(2.8545454545454545, -0.7142857142857144)",(1.1855180047527671-0.31564281171221303j),(0.32309852845677595-0.30870578802666315j),(0.6727673735149551+0.31845325572076844j),(0.18965210278103597-0.3253902794063183j)
"(2.896969696969697, -0.7142857142857144)","(2.896969696969697, -0.7142857142857144)",(0.6774510240292619+0.41722821744480826j),(0.4552049340116213-0.09483387257001759j),(-0.09415066653716461+0.7013783977663376j),(0.3163967565548053-0.1893163077515117j)
"(2.9393939393939394, -0.7142857142857144)","(2.9393939393939394, -0.7142857142857144)",(0.15720196960167682+0.27444304595797353j),(0.44379871342002725+0.16919890287880984j),(-0.6667347229301052+0.10913304632265548j),(0.38013797911175473-0.0038889032434917814j)
"(2.981818181818182, -0.7142857142857144)","(2.981818181818182, -0.7142857142857144)",(0.33870969032211723+0.015044729215660496j),(0.27988947672636316+0.3856593266988288j),(-0.28107300676310737-0.5864278399482563j),(0.33989322035886144+0.215813242465088j)
"(3.0242424242424244, -0.7142857142857144)","(3.0242424242424244, -0.7142857142857144)",(0.6534001782027252+0.445569124341747j),(0.020051435834876973+0.46923748144793026j),(0.4741985602732926-0.4195462827011418j),(0.15915018209455573+0.39587792559495855j)
"(3.066666666666667, -0.7142857142857144)","(3.066666666666667, -0.7142857142857144)",(0.16762385406459368+1.1547797097441455j),(-0.23605799687854367+0.38857533368199326j),(0.5252334092606439+0.33784487672264163j),(-0.12155155831750653+0.42835949933951056j)
"(3.109090909090909, -0.7142857142857144)","(3.109090909090909, -0.7142857142857144)",(-0.944419374207613+1.040539670961372j),(-0.39162127318001+0.18246001122677658j),(-0.1808666054533081+0.5968576897472255j),(-0.37193149557429495+0.2612219699873698j)
"(3.1515151515151514, -0.7142857142857144)","(3.1515151515151514, -0.7142857142857144)",(-1.4788906097027406-0.10322969111370131j),(-0.39825892345981806-0.05971058925832813j),(-0.6289941324238901-0.006472149592749686j),(-0.45163755381903226-0.03704695226262349j)
"(3.193939393939394, -0.7142857142857144)","(3.193939393939394, -0.7142857142857144)",(-0.7687602092432935-1.1674011992899402j),(-0.2758645426498983-0.2436623478591098j),(-0.17815477835635074-0.6131497460552938j),(-0.31474088823704444-0.3105891053755367j)
"(3.2363636363636363, -0.7142857142857144)","(3.2363636363636363, -0.7142857142857144)",(0.4041564017017841-1.0976745054883872j),(-0.09494321457525555-0.3163075056248863j),(0.5414825853370078-0.35932450528254173j),(-0.04238296905996814-0.422042494580959j)
"(3.278787878787879, -0.7142857142857144)","(3.278787878787879, -0.7142857142857144)",(0.8058708360752319-0.2097199560881337j),(0.06752526453347418-0.2846269031631749j),(0.5172402539171215+0.4115541025096866j),(0.22110531762463628-0.3366471554346454j)
"(3.3212121212121213, -0.7142857142857144)","(3.3212121212121213, -0.7142857142857144)",(0.3021329917007277+0.31202129890101704j),(0.16984125314282675-0.1965367203958811j),(-0.23018456961349626+0.6293695172779543j),(0.3624763081713972-0.12081149798105617j)
"(3.3636363636363638, -0.7142857142857144)","(3.3636363636363638, -0.7142857142857144)",(-0.11354521996470185+0.006501330072312905j),(0.21683757000821774-0.09902390151023518j),(-0.6757511753617622-0.014844709611122955j),(0.3453683853888426+0.12036994119367105j)
"(3.4060606060606062, -0.7142857142857144)","(3.4060606060606062, -0.7142857142857144)",(0.2217635499410655-0.353344793005647j),(0.23442046489181464-0.006237646880808344j),(-0.20811730356310174-0.6445382823358415j),(0.1954603886123526+0.29743113621100287j)
"(3.4484848484848487, -0.7142857142857144)","(3.4484848484848487, -0.7142857142857144)",(0.7381900413096905+0.03979212683497624j),(0.23048232733414786+0.09643192948871143j),(0.5360041663278272-0.4080686539460349j),(-0.028296452352284666+0.3514288512922997j)
"(3.4909090909090907, -0.7142857142857144)","(3.4909090909090907, -0.7142857142857144)",(0.49173447827959765+0.8361320955799858j),(0.17882867032451338+0.2156872461416516j),(0.5562772812221338+0.3637298410014653j),(-0.2433714732670495+0.25671500843686884j)
"(3.533333333333333, -0.7142857142857144)","(3.533333333333333, -0.7142857142857144)",(-0.4608498472871073+0.9876119766802179j),(0.04585308856727308+0.31534864673314095j),(-0.1525469902489961+0.6319996347834049j),(-0.3541559456053843+0.04026369516367197j)
"(3.5757575757575757, -0.7142857142857144)","(3.5757575757575757, -0.7142857142857144)",(-1.0797105739236532+0.18497524383482686j),(-0.15857906440397604+0.32216233206265293j),(-0.6268406824479872+0.06625228339832528j),(-0.2942908270716899-0.20343937162615136j)
"(3.618181818181818, -0.7142857142857144)","(3.618181818181818, -0.7142857142857144)",(-0.6968835517397878-0.7121666392215658j),(-0.35343442539839687+0.18014788501625784j),(-0.2611892610399909-0.5462791486298998j),(-0.0822598653014-0.34603537560792375j)
"(3.6606060606060606, -0.7142857142857144)","(3.6606060606060606, -0.7142857142857144)",(0.15822112774068103-0.7970996992863593j),(-0.4195619473662176-0.08502838583655332j),(0.40805024535834367-0.4067594965784247j),(0.16973282974855497-0.3053118168713812j)
"(3.703030303030303, -0.7142857142857144)","(3.703030303030303, -0.7142857142857144)",(0.5269811787643216-0.22016122032810723j),(-0.28272864184144203-0.35108211756392776j),(0.48799244698896777+0.23790861491395912j),(0.32171737361679587-0.10698771767813858j)
"(3.7454545454545456, -0.7142857142857144)","(3.7454545454545456, -0.7142857142857144)",(0.2486627633511594+0.1717431457118711j),(0.014253331294060922-0.46277909569650516j),(-0.06392764942493856+0.5024157498780619j),(0.298337081482037+0.13210649153031434j)
"(3.787878787878788, -0.7142857142857144)","(3.787878787878788, -0.7142857142857144)",(-0.01363812525434005+0.03572507400527325j),(0.3164111035415064-0.33895248686059054j),(-0.4591444353973777+0.08922321267446187j),(0.12909520660153123+0.2854543481914019j)
"(3.83030303030303, -0.7142857142857144)","(3.83030303030303, -0.7142857142857144)",(0.15771223458054562-0.1274829242762301j),(0.45044107805945977-0.041542614607717486j),(-0.20468677105630298-0.37554292658028665j),(-0.08804207242261118+0.289602616911774j)
"(3.872727272727273, -0.7142857142857144)","(3.872727272727273, -0.7142857142857144)",(0.3654881792858518+0.13828975486866074j),(0.3443443267969969+0.2560664612085462j),(0.2724601587302921-0.2756072277092021j),(-0.25131630624143714+0.15783052136931663j)
"(3.915151515151515, -0.7142857142857144)","(3.915151515151515, -0.7142857142857144)",(0.09079676675609732+0.5092592363327593j),(0.07896695820031142+0.38674677852361056j),(0.3048127799914416+0.16929261598901943j),(-0.29298297143565566-0.04678015817987071j)
"(3.957575757575758, -0.7142857142857144)","(3.957575757575758, -0.7142857142857144)",(-0.4438193468498156+0.3714800161197525j),(-0.17415851483780867+0.3042906349581904j),(-0.08005253833203348+0.3023342624506725j),(-0.18960829367997345-0.23514488128911043j)
"(4.0, -0.7142857142857144)","(4.0, -0.7142857142857144)",(-0.5382812269960567-0.21863075150760738j),(-0.28085667904237727+0.10275620182685732j),(-0.2815884556237611-0.011261700640443233j),(0.024163907670081558-0.31012525269402147j)
"(-0.2, -0.4285714285714288)","(-0.2, -0.4285714285714288)",(0.8709344978912651-0.30445568801520395j),(0.6882329629984697-0.31032835599271225j),(-0.4816426623705584+1.2151317824223806j),(0.6643441972633538-1.2092591144448723j)
"(-0.1575757575757576, -0.4285714285714288)","(-0.1575757575757576, -0.4285714285714288)",(1.598283503328612+0.007141181250837958j),(0.6866141422688113-0.35250117004172354j),(0.3222342944488909+1.633094833705485j),(0.5894350666109099-1.2734524824129234j)
"(-0.11515151515151516, -0.4285714285714288)","(-0.11515151515151516, -0.4285714285714288)",(2.2513201052813168-0.6336597292583006j),(0.6843136110503225-0.38439608915365914j),(1.0383982302511467+1.0695181561547118j),(0.5286082639798477-1.3187817962593533j)
"(0.1393939393939394, -0.4285714285714288)","(0.1393939393939394, -0.4285714285714288)",(1.9189542725601376-0.18707226400429855j),(0.7055762852534241-0.3419823579285603j),(0.6105799819217279+1.4566890663750471j),(0.6027980053849855-1.3017789724507853j)
"(0.18181818181818182, -0.4285714285714288)","(0.18181818181818182, -0.4285714285714288)",(1.0617448568786514-0.10004439230195605j),(0.7108540253965278-0.29476736693077127j),(-0.33562089834848835+1.4382053702462112j),(0.686511729830612-1.243482395617396j)
"(0.22424242424242424, -0.4285714285714288)","(0.22424242424242424, -0.4285714285714288)",(0.7979243343915463-0.767493587024176j),(0.7118618274837052-0.2368021642722534j),(-0.6955147614325222+0.6297982664779995j),(0.7815772683403633-1.1604896892299221j)
"(0.26666666666666666, -0.4285714285714288)","(0.26666666666666666, -0.4285714285714288)",(1.4272163430840867-1.0733999782654546j),(0.7057003326325086-0.16939071814423762j),(-0.15861678754623093+0.1448988285957258j),(0.8801327979978091-1.0489080887169429j)
"(0.30909090909090914, -0.4285714285714288)","(0.30909090909090914, -0.4285714285714288)",(1.9614043722004975-0.4041735235386874j),(0.6892987828977506-0.0947109360458773j),(0.30019339632864844+0.5970064650867231j),(0.9719121929740983-0.9064690525795331j)
"(0.3515151515151515, -0.4285714285714288)","(0.3515151515151515, -0.4285714285714288)",(1.5153660864834866+0.46896192677983006j),(0.6597526801115576-0.01600700979120204j),(-0.18902760341912067+1.2189237223192613j),(1.0446410097910497-0.7339547857482293j)
"(0.393939393939394, -0.4285714285714288)","(0.393939393939394, -0.4285714285714288)",(0.5615742995017878+0.46205928360857285j),(0.6147803453793499+0.062308346543317926j),(-1.1383458411276948+0.9364036563520892j),(1.0851397952501327-0.5366527192868343j)
"(0.43636363636363634, -0.4285714285714288)","(0.43636363636363634, -0.4285714285714288)",(0.2765867598683651-0.3029798718249018j),(0.5532824119925688+0.13471229646441732j),(-1.3579846514312643-0.11222666563351241j),(1.0812889993070607-0.3254655026558067j)
"(0.4787878787878788, -0.4285714285714288)","(0.4787878787878788, -0.4285714285714288)",(0.8953027935799651-0.6731461089105559j),(0.4759532294537973+0.19486611428930822j),(-0.6054687464110139-0.7508596357001508j),(1.0248183105371818-0.11715258749971336j)
"(0.5212121212121212, -0.4285714285714288)","(0.5212121212121212, -0.4285714285714288)",(1.3910406867955252-0.08907286388373199j),(0.3858487858052688+0.23620886252071577j),(0.09062706093119631-0.3921633826563886j),(0.9145648400590601+0.06688165625194085j)
"(0.5636363636363637, -0.4285714285714288)","(0.5636363636363637, -0.4285714285714288)",(0.934185206041818+0.629604578285432j),(0.2887689648909182+0.2528782307441077j),(-0.11402130831708167+0.1730170429751162j),(0.7594375494679815+0.20370930456620817j)
"(0.6060606060606062, -0.4285714285714288)","(0.6060606060606062, -0.4285714285714288)",(0.07317207463796427+0.44805300713415397j),(0.1932754556379576+0.24092026378094708j),(-0.7000470515747227-0.06682461299135406j),(0.5799436705747294+0.2739573563445609j)
"(0.6484848484848484, -0.4285714285714288)","(0.6484848484848484, -0.4285714285714288)",(-0.031590393256329286-0.4101219918012586j),(0.11015873376732463+0.19965399183797067j),(-0.5487193147738411-0.8779580080213627j),(0.4069701877501871+0.2681820243821334j)
"(0.6909090909090909, -0.4285714285714288)","(0.6909090909090909, -0.4285714285714288)",(0.7543680684318753-0.7614626922606064j),(0.05120948837017064+0.1329425530076854j),(0.42635531157587525-1.0873882733110745j),(0.2768032684858294+0.1929830280427827j)
"(0.7333333333333334, -0.4285714285714288)","(0.7333333333333334, -0.4285714285714288)",(1.340588895369555-0.12036629487364374j),(0.027259878325059304+0.0500145444003186j),(1.0910422375668387-0.24489991569469516j),(0.22228677947765715+0.07451907642073281j)
"(0.7757575757575759, -0.4285714285714288)","(0.7757575757575759, -0.4285714285714288)",(0.9407796561140755+0.6180658408244742j),(0.045643984287290475-0.03458200433469559j),(0.6335933529891371+0.6957798954004476j),(0.261542318837648-0.043132050241277725j)
"(0.8181818181818183, -0.4285714285714288)","(0.8181818181818183, -0.4285714285714288)",(0.1824245606452906+0.4393813765748828j),(0.10746739343352003-0.10227637051290858j),(-0.31247740201593327+0.6481665570438873j),(0.38743456922770386-0.10650880995609584j)
"(0.8606060606060608, -0.4285714285714288)","(0.8606060606060608, -0.4285714285714288)",(0.23136925989474705-0.3503617988871687j),(0.20532338505673037-0.1332312540502222j),(-0.5361872572362109-0.14927039083062346j),(0.5622331320742275-0.067860154006323j)
"(0.9030303030303031, -0.4285714285714288)","(0.9030303030303031, -0.4285714285714288)",(1.1523848849447844-0.5275957209912303j),(0.3222645291284489-0.11043255675525937j),(0.1083583367768341-0.5137194449344257j),(0.7217620190395014+0.09655628069845473j)
"(0.9454545454545455, -0.4285714285714288)","(0.9454545454545455, -0.4285714285714288)",(1.7976708967004262+0.36641271829120126j),(0.43282971632962186-0.02452377315392342j),(0.5738145075798838+0.019680977619744792j),(0.7910266727909205+0.3712555138253799j)
"(0.987878787878788, -0.4285714285714288)","(0.987878787878788, -0.4285714285714288)",(1.3663807354565027+1.4145355532716082j),(0.5066435761400505+0.12169694793193352j),(0.15080203036991743+0.5959133305942965j),(0.7089351289465347+0.6969252747453781j)
"(1.0303030303030305, -0.4285714285714288)","(1.0303030303030305, -0.4285714285714288)",(0.44049833550423756+1.6131591407258798j),(0.5145098188130548+0.3105537792712898j),(-0.5285792570225378+0.3205496698272077j),(0.4545677737137206+0.9820556916273825j)
"(1.0727272727272728, -0.4285714285714288)","(1.0727272727272728, -0.4285714285714288)",(0.06721494881464286+1.215810895882262j),(0.43607996803604177+0.509993838867721j),(-0.432776606208521-0.42500214723320734j),(0.06391158698712208+1.1308192042477483j)
"(1.1151515151515152, -0.4285714285714288)","(1.1151515151515152, -0.4285714285714288)",(0.23406953249198892+1.2345092038994365j),(0.26729872688663014+0.6782611834145466j),(0.34003703827832016-0.5231351202281218j),(-0.37326623267296133+1.079383140713012j)
"(1.1575757575757577, -0.4285714285714288)","(1.1575757575757577, -0.4285714285714288)",(-0.06259952021689208+1.8424752138937301j),(0.025232803940933034+0.7726376006115607j),(0.6524345836469972+0.24367633234729624j),(-0.7402669078048224+0.8261612809348732j)
"(1.2000000000000002, -0.4285714285714288)","(1.2000000000000002, -0.4285714285714288)",(-1.239641133693339+2.0072540089186433j),(-0.25205360210280964+0.7607026077374892j),(-0.0504922755195283+0.8063107515286504j),(-0.9370952560710012+0.44024064965250376j)
"(1.2424242424242427, -0.4285714285714288)","(1.2424242424242427, -0.4285714285714288)",(-2.3144585458259845+0.9477661404450519j),(-0.511949756930699+0.6311586976382425j),(-0.8791198859966325+0.27748348992468835j),(-0.9233889028986532+0.03912395288212099j)
"(1.284848484848485, -0.4285714285714288)","(1.284848484848485, -0.4285714285714288)",(-2.1043199962464327-0.6153887981776831j),(-0.6996032051351742+0.4004911391175257j),(-0.6656297222245162-0.7567451466989762j),(-0.7390870688867424-0.2591347905962326j)
"(1.3272727272727274, -0.4285714285714288)","(1.3272727272727274, -0.4285714285714288)",(-0.8445634471032761-1.238293186770487j),(-0.7733083888784267+0.11215795127272922j),(0.41703148760813114-0.9611527384443173j),(-0.4882865458329806-0.3892983995988989j)
"(1.3696969696969699, -0.4285714285714288)","(1.3696969696969699, -0.4285714285714288)",(0.026664148231042295-0.5829019871578394j),(-0.7182745205570585-0.17309792337260993j),(1.0339505921766248-0.03946514479747642j),(-0.28901192338852394-0.37033891898775306j)
"(1.4121212121212123, -0.4285714285714288)","(1.4121212121212123, -0.4285714285714288)",(-0.31691071076634014+0.17242077875752643j),(-0.5534692925962119-0.3941599427322962j),(0.4481252094143629+0.860988984841898j),(-0.21156662758449113-0.29440826335207537j)
"(1.4545454545454546, -0.4285714285714288)","(1.4545454545454546, -0.4285714285714288)",(-1.1020986487977578-0.1046911712291776j),(-0.3276890533327315-0.5087568651291647j),(-0.5354062884595054+0.6779936375822287j),(-0.23900330700552092-0.2739279436822416j)
"(1.496969696969697, -0.4285714285714288)","(1.496969696969697, -0.4285714285714288)",(-1.0793358942193474-1.0842545115735365j),(-0.10451287831041484-0.5080248908684765j),(-0.6989909231870076-0.20370615833480263j),(-0.2758320927219249-0.37252346237025735j)
"(1.5393939393939395, -0.4285714285714288)","(1.5393939393939395, -0.4285714285714288)",(-0.165157065204958-1.5611345644023815j),(0.05963667737618949-0.4199269383442229j),(-0.01901880719847321-0.581541405098173j),(-0.20577493538267427-0.5596662209599856j)
"(1.581818181818182, -0.4285714285714288)","(1.581818181818182, -0.4285714285714288)",(0.608282500144145-1.1209272579507827j),(0.13632137215399162-0.29854937311981705j),(0.4407057049371573-0.1021499330348565j),(0.031255423052996-0.7202279517961092j)
"(1.6242424242424245, -0.4285714285714288)","(1.6242424242424245, -0.4285714285714288)",(0.6225515664162072-0.5547194720806601j),(0.13582492196024679-0.20197449789653246j),(0.0972634931710167+0.36692339112605826j),(0.38946315128494374-0.7196683653101859j)
"(1.6666666666666667, -0.4285714285714288)","(1.6666666666666667, -0.4285714285714288)",(0.4484148039675191-0.5634207418853631j),(0.10185217318822519-0.16706313030272033j),(-0.38346385035503444+0.09319281262240589j),(0.7300264811343283-0.48955042420504863j)
"(1.7090909090909092, -0.4285714285714288)","(1.7090909090909092, -0.4285714285714288)",(0.824942864355519-0.7193333720833495j),(0.09073996551776975-0.19226455825477742j),(-0.1609608471443518-0.4469337034101671j),(0.895163745982101-0.08013511041840492j)
"(1.7515151515151517, -0.4285714285714288)","(1.7515151515151517, -0.4285714285714288)",(1.4254911175835976-0.19829235504700798j),(0.14320102628256862-0.2374427239196167j),(0.48112411610511086-0.31840041814388587j),(0.8011659751959183+0.3575507870164946j)
"(1.7939393939393942, -0.4285714285714288)","(1.7939393939393942, -0.4285714285714288)",(1.279594784252818+0.8320343557568735j),(0.26143259138099806-0.24270906733837996j),(0.5271848190779793+0.4204814180049019j),(0.4909773737938405+0.6542620050903515j)
"(1.8363636363636366, -0.4285714285714288)","(1.8363636363636366, -0.4285714285714288)",(0.2717011063604867+1.2767022185663879j),(0.40352348941376115-0.15906131848680985j),(-0.24090383851635683+0.71647355212809j),(0.10908145546308243+0.7192899849251077j)
"(1.8787878787878791, -0.4285714285714288)","(1.8787878787878791, -0.4285714285714288)",(-0.5046539832254873+0.6437631150124509j),(0.49989287076583244+0.023296003657397726j),(-0.8167680926211797+0.033023503911992214j),(-0.18777876137014+0.5874436074430609j)
"(1.9212121212121216, -0.4285714285714288)","(1.9212121212121216, -0.4285714285714288)",(-0.1811577548579728-0.1404239048353963j),(0.4857620564071957+0.26361670639343937j),(-0.342185546499297-0.7873034578220889j),(-0.3247342647658715+0.3832628465932532j)
"(1.9636363636363636, -0.4285714285714288)","(1.9636363636363636, -0.4285714285714288)",(0.6198574134331423+0.09292685000796905j),(0.33466668294282753+0.4837778818554551j),(0.6272931558576844-0.6178842468060969j),(-0.3421024253673696+0.2270332149586108j)
"(2.006060606060606, -0.4285714285714288)","(2.006060606060606, -0.4285714285714288)",(0.5372127859980333+1.1225926375463808j),(0.07595410555684762+0.6014198114557099j),(0.805328205309924+0.3703997519447565j),(-0.3440695248687382+0.1507730741459145j)
"(2.0484848484848484, -0.4285714285714288)","(2.0484848484848484, -0.4285714285714288)",(-0.6841284868681408+1.5322451410918494j),(-0.21387011507836262+0.5676518226488859j),(-0.06858324688491936+0.8771810706171366j),(-0.40167512490485874+0.08741224782582699j)
"(2.090909090909091, -0.4285714285714288)","(2.090909090909091, -0.4285714285714288)",(-1.7636693844851576+0.5587878614995765j),(-0.443022548293905+0.3904098818539675j),(-0.8347584175970255+0.22604224015263738j),(-0.48588841859422716-0.057664260507028484j)
"(2.1333333333333333, -0.4285714285714288)","(2.1333333333333333, -0.4285714285714288)",(-1.504737366879198-0.8770617448020215j),(-0.5441845202083453+0.1311317116116621j),(-0.4742651554858305-0.6998182282422889j),(-0.48628769118502224-0.3083752281713948j)
"(2.175757575757576, -0.4285714285714288)","(2.175757575757576, -0.4285714285714288)",(-0.3041864466579084-1.3518126302167703j),(-0.5020444210062491-0.12383101899128174j),(0.5026718043975615-0.65453800717949j),(-0.3048138300492208-0.5734436040459987j)
"(2.2181818181818183, -0.4285714285714288)","(2.2181818181818183, -0.4285714285714288)",(0.45361931377160536-0.7273861490956703j),(-0.35481764596829185-0.30212305770385195j),(0.7603304902731663+0.2721731275866731j),(0.04810646946673084-0.6974362189784915j)
"(2.2606060606060607, -0.4285714285714288)","(2.2606060606060607, -0.4285714285714288)",(0.23408205062577364-0.1541004408193118j),(-0.17003394725328252-0.3741998477631477j),(-0.03083739343008461+0.7936589822899965j),(0.4349533913091408-0.5735595753461606j)
"(2.303030303030303, -0.4285714285714288)","(2.303030303030303, -0.4285714285714288)",(-0.09598269403300119-0.384285778880332j),(-0.008922347174229269-0.3576336870273454j),(-0.7589709572821995+0.20470272822352256j),(0.6719106104234276-0.23135482007650915j)
"(2.3454545454545452, -0.4285714285714288)","(2.3454545454545452, -0.4285714285714288)",(0.33159217687453096-0.7845427282895265j),(0.10052025474899327-0.29667256797529223j),(-0.42011389309611996-0.660292760455118j),(0.6511858152216576+0.17242260014088379j)
"(2.3878787878787877, -0.4285714285714288)","(2.3878787878787877, -0.4285714285714288)",(1.0805888440393185-0.3744363505674774j),(0.16762991340428893-0.2308346218197693j),(0.5023098134357412-0.5998233168003758j),(0.41064911719928837+0.4562215880526677j)
"(2.43030303030303, -0.4285714285714288)","(2.43030303030303, -0.4285714285714288)",(1.04308362697118+0.6523880050933268j),(0.22021187667088835-0.1719033940398303j),(0.7260835758224915+0.293932684308812j),(0.09678817447780008+0.5303587148243452j)
"(2.4727272727272727, -0.4285714285714288)","(2.4727272727272727, -0.4285714285714288)",(0.07783292740316167+1.1159118397458192j),(0.2762042305400269-0.10268783958953644j),(-0.05176134598627004+0.7815323792213009j),(-0.14660995715059522+0.4370673001140548j)
"(2.515151515151515, -0.4285714285714288)","(2.515151515151515, -0.4285714285714288)",(-0.7009081416386979+0.4894645650387103j),(0.32454934978718664+0.0028132770937825155j),(-0.7542630360305737+0.19897564431609632j),(-0.27119445539531084+0.2876756436288314j)
"(2.5575757575757576, -0.4285714285714288)","(2.5575757575757576, -0.4285714285714288)",(-0.42345467161711187-0.3337329508462552j),(0.3279181432656953+0.15134710838712487j),(-0.4271919753844367-0.6431427623229082j),(-0.32418083949837045+0.15806270308952822j)
"(2.6, -0.4285714285714288)","(2.6, -0.4285714285714288)",(0.3419331499907882-0.2517590748404013j),(0.2465255755303374+0.31291159010354064j),(0.4608979175795324-0.6019199973463927j),(-0.36549034311908163+0.037249332402450736j)
"(2.6424242424242426, -0.4285714285714288)","(2.6424242424242426, -0.4285714285714288)",(0.3824778865416625+0.5321601341618076j),(0.06931080812065203+0.42648902130668687j),(0.6995716053373052+0.2333216728257283j),(-0.3864045269162948-0.1276505599706075j)
"(2.684848484848485, -0.4285714285714288)","(2.684848484848485, -0.4285714285714288)",(-0.4725363074245218+0.799578247505348j),(-0.16660985011930796+0.42847437294725316j),(0.005560732978567859+0.7099573000469745j),(-0.3114871902837817-0.33885342548887964j)
"(2.727272727272727, -0.4285714285714288)","(2.727272727272727, -0.4285714285714288)",(-1.1062334810232344+0.00664451359820839j),(-0.3821668345481291+0.2897486930807658j),(-0.6389203086452064+0.2210233878350422j),(-0.08514633782989886-0.5041275673175996j)
"(2.7696969696969695, -0.4285714285714288)","(2.7696969696969695, -0.4285714285714288)",(-0.6337597444709715-0.960586517702724j),(-0.4888699505721821+0.04059863332863926j),(-0.38554493838838233-0.5066080947113983j),(0.2406551444895929-0.4945770563199649j)
"(2.812121212121212, -0.4285714285714288)","(2.812121212121212, -0.4285714285714288)",(0.41792165289391064-0.9770920133740089j),(-0.4330994974662601-0.23323272267026446j),(0.3418816453797489-0.48464040427408867j),(0.5091395049804218-0.2592188864296558j)
"(2.8545454545454545, -0.4285714285714288)","(2.8545454545454545, -0.4285714285714288)",(0.8533943300880926-0.14269712134930676j),(-0.22842443768067164-0.42590141144537375j),(0.5188898485644617+0.17461656797370878j),(0.5629289192043025+0.1085877221223582j)
"(2.896969696969697, -0.4285714285714288)","(2.896969696969697, -0.4285714285714288)",(0.3809340424033759+0.4596844107653304j),(0.044689754508533595-0.4625642209247548j),(-0.02826804672462361+0.5016945910869886j),(0.3645123346194659+0.42055404060309665j)
"(2.9393939393939394, -0.4285714285714288)","(2.9393939393939394, -0.4285714285714288)",(-0.14995843541079643+0.2697085032231187j),(0.27608117817819733-0.33833308093678127j),(-0.45364116063771087+0.08510665730453326j),(0.027601547048717125+0.5229349268553667j)
"(2.981818181818182, -0.4285714285714288)","(2.981818181818182, -0.4285714285714288)",(-0.05227358098671692-0.1184895704630975j),(0.38181660587028987-0.12031339551485466j),(-0.16603485066796064-0.3953506306035389j),(-0.26805533618904615+0.3971744556552961j)
"(3.0242424242424244, -0.4285714285714288)","(3.0242424242424244, -0.4285714285714288)",(0.2846870975301099+0.01702012181225851j),(0.34581202457304994+0.0916282559166623j),(0.3410487409758381-0.22491190828300509j),(-0.4021736680187782+0.1503037741786013j)
"(3.066666666666667, -0.4285714285714288)","(3.066666666666667, -0.4285714285714288)",(0.12331010223235411+0.43262473906098353j),(0.21964701173227372+0.2223003578839317j),(0.2764476855943502+0.294749332490914j),(-0.3727845950942698-0.08442495131386216j)
"(3.109090909090909, -0.4285714285714288)","(3.109090909090909, -0.4285714285714288)",(-0.42189832856445336+0.3527964028207776j),(0.0798187987075158+0.25843068266966446j),(-0.2500585594886485+0.33312600983221435j),(-0.25165856778332063-0.23876028968110116j)
"(3.1515151515151514, -0.4285714285714288)","(3.1515151515151514, -0.4285714285714288)",(-0.5253273916754986-0.27018717189960123j),(-0.026635122469116604+0.2390420370308084j),(-0.39971752459065873-0.19348477777445644j),(-0.09897474461572323-0.3157444311559532j)
"(3.193939393939394, -0.4285714285714288)","(3.193939393939394, -0.4285714285714288)",(0.07549490982185937-0.591545702355694j),(-0.10564711769052847+0.20726570408110614j),(0.11012289983159579-0.470475482279777j),(0.07101912768079205-0.32833592415702323j)
"(3.2363636363636363, -0.4285714285714288)","(3.2363636363636363, -0.4285714285714288)",(0.5897578245044217-0.10036140629391505j),(-0.18885668857846685+0.1650197018603029j),(0.5297981316410144-0.010048236518943644j),(0.2488163814418741-0.2553328716352743j)
"(3.278787878787879, -0.4285714285714288)","(3.278787878787879, -0.4285714285714288)",(0.2650237551333161+0.5585658946797121j),(-0.27927994953271695+0.07352725303499644j),(0.16711783118512713+0.5561308416872047j),(0.37718587348090593-0.07109220004248902j)
"(3.3212121212121213, -0.4285714285714288)","(3.3212121212121213, -0.4285714285714288)",(-0.48518016165224004+0.4396963460743618j),(-0.32260470687275317-0.09513959526763727j),(-0.5279945654722391+0.3488942533243296j),(0.3654191106927522+0.18594168801766947j)
"(3.3636363636363638, -0.4285714285714288)","(3.3636363636363638, -0.4285714285714288)",(-0.6013449577671682-0.3364987875861635j),(-0.24094341661004337-0.30004628130272865j),(-0.531931323226699-0.4304907327433526j),(0.17152978206957414+0.3940382264599177j)
"(3.4060606060606062, -0.4285714285714288)","(3.4060606060606062, -0.4285714285714288)",(0.11960201775063903-0.6932126705017053j),(-0.0108357319691301-0.42803573805318595j),(0.26055726751332214-0.6857020021744883j),(-0.13011951779355302+0.4205250697259689j)
"(3.4484848484848487, -0.4285714285714288)","(3.4484848484848487, -0.4285714285714288)",(0.6851219801530282-0.1070647835116921j),(0.28206005925411387-0.3662266073319919j),(0.7788993034114948+0.02961728000428714j),(-0.3758373825125805+0.22954454381601266j)
"(3.4909090909090907, -0.4285714285714288)","(3.4909090909090907, -0.4285714285714288)",(0.28637718402890416+0.6083236554198361j),(0.47340673807746564-0.10167478599117596j),(0.23705719277737783+0.786351298168327j),(-0.42408674682593933-0.07635285675731493j)
"(3.533333333333333, -0.4285714285714288)","(3.533333333333333, -0.4285714285714288)",(-0.5210190459175714+0.4185406153950117j),(0.43039136290226576+0.23873798055412254j),(-0.6949384317041413+0.504141528483262j),(-0.2564719771156959-0.32433889364237284j)
"(3.5757575757575757, -0.4285714285714288)","(3.5757575757575757, -0.4285714285714288)",(-0.554485880990176-0.4395602081888973j),(0.1600854551027904+0.4580408434287838j),(-0.7323673074368805-0.507186604621105j),(0.017795971343914113-0.3904144469965761j)
"(3.618181818181818, -0.4285714285714288)","(3.618181818181818, -0.4285714285714288)",(0.3111174135228095-0.7274058698566435j),(-0.1792725598051132+0.4271112421510619j),(0.24177859797464643-0.8856139175070759j),(0.2486113753532763-0.26890319450062955j)
"(3.6606060606060606, -0.4285714285714288)","(3.6606060606060606, -0.4285714285714288)",(0.8910770326313283+0.06453488563717005j),(-0.3863115375173254+0.18167549259072047j),(0.9374999489329123-0.06907547563435272j),(0.33988862121574137-0.04806513131919769j)
"(3.703030303030303, -0.4285714285714288)","(3.703030303030303, -0.4285714285714288)",(0.3031083241879508+0.9333996934675652j),(-0.3624700789246397-0.10687940363292797j),(0.3848080039076991+0.876170119492968j),(0.28077039920489144+0.16410897760752524j)
"(3.7454545454545456, -0.4285714285714288)","(3.7454545454545456, -0.4285714285714288)",(-0.7643607625275247+0.6878818675104954j),(-0.17433107630675035-0.26703838995097634j),(-0.7064136633759412+0.6631211843279877j),(0.11638397715516695+0.2917990731334841j)
"(3.787878787878788, -0.4285714285714288)","(3.787878787878788, -0.4285714285714288)",(-0.9343010909835625-0.4046333890523221j),(0.0204415147274084-0.2534723145945073j),(-0.8667696871166733-0.4488320585463143j),(-0.08797291859429757+0.2976709840884995j)
"(3.83030303030303, -0.4285714285714288)","(3.83030303030303, -0.4285714285714288)",(-0.007224295415344084-0.9470921456881036j),(0.11408853291207949-0.15454216244635996j),(0.13636166688308934-0.969258619422533j),(-0.2576744952105129+0.17670863618078922j)
"(3.872727272727273, -0.4285714285714288)","(3.872727272727273, -0.4285714285714288)",(0.7676061432565038-0.3050896944737209j),(0.12509870184869248-0.08144565015004232j),(0.9585172912624688-0.19107051204136052j),(-0.3160098498546575-0.03257353228231809j)
"(3.915151515151515, -0.4285714285714288)","(3.915151515151515, -0.4285714285714288)",(0.41558245540017463+0.5467181564955435j),(0.14144919754816232-0.05303891817118789j),(0.4927042957619303+0.8380612981574043j),(-0.218571037909918-0.23830422349067293j)
"(3.957575757575758, -0.4285714285714288)","(3.957575757575758, -0.4285714285714288)",(-0.4291134128646931+0.41117101467448486j),(0.19577706464104294+0.005620636754400133j),(-0.6256520171446391+0.7328164422281386j),(0.0007615396389030887-0.3272660643080539j)
"(4.0, -0.4285714285714288)","(4.0, -0.4285714285714288)",(-0.44910642547645485-0.43761846208507116j),(0.21012804447895206+0.14993128314901782j),(-0.8853660552578637-0.3499018060148099j),(0.22613158530245683-0.2376479392192791j)
"(-0.2, -0.14285714285714324)","(-0.2, -0.14285714285714324)",(-1.2092371878609836+0.8238184228099746j),(-0.6973378815295708-0.3403821013807964j),(-1.002410858036481-0.07548647474804562j),(0.4905115517050681+1.2396869989388166j)
"(-0.1575757575757576, -0.14285714285714324)","(-0.1575757575757576, -0.14285714285714324)",(-0.42029827755802596+1.2988858103627994j),(-0.7341543266720546-0.3092412462717149j),(-0.2591172639024396+0.38486842776346253j),(0.5729733130164683+1.2232586288710519j)
"(-0.11515151515151516, -0.14285714285714324)","(-0.11515151515151516, -0.14285714285714324)",(0.2159302070750671+0.69725505532217j),(-0.7611906849527431-0.2844927617403843j),(0.34190967196297756-0.2253435853825471j),(0.6352112200648327+1.2070914024451014j)
"(0.1393939393939394, -0.14285714285714324)","(0.1393939393939394, -0.14285714285714324)",(-0.007197211949582116+1.1105620088304475j),(-0.7384533981596413-0.33527665253462197j),(0.14859502092624607+0.2002966105426077j),(0.5826611652838131+1.2455420508224617j)
"(0.18181818181818182, -0.14285714285714324)","(0.18181818181818182, -0.14285714285714324)",(-0.8830584646640908+1.1017910732222813j),(-0.6992401990801254-0.3737015985584763j),(-0.6834738895997508+0.2054311340771913j),(0.49965562401578534+1.2700615377035662j)
"(0.22424242424242424, -0.14285714285714324)","(0.22424242424242424, -0.14285714285714324)",(-1.1719776969566233+0.20830968350914536j),(-0.6468756992964373-0.41516464870421305j),(-0.9193955105948896-0.6671385262896637j),(0.3942935129347036+1.290612858503022j)
"(0.26666666666666666, -0.14285714285714324)","(0.26666666666666666, -0.14285714285714324)",(-0.4368965354482778-0.3904509822436728j),(-0.5805368110429745-0.4555877035605779j),(-0.12388731324998442-1.235749904368703j),(0.2675275888446812+1.3008866256856082j)
"(0.30909090909090914, -0.14285714285714324)","(0.30909090909090914, -0.14285714285714324)",(0.32917883218684796+0.07132263534732708j),(-0.5003132194414884-0.4900403324528291j),(0.7074480291430741-0.7323585540030381j),(0.12204402248526224+1.293721521803194j)
"(0.3515151515151515, -0.14285714285714324)","(0.3515151515151515, -0.14285714285714324)",(0.10559785627617452+0.8746543149179251j),(-0.40771985403363864-0.5130086022290345j),(0.5504173902586713+0.12590973051400045j),(-0.03709967994885816+1.2617531866329592j)
"(0.393939393939394, -0.14285714285714324)","(0.393939393939394, -0.14285714285714324)",(-0.7186461690026384+0.8393884304237634j),(-0.3061813599836015-0.5189038515761645j),(-0.2104648112544477+0.15987502691664934j),(-0.2019999977645892+1.1984172550832786j)
"(0.43636363636363634, -0.14285714285714324)","(0.43636363636363634, -0.14285714285714324)",(-0.9018081380970715-0.0017330811823204062j),(-0.20137050804766918-0.5028462432833314j),(-0.3386339150823571-0.5981851535560981j),(-0.3618037149670453+1.0992983156571092j)
"(0.4787878787878788, -0.14285714285714324)","(0.4787878787878788, -0.14285714285714324)",(-0.11421479952880309-0.4438582026992369j),(-0.10124505654336771-0.46170502747856007j),(0.4902442753801974-0.9458589607680106j),(-0.5032140183656327+0.9637057855473338j)
"(0.5212121212121212, -0.14285714285714324)","(0.5212121212121212, -0.14285714285714324)",(0.5808517453751408+0.1896555958677253j),(-0.01561083015987948-0.39529457950206276j),(1.2082829562771575-0.21125787330564236j),(-0.6118203807421373+0.7962080486754304j)
"(0.5636363636363637, -0.14285714285714324)","(0.5636363636363637, -0.14285714285714324)",(0.21085719149364568+1.0851088660736887j),(0.044936255507292654-0.30751874450306493j),(0.8402725325481221+0.7849331841545264j),(-0.674351596561769+0.6076944264222274j)
"(0.6060606060606062, -0.14285714285714324)","(0.6060606060606062, -0.14285714285714324)",(-0.7483902882661154+1.0708818230742376j),(0.07074870803228037-0.20714590940643782j),(-0.13741539035109557+0.8626137839618134j),(-0.6817236059473002+0.41541394851886215j)
"(0.6484848484848484, -0.14285714285714324)","(0.6484848484848484, -0.14285714285714324)",(-1.0524272420851435+0.24631365053171456j),(0.05544295177886766-0.10781995321747734j),(-0.47544980120171804+0.11269581072164024j),(-0.6324203926622931+0.24143779302755167j)
"(0.6909090909090909, -0.14285714285714324)","(0.6909090909090909, -0.14285714285714324)",(-0.44055401684622386-0.18859820418739656j),(-0.001541822714018127-0.026917732496271912j),(0.09635472517168014-0.27087348962815144j),(-0.5353669193038859+0.10919301793702677j)
"(0.7333333333333334, -0.14285714285714324)","(0.7333333333333334, -0.14285714285714324)",(0.01559898025418871+0.34441910448083024j),(-0.09273123234754771+0.016995906342794697j),(0.5194824378318721+0.28924805723985225j),(-0.41115222523013567+0.03817514089818333j)
"(0.7757575757575759, -0.14285714285714324)","(0.7757575757575759, -0.14285714285714324)",(-0.5416455240546756+0.966934335925178j),(-0.20154206793280235+0.008056573264368568j),(-0.04968665946755301+0.9212323616104545j),(-0.2904167966543202+0.03764540105035486j)
"(0.8181818181818183, -0.14285714285714324)","(0.8181818181818183, -0.14285714285714324)",(-1.50317586273745+0.5822340869980382j),(-0.3031783645898448-0.06218778756222884j),(-0.9913824031050877+0.5435120743234346j),(-0.20861509504251738+0.10090980023683252j)
"(0.8606060606060608, -0.14285714285714324)","(0.8606060606060608, -0.14285714285714324)",(-1.611702571084047-0.5569504093937616j),(-0.368089920914898-0.1902870668908291j),(-1.0463098936534543-0.5690377424438235j),(-0.19730275651569457+0.20237439994089104j)
"(0.9030303030303031, -0.14285714285714324)","(0.9030303030303031, -0.14285714285714324)",(-0.7078930165495517-1.1658380529343002j),(-0.36800658873085035-0.35808527771476656j),(-0.0663994911514409-1.1073465744716215j),(-0.2734869366672605+0.2995937992520879j)
"(0.9454545454545455, -0.14285714285714324)","(0.9454545454545455, -0.14285714285714324)",(0.050247752511432875-0.6904476403347253j),(-0.2836858285291493-0.5331507889436795j),(0.7639841773395749-0.49893235313433926j),(-0.4300505962989927+0.3416355017432935j)
"(0.987878787878788, -0.14285714285714324)","(0.987878787878788, -0.14285714285714324)",(-0.20045922959686358-0.04234730639271855j),(-0.11254045892542322-0.673524740363056j),(0.5432687636908183+0.34800300338114076j),(-0.6311875343622587+0.28317443058919667j)
"(1.0303030303030305, -0.14285714285714324)","(1.0303030303030305, -0.14285714285714324)",(-0.8548158819440191-0.2855117955683133j),(0.1263950584698564-0.7367749999801099j),(-0.16476908247583133+0.3501021610009115j),(-0.8164418579380442+0.10116104341088508j)
"(1.0727272727272728, -0.14285714285714324)","(1.0727272727272728, -0.14285714285714324)",(-0.7432600796056178-1.1406544881238483j),(0.3927191835243859-0.6917689546059789j),(-0.22112906022192408-0.2574423846853717j),(-0.9148502029080796-0.19144314883249777j)
"(1.1151515151515152, -0.14285714285714324)","(1.1151515151515152, -0.14285714285714324)",(0.1868758971061174-1.4151760556433401j),(0.6316945854285735-0.5299839453733372j),(0.42217787950744334-0.34393681577727414j),(-0.8669965678298995-0.5412552944927289j)
"(1.1575757575757577, -0.14285714285714324)","(1.1575757575757577, -0.14285714285714324)",(0.8039169406187171-0.7301995208894473j),(0.7875731548077086-0.27225053176822794j),(0.6649232566792406+0.4061387822747294j),(-0.6485794708682321-0.8640877713959487j)
"(1.2000000000000002, -0.14285714285714324)","(1.2000000000000002, -0.14285714285714324)",(0.43045731360428235-0.07491260691890411j),(0.82012968788483+0.03273197099393484j),(-0.10344203628253415+0.961085332176971j),(-0.2862303379980135-1.06872991008981j)
"(1.2424242424242427, -0.14285714285714324)","(1.2424242424242427, -0.14285714285714324)",(-0.15358773095187053-0.382656164452539j),(0.7191102141103471+0.319607574117632j),(-1.0158683793154577+0.38644385878037246j),(0.14317043425324003-1.0887075973505436j)
"(1.284848484848485, -0.14285714285714324)","(1.284848484848485, -0.14285714285714324)",(0.19880309838532528-1.1441272185090214j),(0.5106567276713261+0.5252712313686881j),(-0.8453306659255548-0.7590889398704228j),(0.533477036639554-0.9103095100072868j)
"(1.3272727272727274, -0.14285714285714324)","(1.3272727272727274, -0.14285714285714324)",(1.3284584613894417-1.0542713263263175j),(0.2515578942900686+0.6097050841639073j),(0.2910230387748687-1.0803253725864137j),(0.7858775283245045-0.583651037903811j)
"(1.3696969696969699, -0.14285714285714324)","(1.3696969696969699, -0.14285714285714324)",(1.8848970698076437+0.16550083527500573j),(0.011365407259810025+0.570759368256552j),(1.0258378911625907-0.1969798479527394j),(0.8476937713852432-0.20827868502880695j)
"(1.4121212121212123, -0.14285714285714324)","(1.4121212121212123, -0.14285714285714324)",(1.1193453394733062+1.3059084146185342j),(-0.15226668500854454+0.44576183740221764j),(0.5359580838266084+0.7554813232390538j),(0.7356539406552424+0.1046652539772629j)
"(1.4545454545454546, -0.14285714285714324)","(1.4545454545454546, -0.14285714285714324)",(-0.10460236892667851+1.2340440326626496j),(-0.21551813254480973+0.29728894439476544j),(-0.41890023282097616+0.6573766223571021j),(0.5298159964391074+0.279378465910782j)
"(1.496969696969697, -0.14285714285714324)","(1.496969696969697, -0.14285714285714324)",(-0.4647840795642316+0.3423762113907912j),(-0.19756640235861006+0.18722415599498018j),(-0.6039375933735408-0.15423374227717998j),(0.3367199161679192+0.309385797672991j)
"(1.5393939393939395, -0.14285714285714324)","(1.5393939393939395, -0.14285714285714324)",(0.11078329787816052-0.07530674367848939j),(-0.1512114510403027+0.14948922489393934j),(0.025467135987585838-0.4839730086824556j),(0.23652761293087737+0.25917704011002685j)
"(1.581818181818182, -0.14285714285714324)","(1.581818181818182, -0.14285714285714324)",(0.5077401162017894+0.4111862094864527j),(-0.13725023459646066+0.17415920711925698j),(0.4045794397145016+0.008686753214757047j),(0.2404109110837484+0.2283402491524387j)
"(1.6242424242424245, -0.14285714285714324)","(1.6242424242424245, -0.14285714285714324)",(0.0675738102532869+0.9245219051519371j),(-0.19330225550369462+0.21192728158754293j),(-0.022338094391127702+0.41925934866174497j),(0.28321416014810924+0.29333527490264916j)
"(1.6666666666666667, -0.14285714285714324)","(1.6666666666666667, -0.14285714285714324)",(-0.5623034532400906+0.6780384082488307j),(-0.31209282980099506+0.19880859287520916j),(-0.5103357439757243+0.02169239195538332j),(0.2601251205366288+0.4575374234182382j)
"(1.7090909090909092, -0.14285714285714324)","(1.7090909090909092, -0.14285714285714324)",(-0.5225199557106279+0.1240006604715238j),(-0.44124387818322713+0.09049411279255806j),(-0.17263746865196944-0.6066775368839202j),(0.09136139112456867+0.640184084562886j)
"(1.7515151515151517, -0.14285714285714324)","(1.7515151515151517, -0.14285714285714324)",(-0.10470331179721379+0.18629109661520904j),(-0.5067524657440465-0.11055302189900221j),(0.6226244493733555-0.4191833315995668j),(-0.22057529542652274+0.716027450113778j)
"(1.7939393939393942, -0.14285714285714324)","(1.7939393939393942, -0.14285714285714324)",(-0.33078610660593505+0.7364269598693728j),(-0.449982040565785-0.3501127119837581j),(0.6964184815725761+0.49854631603171945j),(-0.5772225476127262+0.5879933558214114j)
"(1.8363636363636366, -0.14285714285714324)","(1.8363636363636366, -0.14285714285714324)",(-1.3145304256850812+0.6225187310542324j),(-0.25979725944473603-0.543729494044614j),(-0.22665516666786256+0.914244513578651j),(-0.8280779995724826+0.25200371152019546j)
"(1.8787878787878791, -0.14285714285714324)","(1.8787878787878791, -0.14285714285714324)",(-1.8275243544921294-0.6567000517539352j),(0.017354596152330558-0.6152004532694082j),(-0.9933107922762757+0.1458286843755475j),(-0.8515681583681841-0.18732828286007452j)
"(1.9212121212121216, -0.14285714285714324)","(1.9212121212121216, -0.14285714285714324)",(-0.865053857847522-1.991851593407608j),(0.29575494422285314-0.5327361100251615j),(-0.5344337176301718-0.894081764982364j),(-0.6263750844402033-0.5650337184000824j)
"(1.9636363636363636, -0.14285714285714324)","(1.9636363636363636, -0.14285714285714324)",(0.8700607838983019-1.9144579802736075j),(0.4883666082955308-0.3239438310019171j),(0.6293373035422931-0.8471416533778909j),(-0.2476431279395222-0.7433724958937995j)
"(2.006060606060606, -0.14285714285714324)","(2.006060606060606, -0.14285714285714324)",(1.6847095770692877-0.49020034608652296j),(0.5448587152938034-0.06184206740865257j),(1.0141654958059032+0.2576674568444876j),(0.12568536596958102-0.686025735522358j)
"(2.0484848484848484, -0.14285714285714324)","(2.0484848484848484, -0.14285714285714324)",(0.9693954253534323+0.7067082573127861j),(0.47010627885147616+0.17018966238417926j),(0.13754694908195653+1.0075802249903854j),(0.36174219741999963-0.4710616300617785j)
"(2.090909090909091, -0.14285714285714324)","(2.090909090909091, -0.14285714285714324)",(-0.10425406500681117+0.5572399681992002j),(0.3146081189165398+0.31536572091084325j),(-0.8454672034136734+0.4748501521407705j),(0.42660501949032253-0.23297590485241365j)
"(2.1333333333333333, -0.14285714285714324)","(2.1333333333333333, -0.14285714285714324)",(-0.1658843750124015-0.2904258286501066j),(0.14394073140861893+0.36299197084488877j),(-0.6976150642213039-0.5811830969414488j),(0.38778995780028347-0.0722347025535466j)
"(2.175757575757576, -0.14285714285714324)","(2.175757575757576, -0.14285714285714324)",(0.6370353874494409-0.43945947022400267j),(0.005418070585127245+0.34191217156757714j),(0.2832191733418383-0.7862270816005448j),(0.34839814352247533+0.004855439808964971j)
"(2.2181818181818183, -0.14285714285714324)","(2.2181818181818183, -0.14285714285714324)",(1.027438070987129+0.38049565580780653j),(-0.08970077251404907+0.2943585259051568j),(0.7571496681849159+0.013428359839984605j),(0.3599891753162621+0.07270877006266513j)
"(2.2606060606060607, -0.14285714285714324)","(2.2606060606060607, -0.14285714285714324)",(0.4088883029788493+1.1074182473583916j),(-0.16030015505588+0.2470685462592813j),(0.18920286005700734+0.6510949959387825j),(0.37998559797772197+0.20925470516032774j)
"(2.303030303030303, -0.14285714285714324)","(2.303030303030303, -0.14285714285714324)",(-0.43889950749256845+0.9256760980471566j),(-0.23164356877189757+0.19673326830188984j),(-0.5157170873424889+0.31491578511990836j),(0.30846114862181795+0.4140270446253584j)
"(2.3454545454545452, -0.14285714285714324)","(2.3454545454545452, -0.14285714285714324)",(-0.6094649083793422+0.3161922303421176j),(-0.30937158918608326+0.11760084444501402j),(-0.37917137150289043-0.3891955796551644j),(0.07907805230963148+0.587786965552268j)
"(2.3878787878787877, -0.14285714285714324)","(2.3878787878787877, -0.14285714285714324)",(-0.34365974416387685+0.17069654370507625j),(-0.3675947210376394-0.013865248792062544j),(0.289837756759152-0.4111640503981988j),(-0.26590277988538946+0.5957258428953376j)
"(2.43030303030303, -0.14285714285714324)","(2.43030303030303, -0.14285714285714324)",(-0.49924025009661394+0.39317339166883053j),(-0.35946259874949527-0.192164081972431j),(0.4397013002438957+0.2141450819408255j),(-0.5794789515910144+0.37119239170043605j)
"(2.4727272727272727, -0.14285714285714324)","(2.4727272727272727, -0.14285714285714324)",(-1.0867050086711008+0.09157286070842414j),(-0.2461999036733182-0.3708214523903902j),(-0.14274868605443422+0.48142033610279455j),(-0.6977564189433484-0.01902602300398019j)
"(2.515151515151515, -0.14285714285714324)","(2.515151515151515, -0.14285714285714324)",(-1.114933607370634-0.9294863154955997j),(-0.029371775724415114-0.4758481555579113j),(-0.5348722845628983-0.05122306771939826j),(-0.5506895470833205-0.4024150922182901j)
"(2.5575757575757576, -0.14285714285714324)","(2.5575757575757576, -0.14285714285714324)",(-0.05743484962164519-1.6300025466524937j),(0.23360154538653577-0.4419253131162599j),(-0.07832969249621635-0.5816917941160527j),(-0.2127067025119646-0.606385439420181j)
"(2.6, -0.14285714285714324)","(2.6, -0.14285714285714324)",(1.1854299473394712-1.0680860967218284j),(0.44504796846324585-0.2540025595137507j),(0.5937269447436299-0.2487396185125862j),(0.1466550341325954-0.5653439186954915j)
"(2.6424242424242426, -0.14285714285714324)","(2.6424242424242426, -0.14285714285714324)",(1.3318760220447858+0.22465625848930743j),(0.5120154704634702+0.03113779693548698j),(0.4446967929961055+0.5433333287796037j),(0.3751637585852101-0.3498148672257833j)
"(2.684848484848485, -0.14285714285714324)","(2.684848484848485, -0.14285714285714324)",(0.41259218876052617+0.8390971793544371j),(0.39876455334886757+0.3025628857597884j),(-0.41341918098726116+0.6356664310116671j),(0.42724681639891976-0.09913213741701839j)
"(2.727272727272727, -0.14285714285714324)","(2.727272727272727, -0.14285714285714324)",(-0.2653763619228089+0.3293044771336043j),(0.15376521231823856+0.4494513796543009j),(-0.7835173744170457-0.20427600467547088j),(0.36437580017599824+0.0841291021547743j)
"(2.7696969696969695, -0.14285714285714324)","(2.7696969696969695, -0.14285714285714324)",(0.09870852144406086-0.23868827735846218j),(-0.11196227412569854+0.42252925607555375j),(-0.06455170568727378-0.8523972297501029j),(0.2752225012570332+0.19117969631608697j)
"(2.812121212121212, -0.14285714285714324)","(2.812121212121212, -0.14285714285714324)",(0.721345015262+0.17749686493020572j),(-0.2877911885344882+0.26148306674989913j),(0.8180287014598671-0.35756948403117134j),(0.19110750233662105+0.27358328221147793j)
"(2.8545454545454545, -0.14285714285714324)","(2.8545454545454545, -0.14285714285714324)",(0.3758873148516277+1.097519684076415j),(-0.32778691094742435+0.06504712870858519j),(0.6306329273635793+0.6740441194945864j),(0.07304129843547268+0.3584284358732433j)
"(2.896969696969697, -0.14285714285714324)","(2.896969696969697, -0.14285714285714324)",(-0.8238729107487347+1.1590124392974834j),(-0.2690912780966751-0.07850748345423783j),(-0.4339775522870904+0.8401708774852428j),(-0.1208040803649691+0.3973490452664786j)
"(2.9393939393939394, -0.14285714285714324)","(2.9393939393939394, -0.14285714285714324)",(-1.4952352526618884+0.026085735645742125j),(-0.18811419557079728-0.14837424894609927j),(-0.952003831254237-0.12875093517277417j),(-0.35511722583685407+0.30321091976461556j)
"(2.981818181818182, -0.14285714285714324)","(2.981818181818182, -0.14285714285714324)",(-0.8371404022319038-1.0909616437810192j),(-0.12901692680468946-0.1882645668841131j),(-0.1994173571355375-0.9477824043375388j),(-0.5087061182916769+0.04508532744063262j)
"(3.0242424242424244, -0.14285714285714324)","(3.0242424242424244, -0.14285714285714324)",(0.3026779372788379-1.0371342323271233j),(-0.06734116843406757-0.2441652667405488j),(0.8278473270053022-0.5050346412261936j),(-0.4578282212923967-0.287934324360381j)
"(3.066666666666667, -0.14285714285714324)","(3.066666666666667, -0.14285714285714324)",(0.615934048618678-0.21146199196763155j),(0.053699546888320036-0.29893088359936065j),(0.7474077869433576+0.610258313438242j),(-0.1851732852129997-0.5227894218065129j)
"(3.109090909090909, -0.14285714285714324)","(3.109090909090909, -0.14285714285714324)",(0.09901168426650325+0.10611977607614653j),(0.2424171897268746-0.27099833904597825j),(-0.32660411230378067+0.8971194472356655j),(0.18319860684340933-0.5200013321135407j)
"(3.1515151515151514, -0.14285714285714324)","(3.1515151515151514, -0.14285714285714324)",(-0.074988227854564-0.3854934606804121j),(0.4114375822715997-0.09149020830560434j),(-0.9398192207974768-0.015804064685149083j),(0.45339341067131306-0.2781991876896587j)
"(3.193939393939394, -0.14285714285714324)","(3.193939393939394, -0.14285714285714324)",(0.6358792698187528-0.6104494202599272j),(0.42368793731008886+0.20365832972390271j),(-0.2826477236493606-0.876953347052459j),(0.4948390561580244+0.06284559706862904j)
"(3.2363636363636363, -0.14285714285714324)","(3.2363636363636363, -0.14285714285714324)",(1.2535379101522048+0.24820676191206187j),(0.20883568363159827+0.4594679719408471j),(0.7237328786952624-0.5346530366475072j),(0.32096934782534414+0.32339182661872196j)
"(3.278787878787879, -0.14285714285714324)","(3.278787878787879, -0.14285714285714324)",(0.6250511622574769+1.4090100501865357j),(-0.14894216467423793+0.5006050336718527j),(0.7157252314808106+0.5051399060882903j),(0.058268095450904236+0.4032651104263927j)
"(3.3212121212121213, -0.14285714285714324)","(3.3212121212121213, -0.14285714285714324)",(-0.8540250793995082+1.4102949166364687j),(-0.4435793858262692+0.2736618691571083j),(-0.2510180505048286+0.8129892136100754j),(-0.15942764306841042+0.32364383386928514j)
"(3.3636363636363638, -0.14285714285714324)","(3.3636363636363638, -0.14285714285714324)",(-1.5920590410279438+0.08827634129044326j),(-0.49257017388494795-0.09146218762922113j),(-0.8250166173121871+0.008719286615565657j),(-0.2744722498308088+0.17101924230409873j)
"(3.4060606060606062, -0.14285714285714324)","(3.4060606060606062, -0.14285714285714324)",(-0.8299919309197075-1.1165672754384288j),(-0.27950056760276737-0.3683319960214167j),(-0.24795039742247518-0.7599525213973037j),(-0.3025409658944649+0.011717241980291629j)
"(3.4484848484848487, -0.14285714285714324)","(3.4484848484848487, -0.14285714285714324)",(0.39726416492561734-0.9911274239706198j),(0.033575280096829474-0.40588063320147527j),(0.6326241257907075-0.4468070168581999j),(-0.26893524096191956-0.13843977391094459j)
"(3.4909090909090907, -0.14285714285714324)","(3.4909090909090907, -0.14285714285714324)",(0.6682878336043951-0.049326157299430406j),(0.24160287299428376-0.23772342464960977j),(0.5926365085107289+0.46136868619037685j),(-0.16595154790061753-0.2729714188401975j)
"(3.533333333333333, -0.14285714285714324)","(3.533333333333333, -0.14285714285714324)",(0.015242511163428195+0.30320516686557375j),(0.260940751766742-0.03083375642167966j),(-0.26520462371136916+0.6796781453425099j),(0.01950638310805538-0.34563922205525655j)
"(3.5757575757575757, -0.14285714285714324)","(3.5757575757575757, -0.14285714285714324)",(-0.2909686941060635-0.2700483211375321j),(0.17277713231441438+0.07633028105176116j),(-0.707869858002628-0.061751749362923096j),(0.24412403158215012-0.2846268528263701j)
"(3.618181818181818, -0.14285714285714324)","(3.618181818181818, -0.14285714285714324)",(0.3703747004155004-0.6602213202744619j),(0.11003439252245666+0.0891551098077272j),(-0.13394909823851034-0.68127313808056j),(0.3942894061315541-0.0681032920016291j)
"(3.6606060606060606, -0.14285714285714324)","(3.6606060606060606, -0.14285714285714324)",(1.0710738763238414+0.021400917266183705j),(0.10730808522535024+0.11394335904296621j),(0.6065548351666806-0.3097980828336605j),(0.35721095593181057+0.217255641056878j)
"(3.703030303030303, -0.14285714285714324)","(3.703030303030303, -0.14285714285714324)",(0.6510705975234633+1.10789354483871j),(0.0726847191406111+0.2068058288138954j),(0.4564233486298508+0.49182980293389106j),(0.12196252975300138+0.4092579130909236j)
"(3.7454545454545456, -0.14285714285714324)","(3.7454545454545456, -0.14285714285714324)",(-0.6187936117465005+1.231613506984387j),(-0.08539627868472555+0.28180273250180393j),(-0.3459938321075978+0.5667074633377642j),(-0.18740350095417707+0.38310331114481877j)
"(3.787878787878788, -0.14285714285714324)","(3.787878787878788, -0.14285714285714324)",(-1.3371266220815214+0.1619313113305939j),(-0.3127097468333325+0.19057044089370395j),(-0.6353496543241206-0.17850807064854443j),(-0.3890672209240683+0.1498689410854344j)
"(3.83030303030303, -0.14285714285714324)","(3.83030303030303, -0.14285714285714324)",(-0.7881510893160445-0.9036078134688036j),(-0.4161378231850511-0.09726070440635733j),(-0.0005293982323368029-0.6586728125018511j),(-0.3714838678986566-0.14767429656059516j)
"(3.872727272727273, -0.14285714285714324)","(3.872727272727273, -0.14285714285714324)",(0.2267967248880949-0.9262464167168001j),(-0.24261046150178148-0.407167563860167j),(0.6347591795953746-0.18025090644737482j),(-0.1653519932054983-0.33882794640925823j)
"(3.915151515151515, -0.14285714285714324)","(3.915151515151515, -0.14285714285714324)",(0.5840590927205975-0.2582177557556005j),(0.1408177013067432-0.4835959217859667j),(0.34904548219409687+0.5638701455839179j),(0.09419590921975748-0.3384919795535517j)
"(3.957575757575758, -0.14285714285714324)","(3.957575757575758, -0.14285714285714324)",(0.28416666682610525+0.08659532092534167j),(0.4627044978273277-0.22666312376396083j),(-0.4490033223966171+0.494901031580755j),(0.27046549139539466-0.18164258689145246j)
"(4.0, -0.14285714285714324)","(4.0, -0.14285714285714324)",(0.16731490743703592-0.07654804957121422j),(0.47134555635706266+0.1903571986919737j),(-0.6061206371990477-0.2963838505610776j),(0.302089988279021+0.029478602297889657j)
"(-0.2, 0.14285714285714235)","(-0.2, 0.14285714285714235)",(-1.4894565725778253+0.3198103055610473j),(0.18487395361532416+0.7763626042378422j),(-0.4494920951904139-0.050015629007489674j),(-1.2248384310027356-0.40653666966930524j)
"(-0.1575757575757576, 0.14285714285714235)","(-0.1575757575757576, 0.14285714285714235)",(-0.7040285030506002+0.7440526266301086j),(0.2396146343833868+0.7883457750071853j),(0.3149677123482869+0.2974520623056665j),(-1.2586108497822739-0.34174521068274316j)
"(-0.11515151515151516, 0.14285714285714235)","(-0.11515151515151516, 0.14285714285714235)",(-0.15360371216235924+0.12058070708179763j),(0.28178463991037334+0.7955424030240105j),(0.8464658095261745-0.38378640655828133j),(-1.281854161598907-0.2911752893839315j)
"(0.1393939393939394, 0.14285714285714235)","(0.1393939393939394, 0.14285714285714235)",(-0.39199036635530504+0.6395959545532166j),(0.21738116800877166+0.8125133840609653j),(0.6676505304035781+0.17492862881163865j),(-1.277022064767655-0.34784605831938736j)
"(0.18181818181818182, 0.14285714285714235)","(0.18181818181818182, 0.14285714285714235)",(-1.2620205971703202+0.7013541432595053j),(0.15335554670695362+0.8033052439665751j),(-0.16742493861616178+0.3150414884745696j),(-1.2479512052611121-0.4169925891816394j)
"(0.22424242424242424, 0.14285714285714235)","(0.22424242424242424, 0.14285714285714235)",(-1.6273234254734215-0.16923497438692026j),(0.07766071342820194+0.7829076561330502j),(-0.5001813684248574-0.45255781308264775j),(-1.2048027704767659-0.49958481743732275j)
"(0.26666666666666666, 0.14285714285714235)","(0.26666666666666666, 0.14285714285714235)",(-0.9559224924450245-0.8466515672749788j),(-0.005773035515100926+0.747271060660148j),(0.1939993349513401-1.001720784443111j),(-1.1441487918812636-0.5922018434920158j)
"(0.30909090909090914, 0.14285714285714235)","(0.30909090909090914, 0.14285714285714235)",(-0.16246121805240799-0.49448300942726003j),(-0.09125024614182567+0.6928698498207445j),(0.9914854520991631-0.49729109691111634j),(-1.0626964240097454-0.6900617623368882j)
"(0.3515151515151515, 0.14285714285714235)","(0.3515151515151515, 0.14285714285714235)",(-0.31004467363321775+0.25855409818552044j),(-0.17126209888572633+0.6176088011694317j),(0.8190885775798801+0.4278419178241118j),(-0.9578711523273715-0.7868966208080231j)
"(0.393939393939394, 0.14285714285714235)","(0.393939393939394, 0.14285714285714235)",(-1.1031357546248504+0.21309989356712233j),(-0.2368244066309239+0.521883431743342j),(-0.037776188760071536+0.5662323808953361j),(-0.8285351592338549-0.8750159190715557j)
"(0.43636363636363634, 0.14285714285714235)","(0.43636363636363634, 0.14285714285714235)",(-1.30107094287203-0.6965732716838112j),(-0.27835448319279454+0.4096299578142256j),(-0.3469347112707971-0.16054388510129414j),(-0.6757817484084383-0.9456593443967427j)
"(0.4787878787878788, 0.14285714285714235)","(0.4787878787878788, 0.14285714285714235)",(-0.47016731360757225-1.2967495805040554j),(-0.2871754700364844+0.28908999143314795j),(0.3206965917264207-0.5961112571100728j),(-0.5036884352975085-0.9897283148271305j)
"(0.5212121212121212, 0.14285714285714235)","(0.5212121212121212, 0.14285714285714235)",(0.39893868240553615-0.8183753958551678j),(-0.25759765336604207+0.17292132721615552j),(0.9763831809474924+0.0076458361278449j),(-0.31984684517591416-0.9989425591991682j)
"(0.5636363636363637, 0.14285714285714235)","(0.5636363636363637, 0.14285714285714235)",(0.2804342897383446+0.02894472790590752j),(-0.18930961842927904+0.07725871169897133j),(0.6051777605078137+0.9190687147713484j),(-0.13543385234018998-0.9673826985644123j)
"(0.6060606060606062, 0.14285714285714235)","(0.6060606060606062, 0.14285714285714235)",(-0.4527801203685997+0.06818094834341126j),(-0.0895469825339874+0.01942686750297782j),(-0.39866179759474074+0.9420050683232668j),(0.035428659760128434-0.8932509874828334j)
"(0.6484848484848484, 0.14285714285714235)","(0.6484848484848484, 0.14285714285714235)",(-0.5752247068427861-0.6790089198543459j),(0.025733949906589813+0.014281469471387951j),(-0.7781855030117334+0.08723320033029897j),(0.17722684626235738-0.7805235896560327j)
"(0.6909090909090909, 0.14285714285714235)","(0.6909090909090909, 0.14285714285714235)",(0.23795157119075624-1.0273493344296414j),(0.13254967978806229+0.06960902736429204j),(-0.17017214342239928-0.4569442111311001j),(0.27557403482509324-0.6400141506628333j)
"(0.7333333333333334, 0.14285714285714235)","(0.7333333333333334, 0.14285714285714235)",(0.9308939823214035-0.3170882839895273j),(0.2021455148681024+0.1815821688194488j),(0.4082558696579732-0.00939191413357207j),(0.3204925977953279-0.48927853867540405j)
"(0.7757575757575759, 0.14285714285714235)","(0.7757575757575759, 0.14285714285714235)",(0.544015673556202+0.6288026921318143j),(0.20695631674278075+0.331770398519917j),(0.027145668053970465+0.6478711805279287j),(0.30991368875945075-0.3508388869160314j)
"(0.8181818181818183, 0.14285714285714235)","(0.8181818181818183, 0.14285714285714235)",(-0.43277411311508995+0.6353066377992853j),(0.1284951392184933+0.48739036738193287j),(-0.8137669694911556+0.39637726319387595j),(0.2524977171575723-0.24846099277652353j)
"(0.8606060606060608, 0.14285714285714235)","(0.8606060606060608, 0.14285714285714235)",(-0.7394620447575398-0.19664732047146052j),(-0.03469982903776107+0.6060744684733883j),(-0.8734057803591508-0.6010088755058116j),(0.16864356463937205-0.20171291343903722j)
"(0.9030303030303031, 0.14285714285714235)","(0.9030303030303031, 0.14285714285714235)",(-0.09920366441002869-0.6575240962923877j),(-0.2618012245480851+0.6452933129023151j),(0.07399858009013786-1.0831032550243411j),(0.08859898004791851-0.21971415417036164j)
"(0.9454545454545455, 0.14285714285714235)","(0.9454545454545455, 0.14285714285714235)",(0.4273589959147228-0.14951742509883015j),(-0.5099851903223181+0.5748136106537006j),(0.8902912911188431-0.4286387265598756j),(0.047052895118197886-0.29569230919265516j)
"(0.987878787878788, 0.14285714285714235)","(0.987878787878788, 0.14285714285714235)",(-0.018986777823768147+0.47456205016520875j),(-0.7221087157502948+0.38871221895289704j),(0.6285906696758374+0.4902752537438537j),(0.0745312682506892-0.40442542253154207j)
"(1.0303030303030305, 0.14285714285714235)","(1.0303030303030305, 0.14285714285714235)",(-0.8462644686846574+0.14020028966735187j),(-0.8412976535199914+0.1123276751416824j),(-0.19216706105240286+0.5324122053661713j),(0.18720024588773687-0.5045395908405018j)
"(1.0727272727272728, 0.14285714285714235)","(1.0727272727272728, 0.14285714285714235)",(-0.8250850194389372-0.8916395302343327j),(-0.8289419650553996-0.20000848753532j),(-0.3740874936336236-0.14493208537612426j),(0.3779444392500859-0.5466989573228884j)
"(1.1151515151515152, 0.14285714285714235)","(1.1151515151515152, 0.14285714285714235)",(0.17800857029777495-1.3469367879528633j),(-0.680000799357014-0.4780869683427769j),(0.24572509679744517-0.38189834641268744j),(0.6122842728573438-0.48695147319739895j)
"(1.1575757575757577, 0.14285714285714235)","(1.1575757575757577, 0.14285714285714235)",(0.9962003239656213-0.6939669083309876j),(-0.4288265979019674-0.6572160751230688j),(0.5927814520299746+0.2654904172178856j),(0.8322454698376142-0.3022412504258044j)
"(1.2000000000000002, 0.14285714285714235)","(1.2000000000000002, 0.14285714285714235)",(0.7785957463826088+0.14271044733112137j),(-0.14100403821896546-0.700952575337683j),(-0.04975975873561619+0.8468038754265031j),(0.9693595433371904-0.0031408527576988095j)
"(1.2424242424242427, 0.14285714285714235)","(1.2424242424242427, 0.14285714285714235)",(0.1445658094091533+0.11487780627322614j),(0.10813405196364062-0.6158361645969334j),(-0.9283320112252904+0.36892271808450094j),(0.964763768670803+0.36179125278565855j)
"(1.284848484848485, 0.14285714285714235)","(1.284848484848485, 0.14285714285714235)",(0.24427851489485242-0.4604681926203307j),(0.2613301183917508-0.4503104544003791j),(-0.8078589902620489-0.7242607459710315j),(0.7908073867651505+0.7141030077510799j)
"(1.3272727272727274, 0.14285714285714235)","(1.3272727272727274, 0.14285714285714235)",(1.0580124954587098-0.3746156537332005j),(0.3020891754627279-0.2758450233630037j),(0.2897474885634255-1.0649694812404344j),(0.46617583143255636+0.9661988508702376j)
"(1.3696969696969699, 0.14285714285714235)","(1.3696969696969699, 0.14285714285714235)",(1.3588069444457886+0.6918071371327708j),(0.2610357082017715-0.15653240119967657j),(1.0408609933405135-0.20132127906630587j),(0.05691024290350356+1.0496608173987532j)
"(1.4121212121212123, 0.14285714285714235)","(1.4121212121212123, 0.14285714285714235)",(0.42775070580998453+1.6013257131325247j),(0.20091647799901-0.12025667316302935j),(0.5671574602149148+0.7802224391277517j),(-0.34032323240394025+0.9413599471678022j)
"(1.4545454545454546, 0.14285714285714235)","(1.4545454545454546, 0.14285714285714235)",(-0.8699536075921189+1.2437393902946003j),(0.1853014651695167-0.14578435119448957j),(-0.42580536337699965+0.7135147601927015j),(-0.629449709384636+0.6760089812963883j)
"(1.496969696969697, 0.14285714285714235)","(1.496969696969697, 0.14285714285714235)",(-1.169494227991182+0.034391897349227596j),(0.24521846092469132-0.1738714800244552j),(-0.664653731248133-0.12894129220734332j),(-0.7500589576677403+0.33720466958102613j)
"(1.5393939393939395, 0.14285714285714235)","(1.5393939393939395, 0.14285714285714235)",(-0.3676459523191685-0.6389118857712189j),(0.3608362294357512-0.13877302388422058j),(-0.02697140869486103-0.5273620430588858j),(-0.7015107730600587+0.02722318117188734j)
"(1.581818181818182, 0.14285714285714235)","(1.581818181818182, 0.14285714285714235)",(0.3462479918706888-0.23305032663089217j),(0.46909916987082384-0.005158172644634058j),(0.4205177110005962-0.05393903857373256j),(-0.5433688890007312-0.17395311541252556j)
"(1.6242424242424245, 0.14285714285714235)","(1.6242424242424245, 0.14285714285714235)",(0.16096974397203773+0.3783443265619483j),(0.4951066571769896+0.20893718968603217j),(0.03446101079827814+0.4119454867979758j),(-0.36859792400323005-0.24253834992205972j)
"(1.6666666666666667, 0.14285714285714235)","(1.6666666666666667, 0.14285714285714235)",(-0.35854853436100037+0.2826410049092306j),(0.39180302656629834+0.4363379737056796j),(-0.4912669350479081+0.06650830203593007j),(-0.25908462587939063-0.22020527083237904j)
"(1.7090909090909092, 0.14285714285714235)","(1.7090909090909092, 0.14285714285714235)",(-0.2864812694542053-0.1843974233606625j),(0.16701863292408262+0.5911489192837102j),(-0.20955622500886048-0.5846633424212733j),(-0.24394367736942746-0.1908830002230994j)
"(1.7515151515151517, 0.14285714285714235)","(1.7515151515151517, 0.14285714285714235)",(0.19768147648755185-0.07938209483202635j),(-0.1169613151466099+0.6098680703635405j),(0.5976807620126853-0.4558931742815303j),(-0.2830379703785235-0.23335699091403656j)
"(1.7939393939393942, 0.14285714285714235)","(1.7939393939393942, 0.14285714285714235)",(0.07666550532298544+0.5717623498192479j),(-0.37126563284828057+0.48152416727644165j),(0.7358581670505489+0.4628727931551983j),(-0.28792702887928284-0.37263461061239206j)
"(1.8363636363636366, 0.14285714285714235)","(1.8363636363636366, 0.14285714285714235)",(-0.8652340591805563+0.643825913797072j),(-0.5206914270216053+0.2513048642256895j),(-0.17127735279614797+0.9499460401809912j),(-0.17326527936280306-0.5574249906096086j)
"(1.8787878787878791, 0.14285714285714235)","(1.8787878787878791, 0.14285714285714235)",(-1.4590561548915268-0.46012114091575806j),(-0.5350481456649853-0.0029810497010569724j),(-1.0110236039651057+0.22316581751575182j),(0.0870155947385641-0.6803059087304529j)
"(1.9212121212121216, 0.14285714285714235)","(1.9212121212121216, 0.14285714285714235)",(-0.6298727634418314-1.720806741346963j),(-0.4363076474867308-0.20764723350417794j),(-0.6247389765621227-0.8785644121330384j),(0.43117386060702223-0.6345950957097467j)
"(1.9636363636363636, 0.14285714285714235)","(1.9636363636363636, 0.14285714285714235)",(1.021790013158158-1.6339070638800508j),(-0.2803506426525063-0.32327791234213177j),(0.5725946300917294-0.9314840146362726j),(0.729546025718935-0.3791451369016464j)
"(2.006060606060606, 0.14285714285714235)","(2.006060606060606, 0.14285714285714235)",(1.792088250406584-0.16293025325633329j),(-0.12546533031228896-0.3539682345185098j),(1.0702002372453605+0.1644423452082237j),(0.8473533434735127+0.026595636053952796j)
"(2.0484848484848484, 0.14285714285714235)","(2.0484848484848484, 0.14285714285714235)",(0.962617359808277+1.126319108559764j),(-0.00510253557293712-0.3337144202965642j),(0.2496717180550703+1.0182343306860282j),(0.7180481773261438+0.44179919817029994j)
"(2.090909090909091, 0.14285714285714235)","(2.090909090909091, 0.14285714285714235)",(-0.33965666968175695+0.9930527255216188j),(0.08180904530134127-0.2996732984587226j),(-0.8059056132599685+0.5808033609227709j),(0.38443989827687025+0.7119226630575706j)
"(2.1333333333333333, 0.14285714285714235)","(2.1333333333333333, 0.14285714285714235)",(-0.6334919259494699-0.02023233824410542j),(0.15961122326528984-0.26747627245708j),(-0.7733415376628756-0.5011207532172886j),(-0.019761611551884144+0.7483646874302632j)
"(2.175757575757576, 0.14285714285714235)","(2.175757575757576, 0.14285714285714235)",(0.09386711207551007-0.4660059290798999j),(0.25069361488189806-0.22198009510340727j),(0.18373095362689518-0.8168579472185153j),(-0.34055745643328317+0.5728321132420227j)
"(2.2181818181818183, 0.14285714285714235)","(2.2181818181818183, 0.14285714285714235)",(0.6066817039245304+0.08808824754731676j),(0.35037553134686217-0.1295205277187763j),(0.7416799218634371-0.08034395696134239j),(-0.48537374928576893+0.29795273222743546j)
"(2.2606060606060607, 0.14285714285714235)","(2.2606060606060607, 0.14285714285714235)",(0.20909405380409885+0.6899298499150005j),(0.41774263452084215+0.032908119382862366j),(0.2565436848370779+0.60194896656957j),(-0.4651922655538212+0.05507276396256826j)
"(2.303030303030303, 0.14285714285714235)","(2.303030303030303, 0.14285714285714235)",(-0.4310490420669555+0.5087961942498909j),(0.39264467589480484+0.24723321806958223j),(-0.4536059150282881+0.34605774098375985j),(-0.3700878029334722-0.08449476480345117j)
"(2.3454545454545452, 0.14285714285714235)","(2.3454545454545452, 0.14285714285714235)",(-0.4376798005463924-0.03335592670069304j),(0.23509173896390728+0.4442968632288151j),(-0.37760650738349366-0.3353703184144684j),(-0.295165032126806-0.14228247151503975j)
"(2.3878787878787877, 0.14285714285714235)","(2.3878787878787877, 0.14285714285714235)",(-0.044801076175888105-0.0590318126962405j),(-0.03438375192848317+0.5293584003980834j),(0.25863351226089426-0.39116667976113106j),(-0.2690508365082992-0.19722353333319279j)
"(2.43030303030303, 0.14285714285714235)","(2.43030303030303, 0.14285714285714235)",(-0.1410950171399777+0.3373553636266849j),(-0.3240743900388294+0.43681953862248396j),(0.42020897208432717+0.20841088319693996j),(-0.2372295991854755-0.307875058192739j)
"(2.4727272727272727, 0.14285714285714235)","(2.4727272727272727, 0.14285714285714235)",(-0.77673376441198+0.2098942071462419j),(-0.508861045911033+0.18211278754509044j),(-0.15358399066212278+0.4785996076471761j),(-0.11428872783882432-0.45081818804602464j)
"(2.515151515151515, 0.14285714285714235)","(2.515151515151515, 0.14285714285714235)",(-0.9257839791722189-0.7171385956139491j),(-0.5022169898118652-0.1303175954305423j),(-0.5559873560876276-0.06188475960177174j),(0.13242036672727409-0.5249362405816351j)
"(2.5575757575757576, 0.14285714285714235)","(2.5575757575757576, 0.14285714285714235)",(0.030863435041946496-1.406870569605852j),(-0.31557649488286765-0.3606149866011581j),(-0.08586863682318814-0.6222908209135241j),(0.4323085667480023-0.4239647620911699j)
"(2.6, 0.14285714285714235)","(2.6, 0.14285714285714235)",(1.2213600655303083-0.8332480247542231j),(-0.056119013894486876-0.41976987963300444j),(0.6389501253959028-0.28687392903866177j),(0.6385289540288924-0.1266042160825569j)
"(2.6424242424242426, 0.14285714285714235)","(2.6424242424242426, 0.14285714285714235)",(1.2805638052984603+0.5121660816074931j),(0.14506551655210065-0.32551517988351686j),(0.5151904417596171+0.5727757928260767j),(0.6203078469867424+0.26490546866493325j)
"(2.684848484848485, 0.14285714285714235)","(2.684848484848485, 0.14285714285714235)",(0.17307678294005846+1.1221886803531604j),(0.2241895330413629-0.17908942560378152j),(-0.40789462806306936+0.7281183162928877j),(0.3567818779617649+0.5731597896640541j)
"(2.727272727272727, 0.14285714285714235)","(2.727272727272727, 0.14285714285714235)",(-0.6952738487574904+0.4241139798002853j),(0.22022750037631936-0.0760699881994542j),(-0.8776908985533364-0.15232906780459177j),(-0.03781045058047343+0.6525130358043313j)
"(2.7696969696969695, 0.14285714285714235)","(2.7696969696969695, 0.14285714285714235)",(-0.3226194232753711-0.4697593474937145j),(0.21990562128443755-0.02604498775908471j),(-0.162352719447943-0.9236328725029441j),(-0.3801723251118656+0.4799185127683143j)
"(2.812121212121212, 0.14285714285714235)","(2.812121212121212, 0.14285714285714235)",(0.5721250041556674-0.2808367733271333j),(0.25817153674097726+0.04299253725828024j),(0.8440937093684945-0.4877812891744669j),(-0.5301402419538044+0.16395197858905336j)
"(2.8545454545454545, 0.14285714285714235)","(2.8545454545454545, 0.14285714285714235)",(0.5707898295387658+0.700336214327703j),(0.2695331191880724+0.19245803043779175j),(0.7697074180998905+0.6414427465943354j),(-0.46845070774919717-0.13356456270442413j)
"(2.896969696969697, 0.14285714285714235)","(2.896969696969697, 0.14285714285714235)",(-0.47971937228837513+1.035352108076799j),(0.14818032827751124+0.3783263693042961j),(-0.34199171208530715+0.9600104232098858j),(-0.2859079884805792-0.30298468443738297j)
"(2.9393939393939394, 0.14285714285714235)","(2.9393939393939394, 0.14285714285714235)",(-1.2539052047590102+0.1255476194462894j),(-0.1281005772773013+0.4556830932398672j),(-1.0267519402720038+0.00981721364514817j),(-0.09905268720970511-0.339952687438726j)
"(2.981818181818182, 0.14285714285714235)","(2.981818181818182, 0.14285714285714235)",(-0.75553572803525-0.9718835454399397j),(-0.4302723993470305+0.2996485462767751j),(-0.36090426836313017-0.9600535288776046j),(0.035640939674910596-0.3114785628391101j)
"(3.0242424242424244, 0.14285714285714235)","(3.0242424242424244, 0.14285714285714235)",(0.3612804878627991-0.9915399752120957j),(-0.5513164518210799-0.058502004094289704j),(0.7728415027437087-0.6601958912196406j),(0.1397554369401703-0.2728420798981654j)
"(3.066666666666667, 0.14285714285714235)","(3.066666666666667, 0.14285714285714235)",(0.7469063716554241-0.13237897875894966j),(-0.37600214191328024-0.4161722458023218j),(0.8679240386358346+0.4968280716306769j),(0.25498447493286974-0.21303480458730473j)
"(3.109090909090909, 0.14285714285714235)","(3.109090909090909, 0.14285714285714235)",(0.19681899830738078+0.3404010777042581j),(0.002798110246627095-0.5427896936769441j),(-0.17514883064201175+0.9617134517624215j),(0.36916971870276544-0.07852268038121937j)
"(3.1515151515151514, 0.14285714285714235)","(3.1515151515151514, 0.14285714285714235)",(-0.19638282106470667-0.0729946199947486j),(0.3407451522908092-0.3672051172201426j),(-0.9385660064136621+0.1463584896009386j),(0.40143803305814624+0.14785200762445538j)
"(3.193939393939394, 0.14285714285714235)","(3.193939393939394, 0.14285714285714235)",(0.277132835913898-0.4600735074569238j),(0.4361124447534247-0.03745397778248613j),(-0.42722807140491104-0.8128892577408298j),(0.2682484625653843+0.3902697280663921j)
"(3.2363636363636363, 0.14285714285714235)","(3.2363636363636363, 0.14285714285714235)",(0.8757255379534817+0.08048355148080066j),(0.28878506837416057+0.21039964517570944j),(0.6115619779943233-0.638227709961465j),(-0.024621508415002262+0.5083116162665563j)
"(3.278787878787879, 0.14285714285714235)","(3.278787878787879, 0.14285714285714235)",(0.4886713691608648+1.0218188428077362j),(0.0749227371138915+0.2558041405999864j),(0.7641685760824181+0.3675177820467165j),(-0.3504199440354448+0.3984969201610333j)
"(3.3212121212121213, 0.14285714285714235)","(3.3212121212121213, 0.14285714285714235)",(-0.6804177881401612+1.0663036205042726j),(-0.03666852111973412+0.17545996417605908j),(-0.11340520839139755+0.803620492907902j),(-0.5303440586290294+0.08722316342031154j)
"(3.3636363636363638, 0.14285714285714235)","(3.3636363636363638, 0.14285714285714235)",(-1.2643013345808154-0.017605350387214114j),(-0.04149185389060134+0.12679085674123947j),(-0.7661653119578005+0.12340078533497026j),(-0.45664416873241365-0.2677969924634238j)
"(3.4060606060606062, 0.14285714285714235)","(3.4060606060606062, 0.14285714285714235)",(-0.5652929463214991-0.9863325660684039j),(-0.06942228285443314+0.15933066842430568j),(-0.3236808479258866-0.6682416565169235j),(-0.1721898155411794-0.47742157797578605j)
"(3.4484848484848487, 0.14285714285714235)","(3.4484848484848487, 0.14285714285714235)",(0.48516545456715743-0.7642598095387529j),(-0.20281643324334758+0.15925049344346154j),(0.5287482194489725-0.4769914087741485j),(0.15923366836153247-0.446518894208066j)
"(3.4909090909090907, 0.14285714285714235)","(3.4909090909090907, 0.14285714285714235)",(0.6025429365611654+0.1325852771491396j),(-0.3455971361027545-0.005909374585437508j),(0.5803989714589389+0.36540556542214164j),(0.367741101204981-0.22691091368756455j)
"(3.533333333333333, 0.14285714285714235)","(3.533333333333333, 0.14285714285714235)",(-0.11067306936527077+0.3780011734038113j),(-0.3021132819260713-0.2963300874320684j),(-0.19251223354840438+0.6360594968329121j),(0.38395244610920487+0.03827176400296759j)
"(3.5757575757575757, 0.14285714285714235)","(3.5757575757575757, 0.14285714285714235)",(-0.3913639986005922-0.280643270458597j),(0.0002469228881106268-0.48410962898080645j),(-0.6485016695533944-0.020283991894102564j),(0.25689074806469153+0.22375035041631203j)
"(3.618181818181818, 0.14285714285714235)","(3.618181818181818, 0.14285714285714235)",(0.3225818242770234-0.6903512543783522j),(0.38268297572056975-0.35916595975849525j),(-0.14445076869673348-0.622381299885344j),(0.08434961725318718+0.29119600526548706j)
"(3.6606060606060606, 0.14285714285714235)","(3.6606060606060606, 0.14285714285714235)",(1.0341426211578741+0.016127734764823376j),(0.5418512591173597+0.04123534421389391j),(0.5612181800051018-0.29672246281589376j),(-0.06892681796458733+0.27161485336682323j)
"(3.703030303030303, 0.14285714285714235)","(3.703030303030303, 0.14285714285714235)",(0.5698090592496017+1.0935362712314916j),(0.32935394870917795+0.42704860054323307j),(0.4317088838222374+0.4672889368802139j),(-0.1912537732818136+0.19919873380804448j)
"(3.7454545454545456, 0.14285714285714235)","(3.7454545454545456, 0.14285714285714235)",(-0.7167552296630935+1.12278252228384j),(-0.09453488491763115+0.5043263505294526j),(-0.3425178027966718+0.5434455450386586j),(-0.27970254194879046+0.07501062671572875j)
"(3.787878787878788, 0.14285714285714235)","(3.787878787878788, 0.14285714285714235)",(-1.3208612014934016-0.05176445067679984j),(-0.3994472756041681+0.24112843643303142j),(-0.6243774480778592-0.1899556370995798j),(-0.29703647781137427-0.10293725001025146j)
"(3.83030303030303, 0.14285714285714235)","(3.83030303030303, 0.14285714285714235)",(-0.5607562545029905-1.0676959146416602j),(-0.38530444511879536-0.11631779974745945j),(0.015312282612099843-0.665906866767476j),(-0.190764091996295-0.2854712481267247j)
"(3.872727272727273, 0.14285714285714235)","(3.872727272727273, 0.14285714285714235)",(0.553233414177542-0.831863421004656j),(-0.14394261566281957-0.29091261219981657j),(0.6598149918085638-0.1719784754648917j),(0.03736103803179782-0.3689723333399477j)
"(3.915151515151515, 0.14285714285714235)","(3.915151515151515, 0.14285714285714235)",(0.7191779180022921+0.1056559592163272j),(0.07285651982499394-0.2266727257875345j),(0.35854656917525296+0.600209111647266j),(0.2877748290020452-0.2678804266434043j)
"(3.957575757575758, 0.14285714285714235)","(3.957575757575758, 0.14285714285714235)",(0.04537766671439136+0.43458394014256685j),(0.12286879606278492-0.0898239752607725j),(-0.4855155898313895+0.5278956417013957j),(0.4080244604829959-0.00348772629805634j)
"(4.0, 0.14285714285714235)","(4.0, 0.14285714285714235)",(-0.2719761468599207-0.08075274329355142j),(0.08581215478683835-0.042029862003138324j),(-0.6621627301935301-0.32002182506975124j),(0.30437442854677105+0.2812989437793382j)
"(-0.2, 0.42857142857142794)","(-0.2, 0.42857142857142794)",(1.0205529689481065+0.04072516145214822j),(0.5008257009741848-0.6501251318676733j),(-0.5478049729354403+1.344161157516579j),(1.067532240909362-0.6533108641967575j)
"(-0.1575757575757576, 0.42857142857142794)","(-0.1575757575757576, 0.42857142857142794)",(1.8739126021627228+0.14760522481630212j),(0.47348480393163916-0.7107959907236577j),(0.3583022644568835+1.5709539429479547j),(1.0421255337742001-0.7125527274079948j)
"(-0.11515151515151516, 0.42857142857142794)","(-0.11515151515151516, 0.42857142857142794)",(2.3801487204222127-0.6680909488466461j),(0.44988979009576346-0.7561379568851014j),(0.9093746026318429+0.8447042092928568j),(1.0208843276946065-0.7566572012544015j)
"(0.1393939393939394, 0.42857142857142794)","(0.1393939393939394, 0.42857142857142794)",(2.2209174351108913-0.14611412477547137j),(0.5153505248055397-0.707015502737243j),(0.6496426414222007+1.281238878928904j),(1.055924268883151-0.7203375009671323j)
"(0.18181818181818182, 0.42857142857142794)","(0.18181818181818182, 0.42857142857142794)",(1.3739503193036233+0.19108883057947534j),(0.5524151800257978-0.6382194308753804j),(-0.2649480835873178+1.4910651699482984j),(1.0864832228651433-0.6617569084934427j)
"(0.22424242424242424, 0.42857142857142794)","(0.22424242424242424, 0.42857142857142794)",(0.8845567146754393-0.38235015909576064j),(0.5850938423138574-0.5498334439014934j),(-0.8194765750113927+0.7537528537569754j),(1.1189394473729746-0.5862695689512427j)
"(0.26666666666666666, 0.42857142857142794)","(0.26666666666666666, 0.42857142857142794)",(1.3665801314150052-0.8563677976727428j),(0.6055328054340617-0.44344033559677704j),(-0.3884811439349064+0.08043780936561687j),(1.14952846991585-0.4933652714415827j)
"(0.30909090909090914, 0.42857142857142794)","(0.30909090909090914, 0.42857142857142794)",(2.022861463709671-0.3469776622044707j),(0.6052875252787381-0.32345244007591994j),(0.2438769149684696+0.35964871630556206j),(1.1736970234624633-0.3831739384341128j)
"(0.3515151515151515, 0.42857142857142794)","(0.3515151515151515, 0.42857142857142794)",(1.7614597441868125+0.6360950106387298j),(0.5766261458982951-0.19789425072085595j),(-0.001423672781947909+1.0908360836054063j),(1.1862572710704653-0.2568468222458205j)
"(0.393939393939394, 0.42857142857142794)","(0.393939393939394, 0.42857142857142794)",(0.7384998720903383+0.8850037243121998j),(0.5143976725072952-0.07865882574575961j),(-0.9575852455715873+1.080610936164028j),(1.1816874451546304-0.11694838610606856j)
"(0.43636363636363634, 0.42857142857142794)","(0.43636363636363634, 0.42857142857142794)",(0.15126573735435334+0.1761383690938023j),(0.4182796258822846+0.019166865981708296j),(-1.4216268377427612+0.12476904679937338j),(1.1546129492148298+0.03220245631272062j)
"(0.4787878787878788, 0.42857142857142794)","(0.4787878787878788, 0.42857142857142794)",(0.5696982288641562-0.4290736740684944j),(0.2949480685208583+0.07926480855634775j),(-0.8257307150026792-0.692666838893278j),(1.1004808753459772+0.18432835626843583j)
"(0.5212121212121212, 0.42857142857142794)","(0.5212121212121212, 0.42857142857142794)",(1.157039094529638-0.08887122948930826j),(0.15942768215076392+0.08746747517530339j),(-0.01879188240683139-0.5075725931475804j),(1.0164032947857056+0.33123388848296875j)
"(0.5636363636363637, 0.42857142857142794)","(0.5636363636363637, 0.42857142857142794)",(0.8793336339168789+0.6322942587307087j),(0.03470057559071773+0.03624647799827866j),(-0.057456839869903256+0.13284431598574947j),(0.9020898981960644+0.46320346474668056j)
"(0.6060606060606062, 0.42857142857142794)","(0.6060606060606062, 0.42857142857142794)",(-0.003685037133121183+0.5745266007534002j),(-0.05125825371771386-0.07061667377775839j),(-0.7131497378407499+0.07529332975335985j),(0.7607229544253425+0.5698499447777987j)
"(0.6484848484848484, 0.42857142857142794)","(0.6484848484848484, 0.42857142857142794)",(-0.2779343575319525-0.3478606808711827j),(-0.07134345807080279-0.214721077269203j),(-0.8061497837657401-0.7745887470828254j),(0.5995588843045904+0.6414491434808457j)
"(0.6909090909090909, 0.42857142857142794)","(0.6909090909090909, 0.42857142857142794)",(0.5206364805183777-0.9761055517465793j),(-0.007435327871768139-0.3629714356451571j),(0.0980802924632275-1.2838266110515737j),(0.4299915159269184+0.6706924949501516j)
"(0.7333333333333334, 0.42857142857142794)","(0.7333333333333334, 0.42857142857142794)",(1.431693708256359-0.48997416167035224j),(0.14113683674142974-0.4723017068114417j),(1.0237464496580304-0.6723181422924351j),(0.2668104218568987+0.6546456874335246j)
"(0.7757575757575759, 0.42857142857142794)","(0.7757575757575759, 0.42857142857142794)",(1.3799013620103298+0.471635812230265j),(0.3518021188880105-0.4995664230303024j),(0.9016349937845447+0.3746665755211475j),(0.12646424933777448+0.5965356597394199j)
"(0.8181818181818183, 0.42857142857142794)","(0.8181818181818183, 0.42857142857142794)",(0.6337471723577469+0.7216003406568215j),(0.5789590819826456-0.41496089476153397j),(0.030471418468503913+0.629717457690026j),(0.024316671906597472+0.5068437777283296j)
"(0.8606060606060608, 0.42857142857142794)","(0.8606060606060608, 0.42857142857142794)",(0.37179781983243576+0.18040768719260566j),(0.7624311395441721-0.2150767339985204j),(-0.3617958857171635-0.007636450200250135j),(-0.028837433994572823+0.4031208713913762j)
"(0.9030303030303031, 0.42857142857142794)","(0.9030303030303031, 0.42857142857142794)",(0.9810548453517463-0.05244083025548146j),(0.8437235053258477+0.0697677718300375j),(0.16771351209699756-0.43023890584199376j),(-0.03038217207109905+0.3080303037564748j)
"(0.9454545454545455, 0.42857142857142794)","(0.9454545454545455, 0.42857142857142794)",(1.495258381599429+0.6987446561000293j),(0.7859761775124822+0.37879783384165333j),(0.6979584541206503+0.07452248338571912j),(0.011323749966296273+0.2454243388726569j)
"(0.987878787878788, 0.42857142857142794)","(0.987878787878788, 0.42857142857142794)",(0.9665442084218852+1.6826507936412771j),(0.5903543731641305+0.6364330528749957j),(0.3001019624882098+0.811441665817087j),(0.07608787276954483+0.23477607494919436j)
"(1.0303030303030305, 0.42857142857142794)","(1.0303030303030305, 0.42857142857142794)",(-0.1706926382637869+1.7437162109571713j),(0.3009000115257472+0.7769200803756617j),(-0.6055640145088645+0.6818430128681251j),(0.13397136471933047+0.28495311771338466j)
"(1.0727272727272728, 0.42857142857142794)","(1.0727272727272728, 0.42857142857142794)",(-0.6789122620137521+0.9324623699728296j),(-0.007028808170089498+0.7692705939366019j),(-0.8226984583286635-0.22576753171042635j),(0.15081500448500096+0.38895930774665405j)
"(1.1151515151515152, 0.42857142857142794)","(1.1151515151515152, 0.42857142857142794)",(-0.23185937726302613+0.42746019651838296j),(-0.2529595490142472+0.6313451358487137j),(-0.07566052973275417-0.7255157654703008j),(0.09676070148397527+0.5216308261399701j)
"(1.1575757575757577, 0.42857142857142794)","(1.1575757575757577, 0.42857142857142794)",(0.15321056291132915+0.8717422724744263j),(-0.3827031895221661+0.42460406620559693j),(0.5797847985915034-0.1949354366073361j),(-0.043871046158008214+0.6420736428761654j)
"(1.2000000000000002, 0.42857142857142794)","(1.2000000000000002, 0.42857142857142794)",(-0.41982441720313113+1.4695190471914423j),(-0.390851915956822+0.22900343273355342j),(0.23512512706795127+0.538835341120328j),(-0.2640976283142604+0.701680273337561j)
"(1.2424242424242427, 0.42857142857142794)","(1.2424242424242427, 0.42857142857142794)",(-1.4304706840871932+1.1247588831227728j),(-0.32221654461323546+0.10766677955927216j),(-0.5777828776050372+0.36019293476056363j),(-0.5304712618689207+0.6568991688029371j)
"(1.284848484848485, 0.42857142857142794)","(1.284848484848485, 0.42857142857142794)",(-1.6546142736890959+0.020261329619353174j),(-0.24914766469162639+0.07793313446882963j),(-0.618737682729849-0.5415836736084033j),(-0.7867289262676204+0.48391186875892683j)
"(1.3272727272727274, 0.42857142857142794)","(1.3272727272727274, 0.42857142857142794)",(-0.8956040667026839-0.6015039827647548j),(-0.23421360225992843+0.10429162055925512j),(0.3044742611261949-0.8964868951347553j),(-0.9658647255689503+0.19069129181074534j)
"(1.3696969696969699, 0.42857142857142794)","(1.3696969696969699, 0.42857142857142794)",(-0.2908400625266554-0.17238145278365993j),(-0.29683604272003744+0.11857959513806134j),(1.014729844277073-0.11238425628248495j),(-1.008733864083691-0.17857679163923632j)
"(1.4121212121212123, 0.42857142857142794)","(1.4121212121212123, 0.42857142857142794)",(-0.7339641020620443+0.3801716911241996j),(-0.40207892465505757+0.05821112812228046j),(0.5523117150952811+0.8723027730786916j),(-0.8841968925022679-0.5503422100767725j)
"(1.4545454545454546, 0.42857142857142794)","(1.4545454545454546, 0.42857142857142794)",(-1.5993580124434497-0.10295220431738428j),(-0.4787087983495248-0.09759499744863688j),(-0.5169032969025587+0.8347189249043195j),(-0.6037459171913662-0.840076131773067j)
"(1.496969696969697, 0.42857142857142794)","(1.496969696969697, 0.42857142857142794)",(-1.5527915320053298-1.3974466013479927j),(-0.45748901470892667-0.31351201731691036j),(-0.8714779357728235-0.10603203429255574j),(-0.2238245815235798-0.9779025497385265j)
"(1.5393939393939395, 0.42857142857142794)","(1.5393939393939395, 0.42857142857142794)",(-0.33937192775012986-2.155802125236458j),(-0.3090076761366147-0.5137944554000478j),(-0.19801329940498452-0.7089083667167977j),(0.16764904779146933-0.9330993031196126j)
"(1.581818181818182, 0.42857142857142794)","(1.581818181818182, 0.42857142857142794)",(0.8990383193621798-1.6673939180205974j),(-0.06061982635314668-0.6191833088128504j),(0.48140576645825645-0.32066926370453336j),(0.47825237925707004-0.7275413455032136j)
"(1.6242424242424245, 0.42857142857142794)","(1.6242424242424245, 0.42857142857142794)",(1.1596632077107583-0.6945422534233654j),(0.21571123302865355-0.5847662811985612j),(0.30106918090041773+0.320904744345173j),(0.642882793781687-0.43068071656997714j)
"(1.6666666666666667, 0.42857142857142794)","(1.6666666666666667, 0.42857142857142794)",(0.8011022965431804-0.30587946807265665j),(0.4365827423202708-0.4193069039991645j),(-0.28331010256745026+0.24868979479899417j),(0.6478296567903599-0.13526235887248633j)
"(1.7090909090909092, 0.42857142857142794)","(1.7090909090909092, 0.42857142857142794)",(0.8102923356359801-0.4299000999493974j),(0.5430044979730945-0.178214014684563j),(-0.26823738864451113-0.33010906160062925j),(0.5355252263073969+0.07842297633579487j)
"(1.7515151515151517, 0.42857142857142794)","(1.7515151515151517, 0.42857142857142794)",(1.2717455457609477-0.16113666726156434j),(0.5217120141576436+0.0634076252070389j),(0.36472750005081184-0.39967955608378564j),(0.38530603155249243+0.1751352636151824j)
"(1.7939393939393942, 0.42857142857142794)","(1.7939393939393942, 0.42857142857142794)",(1.2828297566779798+0.7156360702183353j),(0.40437219662482304+0.24288340401000266j),(0.6021890364090892+0.2942807030320125j),(0.27626852364406773+0.17847196317632025j)
"(1.8363636363636366, 0.42857142857142794)","(1.8363636363636366, 0.42857142857142794)",(0.4155071389378116+1.2720654098166904j),(0.24794400158478055+0.3329537036235507j),(-0.08066504408119772+0.7822043544020765j),(0.24822818143422876+0.15690735179106327j)
"(1.8787878787878791, 0.42857142857142794)","(1.8787878787878791, 0.42857142857142794)",(-0.4575458844057542+0.7752142193952674j),(0.10612505659507267+0.34707409939854134j),(-0.8440402440167378+0.2422332050034058j),(0.28036930301591095+0.18590691499332024j)
"(1.9212121212121216, 0.42857142857142794)","(1.9212121212121216, 0.42857142857142794)",(-0.282387804123386-0.10678471513365939j),(0.004162272697747245+0.3252707384874073j),(-0.5875255334196969-0.7352161591185911j),(0.3009754565985637+0.3031607054975244j)
"(1.9636363636363636, 0.42857142857142794)","(1.9636363636363636, 0.42857142857142794)",(0.6228438880798199-0.06955305984648813j),(-0.0708421344956896+0.3057631860764665j),(0.46675410593180283-0.8557131460064092j),(0.22693191664370665+0.48039690008345454j)
"(2.006060606060606, 0.42857142857142794)","(2.006060606060606, 0.42857142857142794)",(0.8342762242844434+1.02923266946823j),(-0.15585699693719568+0.29569147770617077j),(0.9751260054905626+0.10379287254901033j),(0.015007215731076426+0.629748319213049j)
"(2.0484848484848484, 0.42857142857142794)","(2.0484848484848484, 0.42857142857142794)",(-0.31515096882805094+1.831585462240284j),(-0.27700108436481413+0.2603646088680384j),(0.264380728005564+0.9252615739553897j),(-0.3025306124688008+0.645959279416856j)
"(2.090909090909091, 0.42857142857142794)","(2.090909090909091, 0.42857142857142794)",(-1.770761355086341+1.1700643874952803j),(-0.4136536285557422+0.14576746667339496j),(-0.736456049956567+0.5588990657673716j),(-0.6206516765740316+0.4653978550545137j)
"(2.1333333333333333, 0.42857142857142794)","(2.1333333333333333, 0.42857142857142794)",(-2.034088315429818-0.43191120734189636j),(-0.4918448129353338-0.07180806785497276j),(-0.7357319306222586-0.4703778933778038j),(-0.8065115718722256+0.11027475389088016j)
"(2.175757575757576, 0.42857142857142794)","(2.175757575757576, 0.42857142857142794)",(-0.9986171982329237-1.4439108456064567j),(-0.42500699815615284-0.3423296513163942j),(0.19274771411586947-0.7922228047124003j),(-0.7663579141926403-0.30935838957766215j)
"(2.2181818181818183, 0.42857142857142794)","(2.2181818181818183, 0.42857142857142794)",(0.07388842356940023-1.2384355351416687j),(-0.18425614324365222-0.5469943664417329j),(0.7567201502061647-0.04941436178898112j),(-0.4985755833931122-0.6420268069109547j)
"(2.2606060606060607, 0.42857142857142794)","(2.2606060606060607, 0.42857142857142794)",(0.29137014843475156-0.6645789228263106j),(0.15446443650059072-0.565512468428097j),(0.23792203178505178+0.6688669024001392j),(-0.10101631985089092-0.7679333567983528j)
"(2.303030303030303, 0.42857142857142794)","(2.303030303030303, 0.42857142857142794)",(0.15130832169816827-0.6456856071059468j),(0.4364484208427607-0.3663094053896229j),(-0.5604084323410778+0.37946441404970216j),(0.2752683331964854-0.658840615766026j)
"(2.3454545454545452, 0.42857142857142794)","(2.3454545454545452, 0.42857142857142794)",(0.5353426790947649-0.8800045078985048j),(0.5252235474170841-0.046375602365531184j),(-0.4920473156789027-0.4443256749105592j),(0.5021664473565834-0.38930323062241445j)
"(2.3878787878787877, 0.42857142857142794)","(2.3878787878787877, 0.42857142857142794)",(1.2538752821511008-0.4547067567564821j),(0.4017059335169204+0.22572354041074938j),(0.31531543971938697-0.5894302350223665j),(0.5368539089147935-0.09100006214486499j)
"(2.43030303030303, 0.42857142857142794)","(2.43030303030303, 0.42857142857142794)",(1.2824117805139752+0.6135444068593372j),(0.1789015192715278+0.33089275378306476j),(0.6707099578999139+0.15947675555493251j),(0.43280030334253333+0.12317489752133998j)
"(2.4727272727272727, 0.42857142857142794)","(2.4727272727272727, 0.42857142857142794)",(0.333163133519497+1.2228062412568041j),(0.007858893794176454+0.2856060884666381j),(0.03241571966830938+0.7189920116412875j),(0.29288852005701116+0.21820814114887854j)
"(2.515151515151515, 0.42857142857142794)","(2.515151515151515, 0.42857142857142794)",(-0.5633382505075492+0.7071003590574619j),(-0.05023538816754472+0.21116156729189728j),(-0.7088086363833027+0.25440133516465346j),(0.19570577404329825+0.24153745660091117j)
"(2.5575757575757576, 0.42857142857142794)","(2.5575757575757576, 0.42857142857142794)",(-0.4045375847351613-0.14165405891293065j),(-0.0675990064931068+0.20577590599005482j),(-0.48207200387368476-0.6183920516552669j),(0.14513342563163023+0.27096208675228145j)
"(2.6, 0.42857142857142794)","(2.6, 0.42857142857142794)",(0.36101116895093743-0.09620380129843425j),(-0.15917121657500563+0.23829297529898416j),(0.4413301440025598-0.6776791327231828j),(0.07885224152338319+0.34318235612576437j)
"(2.6424242424242426, 0.42857142857142794)","(2.6424242424242426, 0.42857142857142794)",(0.39354394599358045+0.7844954103422077j),(-0.338310768240685+0.17581159778603178j),(0.801333176340238+0.19283131342988968j),(-0.06947846210597258+0.4158524991262862j)
"(2.684848484848485, 0.42857142857142794)","(2.684848484848485, 0.42857142857142794)",(-0.6747652369880078+1.1514481443328086j),(-0.46685212341294524-0.066722083762476j),(0.09176067794765708+0.8238531519492861j),(-0.29967379152271967+0.3943170761459985j)
"(2.727272727272727, 0.42857142857142794)","(2.727272727272727, 0.42857142857142794)",(-1.62749895550344+0.17484820784983252j),(-0.36981641047883884-0.3983439448363107j),(-0.7365123608332405+0.36553114720863705j),(-0.5211701841913609+0.20766100547750616j)
"(2.7696969696969695, 0.42857142857142794)","(2.7696969696969695, 0.42857142857142794)",(-1.2031743846265832-1.2637672120562575j),(-0.02045069736904351-0.5890433924265461j),(-0.582479008196748-0.5543500936349389j),(-0.6002446790607916-0.12037372599477253j)
"(2.812121212121212, 0.42857142857142794)","(2.812121212121212, 0.42857142857142794)",(0.2504355679716586-1.6344530490202358j),(0.38903195656149137-0.46325269158448856j),(0.3121687210484283-0.7096190801068798j),(-0.45076510963826105-0.46158127732886745j)
"(2.8545454545454545, 0.42857142857142794)","(2.8545454545454545, 0.42857142857142794)",(1.2136348045895464-0.670039475346265j),(0.5838562471729168-0.0750448437444145j),(0.7348335173198779+0.05484999310826278j),(-0.10505495990324853-0.6498446247101133j)
"(2.896969696969697, 0.42857142857142794)","(2.896969696969697, 0.42857142857142794)",(0.904906306096181+0.39966032363771575j),(0.4406169562779436+0.31477815896823425j),(0.17464774373967287+0.6682831866227247j),(0.2896416060785645-0.5834010219532432j)
"(2.9393939393939394, 0.42857142857142794)","(2.9393939393939394, 0.42857142857142794)",(0.11203799360110311+0.5100323362408863j),(0.09658029273574088+0.45664520184377666j),(-0.5374177263590827+0.34578475684500104j),(0.5528754272244449-0.2923976224478914j)
"(2.981818181818182, 0.42857142857142794)","(2.981818181818182, 0.42857142857142794)",(-0.0490346841251722+0.0232194522677638j),(-0.18022608233729523+0.3232514676687984j),(-0.44640212929046175-0.3776175167656284j),(0.5775935275025847+0.07758550136459376j)
"(3.0242424242424244, 0.42857142857142794)","(3.0242424242424244, 0.42857142857142794)",(0.3715557585036806-0.020292549633089185j),(-0.238267512716537+0.10638160613712341j),(0.22165814397521716-0.48279280189050466j),(0.38816512724500046+0.35611864612029204j)
"(3.066666666666667, 0.42857142857142794)","(3.066666666666667, 0.42857142857142794)",(0.4250015685619917+0.5437299589853171j),(-0.16010413516585703+0.00379412770449062j),(0.47443870649298164+0.09124556492287317j),(0.1106669972348671+0.44869026635795334j)
"(3.109090909090909, 0.42857142857142794)","(3.109090909090909, 0.42857142857142794)",(-0.2445436455375116+0.8418876589131645j),(-0.132478269696102+0.019375305190085543j),(0.007062669338273809+0.44552157857455627j),(-0.11912804517968342+0.37699077514852264j)
"(3.1515151515151514, 0.42857142857142794)","(3.1515151515151514, 0.42857142857142794)",(-0.8681442951086378+0.3060126264079872j),(-0.21288335334671132-0.010101018029765037j),(-0.41607688455769065+0.08076443776612133j),(-0.2391840572042359+0.23534920667163095j)
"(3.193939393939394, 0.42857142857142794)","(3.193939393939394, 0.42857142857142794)",(-0.6751360869672056-0.4818003392075557j),(-0.2538159249216647-0.1913950532165489j),(-0.14596939135761508-0.3954984487545377j),(-0.27535077068792574+0.10509316276353087j)
"(3.2363636363636363, 0.42857142857142794)","(3.2363636363636363, 0.42857142857142794)",(0.016841401925814348-0.6273717311761997j),(-0.07930404679494127-0.4071003660616418j),(0.38016688660913833-0.219633818769461j),(-0.2840214378883827-0.0006375463450969225j)
"(3.278787878787879, 0.42857142857142794)","(3.278787878787879, 0.42857142857142794)",(0.30684602770456737-0.1715260200996907j),(0.2753138980499162-0.40863170138524113j),(0.3120113451349889+0.3556209793737734j),(-0.2804792154803377-0.11851529808822299j)
"(3.3212121212121213, 0.42857142857142794)","(3.3212121212121213, 0.42857142857142794)",(0.016037489584812548+0.06538991946796419j),(0.5387904423017579-0.09035759580881772j),(-0.3023446440628158+0.4215981761311974j),(-0.22040830865412953-0.2658506608544155j)
"(3.3636363636363638, 0.42857142857142794)","(3.3636363636363638, 0.42857142857142794)",(-0.1350032552163402-0.24174094434099258j),(0.4521333067947291+0.3514245778406178j),(-0.5339799618130593-0.20327525574054595j),(-0.05315660019800999-0.38989026644106445j)
"(3.4060606060606062, 0.42857142857142794)","(3.4060606060606062, 0.42857142857142794)",(0.29514415718335585-0.4459729989465664j),(0.04240723981353256+0.5692415167962952j),(0.05077521204150762-0.6248042202761878j),(0.2019617053283157-0.39041029546667383j)
"(3.4484848484848487, 0.42857142857142794)","(3.4484848484848487, 0.42857142857142794)",(0.7222751697834324+0.03685099734417435j),(-0.3752952201589518+0.3905873170660441j),(0.6659559902440001-0.14891678717632748j),(0.43161439969838417-0.20481953254554228j)
"(3.4909090909090907, 0.42857142857142794)","(3.4909090909090907, 0.42857142857142794)",(0.37889024659473164+0.7329573507689872j),(-0.4873327891687959-0.016225627624447663j),(0.3749615353638588+0.6332021390256549j),(0.49126150039966876+0.11598083936777992j)
"(3.533333333333333, 0.42857142857142794)","(3.533333333333333, 0.42857142857142794)",(-0.4683072429602096+0.6955280274623795j),(-0.26830428317966676-0.3132834632654315j),(-0.513267625303319+0.5950996782304657j),(0.31326466552277615+0.4137118124973453j)
"(3.5757575757575757, 0.42857142857142794)","(3.5757575757575757, 0.42857142857142794)",(-0.7687809865877191-0.10969875024596276j),(0.030368385012095257-0.32018180647083355j),(-0.7719165786357787-0.3085415325615434j),(-0.02723279296403574+0.5190245887864142j)
"(3.618181818181818, 0.42857142857142794)","(3.618181818181818, 0.42857142857142794)",(-0.14706000815564083-0.6532382454618542j),(0.16341676537270114-0.15141492256527544j),(0.038272103774492076-0.8706493433521971j),(-0.34874887730283405+0.3688260204556184j)
"(3.6606060606060606, 0.42857142857142794)","(3.6606060606060606, 0.42857142857142794)",(0.5135931389784762-0.24604272366824226j),(0.1277709084810463-0.03459526491369121j),(0.8666950372944999-0.2640027671427918j),(-0.48087280679706995+0.05255530838824073j)
"(3.703030303030303, 0.42857142857142794)","(3.703030303030303, 0.42857142857142794)",(0.2819761696706702+0.4639975544780465j),(0.09992346541312089-0.036878218264997j),(0.5561620638504053+0.7511342069810634j),(-0.37410935959285607-0.2502584342380198j)
"(3.7454545454545456, 0.42857142857142794)","(3.7454545454545456, 0.42857142857142794)",(-0.47942467287993373+0.38413398342089733j),(0.1730323718979369-0.019319240407824612j),(-0.533112811772016+0.7950466382220498j),(-0.11934423300585466-0.39159341439332784j)
"(3.787878787878788, 0.42857142857142794)","(3.787878787878788, 0.42857142857142794)",(-0.5903941319136392-0.43951741486700097j),(0.2226732515405492+0.13988482369902916j),(-0.9442151156545997-0.23867174058890628j),(0.13114773220041137-0.34073049797712385j)
"(3.83030303030303, 0.42857142857142794)","(3.83030303030303, 0.42857142857142794)",(0.247343905810206-0.8167163377771175j),(0.07065241338437875+0.3382329899879717j),(-0.09361147414409439-0.9803355619325702j),(0.27030296656992164-0.174613765832519j)
"(3.872727272727273, 0.42857142857142794)","(3.872727272727273, 0.42857142857142794)",(0.9323080191512465-0.08588606793908372j),(-0.24980852864306136+0.3297692006721931j),(0.8970214905933152-0.4191717141372431j),(0.2850950572009927+0.003516445525966236j)
"(3.915151515151515, 0.42857142857142794)","(3.915151515151515, 0.42857142857142794)",(0.45375135579271964+0.8633639366301842j),(-0.46320381767135904+0.020351850859416334j),(0.6948304595069256+0.7055192702608865j),(0.22212471395715308+0.13749281550988135j)
"(3.957575757575758, 0.42857142857142794)","(3.957575757575758, 0.42857142857142794)",(-0.6376066232578941+0.7395126169953246j),(-0.32627769042424154-0.37010829644691196j),(-0.43231832948344534+0.885574276603447j),(0.12098939664979286+0.22404663683878942j)
"(4.0, 0.42857142857142794)","(4.0, 0.42857142857142794)",(-0.8931792783408146-0.3439453287534875j),(0.08867361915705946-0.49437701144589913j),(-0.969552253090724-0.11434089843087643j),(-0.01230064440715005+0.26477258112328805j)
"(-0.2, 0.7142857142857135)","(-0.2, 0.7142857142857135)",(-1.5002041491233873+0.9695981010652941j),(-0.842116191012164+0.0115778424454426j),(-0.47061727260616004-0.24337247807296036j),(-0.18747068550506338+1.2013927366928119j)
"(-0.1575757575757576, 0.7142857142857135)","(-0.1575757575757576, 0.7142857142857135)",(-0.8427275546185868+1.042784730625882j),(-0.8831449783711371+0.08175579250380668j),(0.17266175138072992-0.2565923923330804j),(-0.13224432762817956+1.2176213304551557j)
"(-0.11515151515151516, 0.7142857142857135)","(-0.11515151515151516, 0.7142857142857135)",(-0.6941051025085325+0.3839685524259886j),(-0.9110345934554389+0.13825073539000424j),(0.30688474743699146-0.9825582745897077j),(-0.08995525649008504+1.228276091625692j)
"(0.1393939393939394, 0.7142857142857135)","(0.1393939393939394, 0.7142857142857135)",(-0.6674016928270702+0.7642962548582212j),(-0.9122542704492056+0.03412771490749936j),(0.3800860682485922-0.5003014786462094j),(-0.13523349062645681+1.2304700185969313j)
"(0.18181818181818182, 0.7142857142857135)","(0.18181818181818182, 0.7142857142857135)",(-1.221644738858555+1.0708756539055546j),(-0.8686708191473572-0.05321013653885414j),(-0.1601590936687688-0.09375103849620893j),(-0.19281482604242897+1.2178368289406176j)
"(0.22424242424242424, 0.7142857142857135)","(0.22424242424242424, 0.7142857142857135)",(-1.671220656306621+0.4981363158012757j),(-0.7998285680860105-0.14765206124703323j),(-0.6081471005300996-0.5515059134425081j),(-0.26324498769051097+1.197294290490817j)
"(0.26666666666666666, 0.7142857142857135)","(0.26666666666666666, 0.7142857142857135)",(-1.2426614506666307-0.23345659411607422j),(-0.701845578016663-0.23777140940967278j),(-0.19583678589614828-1.1618873531729248j),(-0.34497908675381944+1.1662021684665234j)
"(0.30909090909090914, 0.7142857142857135)","(0.30909090909090914, 0.7142857142857135)",(-0.3854707183796773-0.16737997881117272j),(-0.5747669364859044-0.30918456252873666j),(0.6250168055742478-0.979895201405896j),(-0.43572058746802067+1.12169978512346j)
"(0.3515151515151515, 0.7142857142857135)","(0.3515151515151515, 0.7142857142857135)",(-0.14350710697768332+0.5615797511672092j),(-0.4248263361831204-0.3461550615116629j),(0.8135815604658196-0.15321992715849353j),(-0.5322623312603826+1.0609547398373655j)
"(0.393939393939394, 0.7142857142857135)","(0.393939393939394, 0.7142857142857135)",(-0.7002836860971993+0.9312924130816492j),(-0.2661041541145878-0.33465524360764115j),(0.19619488887553688+0.28445027733792655j),(-0.6303744208581483+0.9814973793513638j)
"(0.43636363636363634, 0.7142857142857135)","(0.43636363636363634, 0.7142857142857135)",(-1.1472174458448479+0.4774063563101544j),(-0.12060592816636759-0.26674823527406016j),(-0.30182811601473214-0.13748386646667224j),(-0.7247834016637481+0.8816384580508868j)
"(0.4787878787878788, 0.7142857142857135)","(0.4787878787878788, 0.7142857142857135)",(-0.7941949587312467-0.06561336178984423j),(-0.01574601707903196-0.14548442379797305j),(0.0308446260376664-0.6810780457178698j),(-0.8092935676898811+0.7609491077259987j)
"(0.5212121212121212, 0.7142857142857135)","(0.5212121212121212, 0.7142857142857135)",(-0.16201894367449365+0.1683625561454154j),(0.02135430482787822+0.011271821928917498j),(0.6937274822835231-0.4636664527007426j),(-0.877100730785895+0.6207571869172405j)
"(0.5636363636363637, 0.7142857142857135)","(0.5636363636363637, 0.7142857142857135)",(-0.24759783687960268+0.9152875823077661j),(-0.02767715025498909+0.17022321504784702j),(0.7014161444583865+0.28048001082165663j),(-0.9213368310830001+0.46458435643826246j)
"(0.6060606060606062, 0.7142857142857135)","(0.6060606060606062, 0.7142857142857135)",(-1.0959300542317303+1.1162933381897664j),(-0.16318844888890394+0.28722492756226936j),(0.003114224082948579+0.5306497733947219j),(-0.935855829425775+0.29841863723277523j)
"(0.6484848484848484, 0.7142857142857135)","(0.6484848484848484, 0.7142857142857135)",(-1.6974178233174313+0.38847735958789376j),(-0.3608312247948239+0.3178223691320704j),(-0.4203620835506988-0.060040839254231336j),(-0.9162245149719087+0.13069582971005464j)
"(0.6909090909090909, 0.7142857142857135)","(0.6909090909090909, 0.7142857142857135)",(-1.3650563407937568-0.43550622835459607j),(-0.5715315666182037+0.2321010772065429j),(0.06729225372037749-0.6394684325412552j),(-0.8608170278959307-0.02813887301988384j)
"(0.7333333333333334, 0.7142857142857135)","(0.7333333333333334, 0.7142857142857135)",(-0.662795843960145-0.4584896273073633j),(-0.7309968984837921+0.029330609663314314j),(0.8400370869468394-0.3212324131230999j),(-0.7718360324231923-0.16658782384757773j)
"(0.7757575757575759, 0.7142857142857135)","(0.7757575757575759, 0.7142857142857135)",(-0.5890411481877977+0.05496830761431992j),(-0.7783637719422004-0.2541054583738687j),(0.8453343203673351+0.5826760915060678j),(-0.6560116966129325-0.27360232551787916j)
"(0.8181818181818183, 0.7142857142857135)","(0.8181818181818183, 0.7142857142857135)",(-1.1713827495146254+0.09032791514954175j),(-0.678915937344895-0.5494522234212993j),(0.03221878131680614+0.9803145313018932j),(-0.5246855934865365-0.3405343927310521j)
"(0.8606060606060608, 0.7142857142857135)","(0.8606060606060608, 0.7142857142857135)",(-1.4448656306171364-0.6623624539827087j),(-0.44180244001403207-0.7749053978099371j),(-0.6100631926155649+0.4758289533002543j),(-0.39299999798753943-0.3632860094730259j)
"(0.9030303030303031, 0.7142857142857135)","(0.9030303030303031, 0.7142857142857135)",(-0.8274525460001492-1.3627663143984186j),(-0.12307383074124431-0.8646496224861971j),(-0.42636585065562516-0.15388449270853752j),(-0.2780128646032796-0.344232199203684j)
"(0.9454545454545455, 0.7142857142857135)","(0.9454545454545455, 0.7142857142857135)",(0.05495796791705884-1.1973472573504742j),(0.19104369549698363-0.7961973597049287j),(0.05967671163532502-0.10779144392533746j),(-0.1957624392152498-0.29335845372020813j)
"(0.987878787878788, 0.7142857142857135)","(0.987878787878788, 0.7142857142857135)",(0.24594545661730355-0.5057066299011542j),(0.41668318700811474-0.6023753291535131j),(-0.013132935970710493+0.32468421654699214j),(-0.15760479442010072-0.22801551729463324j)
"(1.0303030303030305, 0.7142857142857135)","(1.0303030303030305, 0.7142857142857135)",(-0.21945966788910626-0.2743997043396986j),(0.5072971433374168-0.3592909065553591j),(-0.5602610275518848+0.2557118584619342j),(-0.1664957836746383-0.17082065624627374j)
"(1.0727272727272728, 0.7142857142857135)","(1.0727272727272728, 0.7142857142857135)",(-0.41729631484593427-0.7392281407046828j),(0.4736128446262399-0.15296758590914034j),(-0.676714321865611-0.44069220129053305j),(-0.21419483760656322-0.14556835350500935j)
"(1.1151515151515152, 0.7142857142857135)","(1.1151515151515152, 0.7142857142857135)",(0.10841221489407854-1.090649360594651j),(0.37654075381327745-0.0396394287920414j),(0.012376615448947087-0.879462620657048j),(-0.280505154368146-0.1715473111455616j)
"(1.1575757575757577, 0.7142857142857135)","(1.1575757575757577, 0.7142857142857135)",(0.6891623303475916-0.6893895509779648j),(0.29462229712808635-0.020298325710747227j),(0.7300408026957838-0.41178276337685404j),(-0.33550076947627855-0.25730846189036355j)
"(1.2000000000000002, 0.7142857142857135)","(1.2000000000000002, 0.7142857142857135)",(0.5234042684179723-0.033950110229782005j),(0.2823242318693628-0.04403550557288684j),(0.5862175190642545+0.405600653957754j),(-0.34513748251564497-0.3955152586146492j)
"(1.2424242424242427, 0.7142857142857135)","(1.2424242424242427, 0.7142857142857135)",(-0.1055925107051276-0.06538760104687341j),(0.3418915101902733-0.039071868576880324j),(-0.16776578390358104+0.5344754337903093j),(-0.27971823699181986-0.5607911662603023j)
"(1.284848484848485, 0.7142857142857135)","(1.284848484848485, 0.7142857142857135)",(-0.16182732995756077-0.7744359468470615j),(0.4243560364166875+0.045765233043622296j),(-0.4626279198267652-0.10798483811874371j),(-0.12355544654748307-0.7122163417719402j)
"(1.3272727272727274, 0.7142857142857135)","(1.3272727272727274, 0.7142857142857135)",(0.6762307454189982-1.113228897943182j),(0.45830773323861856+0.21238531083203677j),(0.10110062298095156-0.5244421335734278j),(0.11682238919942817-0.8011720752017909j)
"(1.3696969696969699, 0.7142857142857135)","(1.3696969696969699, 0.7142857142857135)",(1.476485326591263-0.4054189784511964j),(0.3891033421727289+0.4124783349532884j),(0.6783854890742357-0.034241143256971786j),(0.4089964953442983-0.783656170147513j)
"(1.4121212121212123, 0.7142857142857135)","(1.4121212121212123, 0.7142857142857135)",(1.2537329255646683+0.6822341973050002j),(0.2068412623116317+0.5722021332600085j),(0.3488480361066875+0.744383227887642j),(0.6980436271463492-0.6343511638426501j)
"(1.4545454545454546, 0.7142857142857135)","(1.4545454545454546, 0.7142857142857135)",(0.2919361224017887+0.9831781699241113j),(-0.049413121251216836+0.626853914257739j),(-0.5764666449664599+0.7145686193233234j),(0.9178158886194655-0.35824436365695106j)
"(1.496969696969697, 0.7142857142857135)","(1.496969696969697, 0.7142857142857135)",(-0.23245174059512386+0.3633955175892246j),(-0.30911636591227754+0.547998210243706j),(-0.9316896429374961-0.18939176146592318j),(1.0083542682546498+0.004789068811441784j)
"(1.5393939393939395, 0.7142857142857135)","(1.5393939393939395, 0.7142857142857135)",(0.18265910786784023-0.14315000948335688j),(-0.49826081773029407+0.3536574066221775j),(-0.2539942705699954-0.8825642893673691j),(0.9349141961681297+0.3857568732618347j)
"(1.581818181818182, 0.7142857142857135)","(1.581818181818182, 0.7142857142857135)",(0.743646593944426+0.24098278747476526j),(-0.5667527293357961+0.10125535132436021j),(0.6081493411781984-0.5632758329859933j),(0.7022499821020237+0.7030032691363983j)
"(1.6242424242424245, 0.7142857142857135)","(1.6242424242424245, 0.7142857142857135)",(0.4949591310261135+1.0172375733132653j),(-0.5077034319268479-0.13337313233472212j),(0.6446614965106199+0.26494943899668966j),(0.3580010664423415+0.8856612666512976j)
"(1.6666666666666667, 0.7142857142857135)","(1.6666666666666667, 0.7142857142857135)",(-0.3925647466031028+1.1531346158017453j),(-0.3618733394328296-0.28661649298008923j),(-0.012513062509163174+0.5429590846286939j),(-0.018178344661109985+0.8967920241531406j)
"(1.7090909090909092, 0.7142857142857135)","(1.7090909090909092, 0.7142857142857135)",(-0.9268800110043582+0.49134231111120574j),(-0.20005109985926958-0.3377454243913184j),(-0.3886959160928512+0.08170247641665564j),(-0.3381329950522375+0.7473852590858685j)
"(1.7515151515151517, 0.7142857142857135)","(1.7515151515151517, 0.7142857142857135)",(-0.6808835953947081-0.1292359520965617j),(-0.08379972373224087-0.32127228528753415j),(-0.06287815987584493-0.30227151548567976j),(-0.5342057117866224+0.49430784867665223j)
"(1.7939393939393942, 0.7142857142857135)","(1.7939393939393942, 0.7142857142857135)",(-0.28346996398825114-0.1197820416831605j),(-0.023624501765714-0.3035771474784966j),(0.3229955031976961-0.03692716036625741j),(-0.5828409654202332+0.22072226616159354j)
"(1.8363636363636366, 0.7142857142857135)","(1.8363636363636366, 0.7142857142857135)",(-0.38855274506585313+0.07741213127241843j),(0.031535338764717896-0.3282903481767024j),(0.09217234546082778+0.40084955364488223j),(-0.5122604292913988+0.00485292580423859j)
"(1.8787878787878791, 0.7142857142857135)","(1.8787878787878791, 0.7142857142857135)",(-0.680524510640905-0.23235589437307902j),(0.1516245064857325-0.36788546102764086j),(-0.4431550975408309+0.24630902011931144j),(-0.3889939195858067-0.1107794534647496j)
"(1.9212121212121216, 0.7142857142857135)","(1.9212121212121216, 0.7142857142857135)",(-0.380648429394287-0.8443767589477041j),(0.3507095448013641-0.33048854435490166j),(-0.4443927213418671-0.3781346964691788j),(-0.28696525285378405-0.13575351812362368j)
"(1.9636363636363636, 0.7142857142857135)","(1.9636363636363636, 0.7142857142857135)",(0.48711798991925104-0.8590468982710345j),(0.5429009324404628-0.1354178757876711j),(0.19595937912274966-0.5991109208895414j),(-0.2517423216439614-0.12451810159382201j)
"(2.006060606060606, 0.7142857142857135)","(2.006060606060606, 0.7142857142857135)",(0.9505278589349531-0.0034275615721242325j),(0.5844093008008007+0.19437599952776372j),(0.6430155856091256-0.051332787872487684j),(-0.27689702747497336-0.14647077322740026j)
"(2.0484848484848484, 0.7142857142857135)","(2.0484848484848484, 0.7142857142857135)",(0.3659175941768637+0.8265513605596454j),(0.388246836290382+0.5103180480597248j),(0.28356075434523115+0.5621525916062476j),(-0.3058899964587494-0.24591927910632705j)
"(2.090909090909091, 0.7142857142857135)","(2.090909090909091, 0.7142857142857135)",(-0.6384502487239316+0.6539914590606537j),(0.01968936050729171+0.6297413023766788j),(-0.3964669831906068+0.4359552841713982j),(-0.26167262604061653-0.4117051274874232j)
"(2.1333333333333333, 0.7142857142857135)","(2.1333333333333333, 0.7142857142857135)",(-0.9056409788830102-0.30543191105655887j),(-0.32566610515831607+0.48114911819243544j),(-0.4882101618664763-0.21239454581540906j),(-0.09176471185821794-0.5741864834335852j)
"(2.175757575757576, 0.7142857142857135)","(2.175757575757576, 0.7142857142857135)",(-0.20535496269037412-0.92691402867186j),(-0.4652934318797455+0.17479591967468602j),(0.06618301565889374-0.466541996410973j),(0.19375545353047763-0.6351679519355731j)
"(2.2181818181818183, 0.7142857142857135)","(2.2181818181818183, 0.7142857142857135)",(0.5576875759025717-0.6229511033531494j),(-0.3777336526240077-0.08175777803050299j),(0.4219095240812047-0.022140880612391438j),(0.5135117044453746-0.5190524447102549j)
"(2.2606060606060607, 0.7142857142857135)","(2.2606060606060607, 0.7142857142857135)",(0.604249102333771+0.016914505323600476j),(-0.21306453127192984-0.16192451394531726j),(0.07274179731119766+0.3986914979649436j),(0.7445718362945033-0.21985247869602584j)
"(2.303030303030303, 0.7142857142857135)","(2.303030303030303, 0.7142857142857135)",(0.2274770490654877+0.18485261533616454j),(-0.1416323783514583-0.12669935985503844j),(-0.41050621442576124+0.12883566139636066j),(0.7796156418427073+0.18271631379484232j)
"(2.3454545454545452, 0.7142857142857135)","(2.3454545454545452, 0.7142857142857135)",(0.17428758077175438-0.0288686714252665j),(-0.17990379247389587-0.14582821982032476j),(-0.22922431267537008-0.43410798396496475j),(0.5834156859210203+0.551067532360023j)
"(2.3878787878787877, 0.7142857142857135)","(2.3878787878787877, 0.7142857142857135)",(0.4664463426286787+0.06659508303448147j),(-0.17336703609709517-0.2999302751203789j),(0.42249944800258127-0.3846654760081365j),(0.21731393072319255+0.7511908341629969j)
"(2.43030303030303, 0.7142857142857135)","(2.43030303030303, 0.7142857142857135)",(0.41316981947597176+0.5814241277901202j),(0.029244485862205225-0.46513369476838645j),(0.5688184470336418+0.3295567278913233j),(-0.18489311341987524+0.7170010946671833j)
"(2.4727272727272727, 0.7142857142857135)","(2.4727272727272727, 0.7142857142857135)",(-0.23483886639812812+0.7912841926652769j),(0.3792629020387991-0.4177874201463662j),(-0.13421017862767204+0.7268951435558042j),(-0.47989158980925517+0.482176469255839j)
"(2.515151515151515, 0.7142857142857135)","(2.515151515151515, 0.7142857142857135)",(-0.7560263003279591+0.23241480288177055j),(0.6246301294290808-0.0740491626776715j),(-0.7972125765498898+0.14638517730305098j),(-0.5834438532071502+0.16007878825639107j)
"(2.5575757575757576, 0.7142857142857135)","(2.5575757575757576, 0.7142857142857135)",(-0.4332792039121471-0.47410651270422105j),(0.5323185318297801+0.3800895380410939j),(-0.4596523735118048-0.7359054908826682j),(-0.5059453622301223-0.11829055986264676j)
"(2.6, 0.7142857142857135)","(2.6, 0.7142857142857135)",(0.3276291841938644-0.3823782927952357j),(0.12710085293543313+0.6246279136108343j),(0.5346722936206838-0.7343986798120157j),(-0.3341439623622526-0.2726075265940543j)
"(2.6424242424242426, 0.7142857142857135)","(2.6424242424242426, 0.7142857142857135)",(0.4290730325651937+0.41240427951543646j),(-0.30469197910355383+0.4941966274906548j),(0.9043302263698906+0.22509749162123285j),(-0.17056521470114303-0.3068898395964512j)
"(2.684848484848485, 0.7142857142857135)","(2.684848484848485, 0.7142857142857135)",(-0.40846176935086664+0.7727464317179407j),(-0.47031058032304607+0.13195071489019924j),(0.13117343388249414+0.9291078110639411j),(-0.06932462291031469-0.2883120942361996j)
"(2.727272727272727, 0.7142857142857135)","(2.727272727272727, 0.7142857142857135)",(-1.1506959515121171+0.018801562079280965j),(-0.33469269321706396-0.15667086867993182j),(-0.805595440037463+0.4618077944771631j),(-0.01040781825759024-0.2863353637179503j)
"(2.7696969696969695, 0.7142857142857135)","(2.7696969696969695, 0.7142857142857135)",(-0.7559778970574814-1.0857825416567142j),(-0.12114865148412074-0.20483217873246476j),(-0.7051352682151791-0.5662739394212748j),(0.07030602264181851-0.31467642350297453j)
"(2.812121212121212, 0.7142857142857135)","(2.812121212121212, 0.7142857142857135)",(0.43347290411595296-1.2682026894487368j),(-0.049622625042432235-0.12377943554289979j),(0.2666771198105664-0.8260487024217341j),(0.2164184093478188-0.3183745514841029j)
"(2.8545454545454545, 0.7142857142857135)","(2.8545454545454545, 0.7142857142857135)",(1.121971835381355-0.3844547507171308j),(-0.09899823753530713-0.1337750655760897j),(0.8218155173784574-0.032694369434442705j),(0.3991545555382047-0.2179853157065984j)
"(2.896969696969697, 0.7142857142857135)","(2.896969696969697, 0.7142857142857135)",(0.7446468598502621+0.4564212051600904j),(-0.05845984849859351-0.27922784708397497j),(0.28332415126998456+0.7172135319525127j),(0.5197825570788711+0.01843552029155267j)
"(2.9393939393939394, 0.7142857142857135)","(2.9393939393939394, 0.7142857142857135)",(0.10757949449116166+0.43040307909270425j),(0.18867989730418325-0.35718338465427807j),(-0.5521172538483115+0.4591189632561102j),(0.4710168510352899+0.32846750049087214j)
"(2.981818181818182, 0.7142857142857135)","(2.981818181818182, 0.7142857142857135)",(0.13731969414295017+0.052151956576310665j),(0.4769394033532964-0.15430109134277312j),(-0.5579195003568862-0.3667814678826406j),(0.21829979114654+0.5732345158017244j)
"(3.0242424242424244, 0.7142857142857135)","(3.0242424242424244, 0.7142857142857135)",(0.5339014482420307+0.2897903824203094j),(0.5011349673144986+0.2690506971101515j),(0.1900917649460822-0.5950442903561816j),(-0.15732528401855006+0.6157839756663395j)
"(3.066666666666667, 0.7142857142857135)","(3.066666666666667, 0.7142857142857135)",(0.2535210264803918+1.0276552495091344j),(0.152075108120179+0.5828241055949196j),(0.5924007552274063+0.03426935528374757j),(-0.4909548368671935+0.4105617886304674j)
"(3.109090909090909, 0.7142857142857135)","(3.109090909090909, 0.7142857142857135)",(-0.8498635960584653+1.113110422256601j),(-0.32747399010186995+0.5036000487625697j),(0.10320488256997143+0.5677049816231217j),(-0.6255944885265667+0.041805391870909536j)
"(3.1515151515151514, 0.7142857142857135)","(3.1515151515151514, 0.7142857142857135)",(-1.5909034802364308+0.0025693042721843806j),(-0.5580644400165832+0.08983335707474209j),(-0.5276736478011465+0.23229059924003612j),(-0.5051653924187012-0.3195546520425938j)
"(3.193939393939394, 0.7142857142857135)","(3.193939393939394, 0.7142857142857135)",(-0.9582816771941484-1.292452206428727j),(-0.3913489857223392-0.3105217081940616j),(-0.361189561304971-0.4671499514742143j),(-0.2057431301668381-0.5147805467604509j)
"(3.2363636363636363, 0.7142857142857135)","(3.2363636363636363, 0.7142857142857135)",(0.4549442528354821-1.382977149868235j),(-0.03529512069778579-0.4079083559321066j),(0.3738005330837138-0.48897170895567205j),(0.11643884044955413-0.48609708498045634j)
"(3.278787878787879, 0.7142857142857135)","(3.278787878787879, 0.7142857142857135)",(1.1166521483622167-0.29526621766205347j),(0.19085934759107934-0.2352605296747206j),(0.6027079551934648+0.23609725996446884j),(0.3230848455776726-0.2961029479518017j)
"(3.3212121212121213, 0.7142857142857135)","(3.3212121212121213, 0.7142857142857135)",(0.5043150884317936+0.5611153288387063j),(0.18694326025460986-0.04987770085627255j),(-0.0513557906186627+0.6799686176092633j),(0.3687276187958465-0.0689755879142845j)
"(3.3636363636363638, 0.7142857142857135)","(3.3636363636363638, 0.7142857142857135)",(-0.27430876633644935+0.25650099304354196j),(0.1186600894435714-0.01106675129016517j),(-0.6956265817242913+0.16917200595747417j),(0.3026577259442705+0.09839573837623294j)
"(3.4060606060606062, 0.7142857142857135)","(3.4060606060606062, 0.7142857142857135)",(-0.04041383698153031-0.4634482098147479j),(0.15427586607770427-0.020515158702505646j),(-0.3999705190666549-0.6305133510720802j),(0.2052808160074203+0.18758029995983794j)
"(3.4484848484848487, 0.7142857142857135)","(3.4484848484848487, 0.7142857142857135)",(0.8255988347375373-0.27066401407866925j),(0.23009736502976855+0.09721589314802259j),(0.47899308101439647-0.6058535138256268j),(0.11650838869337224+0.23797360659893496j)
"(3.4909090909090907, 0.7142857142857135)","(3.4909090909090907, 0.7142857142857135)",(0.9050655695284386+0.8482676726480511j),(0.1384331577031706+0.3145749084875803j),(0.750058330601153+0.25299648962611526j),(0.016574081224115075+0.28069627453435547j)
"(3.533333333333333, 0.7142857142857135)","(3.533333333333333, 0.7142857142857135)",(-0.28005792855028233+1.4802931183571055j),(-0.17087091706494817+0.38577458682081245j),(0.018751559609821552+0.8034036198897779j),(-0.1279385710951557+0.29111491164651515j)
"(3.5757575757575757, 0.7142857142857135)","(3.5757575757575757, 0.7142857142857135)",(-1.5094018224109045+0.6395610160210866j),(-0.45855136808213887+0.1367143923434527j),(-0.7518592692698337+0.2960976297608192j),(-0.29899118505893196+0.20674899391681467j)
"(3.618181818181818, 0.7142857142857135)","(3.618181818181818, 0.7142857142857135)",(-1.368764598814486-0.8869618604610394j),(-0.4240496111218819-0.28443417188836617j),(-0.535898866107558-0.6004498624684425j),(-0.4088161215850461-0.002077826104230747j)
"(3.6606060606060606, 0.7142857142857135)","(3.6606060606060606, 0.7142857142857135)",(-0.030137923433029623-1.489508879021965j),(-0.047013105880650205-0.5153155335101058j),(0.3725307923012384-0.701239118415214j),(-0.3556556098536178-0.27295422709664513j)
"(3.703030303030303, 0.7142857142857135)","(3.703030303030303, 0.7142857142857135)",(1.0139386119710303-0.708145022234766j),(0.35885931136162125-0.34797569440437853j),(0.7690430456590509+0.10477223880123121j),(-0.11396374504964175-0.4649415666316188j)
"(3.7454545454545456, 0.7142857142857135)","(3.7454545454545456, 0.7142857142857135)",(0.8355935927763367+0.34099270749957494j),(0.45683791974237903+0.05457702354771318j),(0.16071276402691287+0.7342751265023203j),(0.21804290900704484-0.44785944255045856j)
"(3.787878787878788, 0.7142857142857135)","(3.787878787878788, 0.7142857142857135)",(0.07141452016519462+0.5194689953253064j),(0.21804664218901113+0.33729781491549865j),(-0.6099071883701398+0.3850307781680922j),(0.46327506634632326-0.20285959775828444j)
"(3.83030303030303, 0.7142857142857135)","(3.83030303030303, 0.7142857142857135)",(-0.15114133959584097+0.04149606822747626j),(-0.09056760856535293+0.31666421450095716j),(-0.5398563498634491-0.4229580954154606j),(0.4792826188329611+0.14778994914197968j)
"(3.872727272727273, 0.7142857142857135)","(3.872727272727273, 0.7142857142857135)",(0.24528735766700288-0.07980887809595932j),(-0.2196317413172855+0.11940919672889877j),(0.207848654902795-0.6118614395794006j),(0.2570704440814934+0.41264336475454255j)
"(3.915151515151515, 0.7142857142857135)","(3.915151515151515, 0.7142857142857135)",(0.359052034655941+0.4269781201390642j),(-0.17289636583031343-0.027092499519395852j),(0.6034746089135252-0.001147725734534439j),(-0.0715262084272708+0.4552183453929945j)
"(3.957575757575758, 0.7142857142857135)","(3.957575757575758, 0.7142857142857135)",(-0.2612528631925999+0.7440971879187228j),(-0.11337242105506204-0.06405446612900237j),(0.17653493427275252+0.5301726074770662j),(-0.32441537641029033+0.277979046570659j)
"(4.0, 0.7142857142857135)","(4.0, 0.7142857142857135)",(-0.9090958003430103+0.2040225528162271j),(-0.10606035111105025-0.10363897421345893j),(-0.41531242827708853+0.30188867226693517j),(-0.3877230209548716+0.00577285476275087j)
"(-0.2, 1.0)","(-0.2, 1.0)",(-0.4074161407256838+0.2429256060435322j),(0.5318564955251962+0.6739817091779584j),(-0.16810291471878314+0.46633989720868213j),(-0.7711697215320968-0.8973960003431084j)
"(-0.1575757575757576, 1.0)","(-0.1575757575757576, 1.0)",(0.2882447547113134+0.1848163406551373j),(0.6347683607519998+0.6680343469879051j),(0.46779018131268474+0.3853090649652605j),(-0.8143137873533712-0.8685270712980284j)
"(-0.11515151515151516, 1.0)","(-0.11515151515151516, 1.0)",(0.4474419124518394-0.35068696754445805j),(0.7149208594092824+0.6560074775494331j),(0.5786711831725064-0.16113367531082004j),(-0.8461501301299494-0.8455607697830712j)
"(0.1393939393939394, 1.0)","(0.1393939393939394, 1.0)",(0.4107947829033274+0.02927050786247898j),(0.6038112382757915+0.7395110468028423j),(0.6275673400993195+0.16752424265718321j),(-0.8205837954717836-0.8777647815975466j)
"(0.18181818181818182, 1.0)","(0.18181818181818182, 1.0)",(-0.14005778035473448+0.41115617632798784j),(0.47702055994642817+0.7539789487577796j),(0.16134320208836817+0.5672931581093089j),(-0.7784215423895309-0.9101159305391007j)
"(0.22424242424242424, 1.0)","(0.22424242424242424, 1.0)",(-0.7955558200031987+0.004185176019545933j),(0.3265670703473178+0.7400508682095929j),(-0.3985985976267917+0.21119250027350497j),(-0.7235242927237249-0.9470581924635519j)
"(0.26666666666666666, 1.0)","(0.26666666666666666, 1.0)",(-0.726867501190932-0.7825922263498233j),(0.16644647225635914+0.6839094292334388j),(-0.2383271071200882-0.48025757255866747j),(-0.6549868663272029-0.9862440830245945j)
"(0.30909090909090914, 1.0)","(0.30909090909090914, 1.0)",(-0.06987197984247517-1.0388995955247151j),(0.018434582014906963+0.5767871209590044j),(0.48380220374220717-0.5909482094183851j),(-0.5721087655995893-1.0247385070653345j)
"(0.3515151515151515, 1.0)","(0.3515151515151515, 1.0)",(0.2911567109805736-0.6266243023816089j),(-0.08972488735477448+0.42032680658246374j),(0.8554942964793679+0.012081976067777637j),(-0.47461269814401985-1.0590330850318503j)
"(0.393939393939394, 1.0)","(0.393939393939394, 1.0)",(-0.01007249655694703-0.33383053559188247j),(-0.1297264514133643+0.23130863564263793j),(0.48254833191323726+0.519981498894232j),(-0.36289437705682-1.0851206701287524j)
"(0.43636363636363634, 1.0)","(0.43636363636363634, 1.0)",(-0.31404312319850974-0.7115230493801389j),(-0.08165560173173915+0.0432301007645854j),(0.005898297897503087+0.343900500946344j),(-0.23828581936427368-1.0986536510910683j)
"(0.4787878787878788, 1.0)","(0.4787878787878788, 1.0)",(0.0949247197582662-1.2558671584378653j),(0.05543658380292342-0.0979521093359999j),(0.14279079534192232-0.06270814391286315j),(-0.10330265938657952-1.0952069051890023j)
"(0.5212121212121212, 1.0)","(0.5212121212121212, 1.0)",(0.9227927999005439-1.1066347901264741j),(0.25539028822840026-0.14532357852706143j),(0.6292354953387289+0.10934678145957323j),(0.03816701633341466-1.070657993058986j)
"(0.5636363636363637, 1.0)","(0.5636363636363637, 1.0)",(1.22830549512326-0.2800267898375658j),(0.464454294963972-0.06814481919648019j),(0.5830643559046076+0.8097997587839357j),(0.18078684425468022-1.0216817294250213j)
"(0.6060606060606062, 1.0)","(0.6060606060606062, 1.0)",(0.7195447190456871+0.314252627473558j),(0.6124639065222143+0.1309678170589287j),(-0.21079061888873038+1.1296175299727533j),(0.3178714314122032-0.9463327195581241j)
"(0.6484848484848484, 1.0)","(0.6484848484848484, 1.0)",(0.16006116774489+0.11422528392085629j),(0.6352945536873703+0.4072885212876285j),(-0.9169544711200956+0.5515952205373241j),(0.4417210851776153-0.8446584579040963j)
"(0.6909090909090909, 1.0)","(0.6909090909090909, 1.0)",(0.30197728991530426-0.33100642540491215j),(0.5017215435879471+0.6813475917105427j),(-0.7439806107935819-0.2931037935274133j),(0.5442363571209391-0.7192502235880416j)
"(0.7333333333333334, 1.0)","(0.7333333333333334, 1.0)",(0.8345235827793445-0.15175117966012103j),(0.23248213635422674+0.8641623398621872j),(-0.015780150085077427-0.44030794310258864j),(0.6178215965101952-0.5756055764197195j)
"(0.7757575757575759, 1.0)","(0.7757575757575759, 1.0)",(0.8227038623879919+0.5986191032028149j),(-0.10062733868498529+0.8924756525935144j),(0.2668008757993648+0.1282979973879454j),(0.6565303252736124-0.42215454677864483j)
"(0.8181818181818183, 1.0)","(0.8181818181818183, 1.0)",(0.028948818095893558+0.9851156365403806j),(-0.40001486133096453+0.7578763714812069j),(-0.22836651968470378+0.49704346411282385j),(0.6573301991115619-0.2698041990536501j)
"(0.8606060606060608, 1.0)","(0.8606060606060608, 1.0)",(-0.7203093067100076+0.46338537666669427j),(-0.5831604145462185+0.5130156139463323j),(-0.7584301996062918+0.0812660983035104j),(0.6212813074425027-0.13089633558314845j)
"(0.9030303030303031, 1.0)","(0.9030303030303031, 1.0)",(-0.6258967119292931-0.3785736968412126j),(-0.6191712027863009+0.24815326150827388j),(-0.5610724060222113-0.6091663021150845j),(0.5543468968792191-0.017560656234402013j)
"(0.9454545454545455, 1.0)","(0.9454545454545455, 1.0)",(0.049906831419263664-0.6146800464574593j),(-0.5404083702964722+0.048007664869481714j),(0.12279852867791759-0.7231056687295314j),(0.46751667303781824+0.0604179574025904j)
"(0.987878787878788, 1.0)","(0.987878787878788, 1.0)",(0.40611106750002446-0.1837492628352712j),(-0.4213524394913819-0.04797957927580608j),(0.4515131642931997-0.23369703727544655j),(0.37595034269820665+0.09792735371598142j)
"(1.0303030303030305, 1.0)","(1.0303030303030305, 1.0)",(0.1365171800876026+0.14576673097650816j),(-0.33648412582281484-0.05945651902132659j),(0.1760311386249957+0.10863827519175974j),(0.29697016728542175+0.096584974806075j)
"(1.0727272727272728, 1.0)","(1.0727272727272728, 1.0)",(-0.15673860198809356-0.08036620338228699j),(-0.32204320582893414-0.04631463914062352j),(-0.0816534434284396-0.09998124679803157j),(0.2469580472692802+0.0659296825563681j)
"(1.1151515151515152, 1.0)","(1.1151515151515152, 1.0)",(0.0633217091291699-0.4097010535836351j),(-0.36292904041695684-0.07096025682775955j),(0.18872203103711505-0.3618793311466832j),(0.2375287185090117+0.023138534390807677j)
"(1.1575757575757577, 1.0)","(1.1575757575757577, 1.0)",(0.46960079461737575-0.24514423340287833j),(-0.4081062521851298-0.16546782049230171j),(0.6060063312825605-0.07049133906737866j),(0.271700715519945-0.009185073843197958j)
"(1.2000000000000002, 1.0)","(1.2000000000000002, 1.0)",(0.4029382646067829+0.2068661664592291j),(-0.4000626604373441-0.3197068996787531j),(0.4619262849527668+0.5338161179709051j),(0.34107464009136024-0.007243051832922929j)
"(1.2424242424242427, 1.0)","(1.2424242424242427, 1.0)",(-0.07268035698803399+0.22114310445475277j),(-0.3002332614564887-0.4894595794145483j),(-0.1975769868393655+0.6624406609003929j),(0.4251298913078202+0.0481620229689082j)
"(1.284848484848485, 1.0)","(1.284848484848485, 1.0)",(-0.17977076863568342-0.32626183758036703j),(-0.10295576069215762-0.6134139163029747j),(-0.5703611553268094+0.12179381195979395j),(0.4935461473832836+0.16535826676281373j)
"(1.3272727272727274, 1.0)","(1.3272727272727274, 1.0)",(0.44930419029598573-0.6580895099130066j),(0.15891464425352536-0.6323176273454374j),(-0.22148678721617365-0.36246934712404233j),(0.511876333258634+0.3366974645564731j)
"(1.3696969696969699, 1.0)","(1.3696969696969699, 1.0)",(1.1408221400549865-0.1310309393691641j),(0.415999208312514-0.5122748963226519j),(0.2748421719041563-0.15522662368598156j),(0.4499807598383162+0.5364705806394693j)
"(1.4121212121212123, 1.0)","(1.4121212121212123, 1.0)",(1.0114284025416667+0.8167465038218773j),(0.5811965151456825-0.27051722676613726j),(0.1386734767860248+0.3638647189768187j),(0.29155841060995935+0.7233990116111959j)
"(1.4545454545454546, 1.0)","(1.4545454545454546, 1.0)",(0.16228062939039584+1.1795007195466778j),(0.5918266980807771+0.014486834847801085j),(-0.47174904323266653+0.3167097791431998j),(0.04220297454228523+0.8483041055556769j)
"(1.496969696969697, 1.0)","(1.496969696969697, 1.0)",(-0.43559695386371966+0.7051787912721293j),(0.45707695294974804+0.23313308020842008j),(-0.6257409419483744-0.39400994650086335j),(-0.2669329648650933+0.8660556575645726j)
"(1.5393939393939395, 1.0)","(1.5393939393939395, 1.0)",(-0.24411706256730098+0.2056481872641437j),(0.26803181047309105+0.3135470892792317j),(0.07006735119757988-0.8570936574534845j),(-0.5822162242379719+0.7491947554383965j)
"(1.581818181818182, 1.0)","(1.581818181818182, 1.0)",(0.13935204637490894+0.41286515958149433j),(0.14043128713255118+0.28186777011987213j),(0.837025245065626-0.36829174380299684j),(-0.8381044858232682+0.49928913326461904j)
"(1.6242424242424245, 1.0)","(1.6242424242424245, 1.0)",(-0.1466190302608965+0.9602794197770538j),(0.11867539969921774+0.2499413098951841j),(0.7082807231966364+0.5585792753372878j),(-0.9735751531567506+0.1517588345445818j)
"(1.6666666666666667, 1.0)","(1.6666666666666667, 1.0)",(-0.995013474918858+0.9023947414415521j),(0.1249663319949133+0.31679239941235093j),(-0.16970940659037284+0.8145189881919808j),(-0.9502704003233985-0.22891664616277968j)
"(1.7090909090909092, 1.0)","(1.7090909090909092, 1.0)",(-1.452664149004048+0.04372967890936208j),(0.02094708665916631+0.458754707452624j),(-0.7070539205096564+0.14898145042608035j),(-0.7665573151535578-0.5640064789693423j)
"(1.7515151515151517, 1.0)","(1.7515151515151517, 1.0)",(-1.0195251657037405-0.7775943699276684j),(-0.2499870278891565+0.5211204939204929j),(-0.30770388115173425-0.516561240353628j),(-0.4618342566628497-0.7821536234945332j)
"(1.7939393939393942, 1.0)","(1.7939393939393942, 1.0)",(-0.30487169413311854-0.8366403987513276j),(-0.5689881227604342+0.34870672758796617j),(0.37194695003255535-0.3440058038580843j),(-0.10783052140523966-0.8413413224812094j)
"(1.8363636363636366, 1.0)","(1.8363636363636366, 1.0)",(-0.13370196146364616-0.4784438902789086j),(-0.7094723280945742-0.047404451557919045j),(0.36375882230179446+0.3122096544207918j),(0.21201154432913355-0.7432490931417813j)
"(1.8787878787878791, 1.0)","(1.8787878787878791, 1.0)",(-0.383140619777899-0.5422892586635647j),(-0.5333576722640601-0.454794480270038j),(-0.2788383245521076+0.44602005751094775j),(0.4290553770382686-0.5335148359044745j)
"(1.9212121212121216, 1.0)","(1.9212121212121216, 1.0)",(-0.20884481927321008-1.0855859573040565j),(-0.13745829282365343-0.6207165495678066j),(-0.5837678907830461-0.17889529507817353j),(0.5123813643334895-0.2859741126580764j)
"(1.9636363636363636, 1.0)","(1.9636363636363636, 1.0)",(0.6526362019946716-1.2465835707860708j),(0.2104414168033676-0.4768089412255712j),(-0.03627649039228696-0.6944482469920352j),(0.4784712755835911-0.07532638256846437j)
"(2.006060606060606, 1.0)","(2.006060606060606, 1.0)",(1.3739792381690685-0.48454594230528325j),(0.30948760601275005-0.20457444576678238j),(0.6822862928158651-0.33158155232151354j),(0.38220533934045336+0.05161005578301271j)
"(2.0484848484848484, 1.0)","(2.0484848484848484, 1.0)",(1.1092250329369215+0.5420941972340435j),(0.21013287831616043-0.05622079098768639j),(0.6078970587412227+0.5046161069188356j),(0.29119509587953846+0.09369888130289432j)
"(2.090909090909091, 1.0)","(2.090909090909091, 1.0)",(0.19963974868881496+0.7562589689790183j),(0.14645908815628655-0.09778608859100786j),(-0.20026269660236318+0.7608682331655761j),(0.2534433571348916+0.09317682440445019j)
"(2.1333333333333333, 1.0)","(2.1333333333333333, 1.0)",(-0.1958426323840936+0.0999640340023858j),(0.2697920376735522-0.1445268581639237j),(-0.738595824178935+0.1322194914289308j),(0.2729611541212892+0.11227140073737868j)
"(2.175757575757576, 1.0)","(2.175757575757576, 1.0)",(0.37995907589339634-0.34207192788340196j),(0.46131752366725054+0.02523149571688543j),(-0.3875881562488244-0.5652594934868591j),(0.3062297084749702+0.19795606988657172j)
"(2.2181818181818183, 1.0)","(2.2181818181818183, 1.0)",(1.0474153403039987+0.23991293970909106j),(0.4414335069846734+0.3934203445396028j),(0.32215695627288443-0.5049052637422204j),(0.28382487704644077+0.3513978589117087j)
"(2.2606060606060607, 1.0)","(2.2606060606060607, 1.0)",(0.7205803772886883+1.2919035689173515j),(0.08170538540162456+0.671026445265602j),(0.48967337273578243+0.10212851102426529j),(0.14920161915128133+0.5187486126274843j)
"(2.303030303030303, 1.0)","(2.303030303030303, 1.0)",(-0.4815705754869682+1.585622526390373j),(-0.4131851554529776+0.574454002539553j),(0.03524439538421923+0.3998890574643147j),(-0.10362981541820981+0.6112794663865052j)
"(2.3454545454545452, 1.0)","(2.3454545454545452, 1.0)",(-1.3940463604618634+0.7640924001391929j),(-0.6714759644912051+0.13049617956343937j),(-0.30850295342963+0.08516365472574326j),(-0.4140674425410283+0.5484325658500102j)
"(2.3878787878787877, 1.0)","(2.3878787878787877, 1.0)",(-1.2757539759700836-0.28569919327220356j),(-0.5144545569893096-0.3250976969777758j),(-0.08874096592262423-0.26458645151608357j),(-0.6725584530581497+0.30398495522165575j)
"(2.43030303030303, 1.0)","(2.43030303030303, 1.0)",(-0.6243862276528811-0.6440767147881521j),(-0.1294526733734983-0.4721332328252426j),(0.27252433117605107-0.1027577357348531j),(-0.7674578854554339-0.06918574622805634j)
"(2.4727272727272727, 1.0)","(2.4727272727272727, 1.0)",(-0.33683364842843-0.46734577921761994j),(0.13715397612142313-0.3119660905493182j),(0.16603013571825959+0.29672369558133377j),(-0.6400177602681127-0.45210338424963553j)
"(2.515151515151515, 1.0)","(2.515151515151515, 1.0)",(-0.46180080325218803-0.5517917688314358j),(0.14325147026696616-0.12267771880463971j),(-0.28595352671052493+0.27920487838858343j),(-0.31909874680862926-0.7083189284153795j)
"(2.5575757575757576, 1.0)","(2.5575757575757576, 1.0)",(-0.25334830224798277-1.0676418409356074j),(0.06750247262193725-0.11849400794473725j),(-0.40597598931156786-0.20302321950214652j),(0.0851252144416478-0.7461246134887237j)
"(2.6, 1.0)","(2.6, 1.0)",(0.6262829509242579-1.2603920546597998j),(0.15251403779653178-0.20537526181144852j),(0.04502933277178666-0.49260652870163885j),(0.42873958035593945-0.5624102641467124j)
"(2.6424242424242426, 1.0)","(2.6424242424242426, 1.0)",(1.4738144872503014-0.5152256812464658j),(0.3789521057852056-0.1174125368581873j),(0.4946499175672138-0.15430732473155062j),(0.6002124638978819-0.24350581965672793j)
"(2.684848484848485, 1.0)","(2.684848484848485, 1.0)",(1.3715192086641872+0.7020536506230797j),(0.46181243353467094+0.224879575432762j),(0.3395412534732792+0.39790857752260855j),(0.5701655216562371+0.07926549766770916j)
"(2.727272727272727, 1.0)","(2.727272727272727, 1.0)",(0.35972317490265815+1.316360151097656j),(0.18731719243425243+0.5631324684380388j),(-0.2247655954505768+0.45740160519261913j),(0.39717157791898255+0.2958260774669981j)
"(2.7696969696969695, 1.0)","(2.7696969696969695, 1.0)",(-0.5913088636185014+0.8986596853480542j),(-0.2992147545112455+0.5549364361067843j),(-0.4784749329518959-0.02439701265075013j),(0.18638082384463994+0.36812026189202j)
"(2.812121212121212, 1.0)","(2.812121212121212, 1.0)",(-0.725371066037875+0.08446313218563783j),(-0.6036648040504702+0.15587512129805628j),(-0.147585599322308-0.4076309780141899j),(0.02587933733490315+0.3362189889017715j)
"(2.8545454545454545, 1.0)","(2.8545454545454545, 1.0)",(-0.264272768054117-0.2838017772686397j),(-0.484099470632223-0.3104816695446223j),(0.2798294615042992-0.25068153218365324j),(-0.06000275892619321+0.2773614244596358j)
"(2.896969696969697, 1.0)","(2.896969696969697, 1.0)",(0.0695549537667298-0.09283346431434922j),(-0.09260979471608358-0.48262782888627176j),(0.27335272560567575+0.14430644325977324j),(-0.11118797712286238+0.24548792131214928j)
"(2.9393939393939394, 1.0)","(2.9393939393939394, 1.0)",(-0.02003536912825843+0.14867208217512753j),(0.21119993141810564-0.3180664943055137j),(-0.04452033778455858+0.23432802608560763j),(-0.1867149627618055+0.2324105503950336j)
"(2.981818181818182, 1.0)","(2.981818181818182, 1.0)",(-0.22955344819386736+0.09705885802999174j),(0.24828263938458978-0.07920321484455956j),(-0.1719938711848341-0.002162565124783817j),(-0.305842216393623+0.1784246379993351j)
"(3.0242424242424244, 1.0)","(3.0242424242424244, 1.0)",(-0.24820129259743065-0.09271609577722656j),(0.15942579130012025+0.007752675334712189j),(0.011097723300960741-0.12710574174823j),(-0.41872480719851163+0.026636970636291245j)
"(3.066666666666667, 1.0)","(3.066666666666667, 1.0)",(-0.14671231339427043-0.17652820448371603j),(0.15894070160318-0.0023127829973069083j),(0.12610499169923742+0.0426707423355736j),(-0.43175800669668785-0.21688616382198272j)
"(3.109090909090909, 1.0)","(3.109090909090909, 1.0)",(-0.10049530902973056-0.20122383111084285j),(0.23363732214297708+0.09034438916615499j),(-0.059343642601548174+0.17136872369666145j),(-0.27478898857115946-0.4629369439736593j)
"(3.1515151515151514, 1.0)","(3.1515151515151514, 1.0)",(-0.03633166797116964-0.3021627248663093j),(0.17018467576025043+0.30887218370745584j),(-0.24149302942846457-0.03078978298462757j),(0.0349766856970445-0.5802451255891375j)
"(3.193939393939394, 1.0)","(3.193939393939394, 1.0)",(0.19769408063139224-0.3586473165844828j),(-0.12899560159779994+0.4186361055558203j),(-0.05377391913868332-0.30068951428557283j),(0.3804636013678755-0.47659390785473027j)
"(3.2363636363636363, 1.0)","(3.2363636363636363, 1.0)",(0.4604507688885562-0.14226297871738214j),(-0.4526959217381095+0.2061881110125881j),(0.31312810458888835-0.18127441511097966j),(0.6000185860377774-0.16717667461899058j)
"(3.278787878787879, 1.0)","(3.278787878787879, 1.0)",(0.42204109425438696+0.25306665207878365j),(-0.4776182880777833-0.22279723776610624j),(0.31946363148832424+0.2566619415737268j),(0.580195750843846+0.2192019482711631j)
"(3.3212121212121213, 1.0)","(3.3212121212121213, 1.0)",(0.05887370773725409+0.4264215924181155j),(-0.1365248024554182-0.5081616423869295j),(-0.13109638288875958+0.42828834417088935j),(0.32649489308143187+0.5062948906341557j)
"(3.3636363636363638, 1.0)","(3.3636363636363638, 1.0)",(-0.22590825813724674+0.2036792627272373j),(0.28411679809482465-0.40742108068536687j),(-0.4735183379433769+0.04149496505791821j),(-0.036506718288694506+0.5696053783546859j)
"(3.4060606060606062, 1.0)","(3.4060606060606062, 1.0)",(-0.12166387088103411-0.07771915123937573j),(0.4402692591772042-0.04444272769668327j),(-0.22395010298259252-0.43782759855209336j),(-0.3379830270756458+0.4045511750094009j)
"(3.4484848484848487, 1.0)","(3.4484848484848487, 1.0)",(0.1410793015232054-0.008844750503706159j),(0.2742713452415394+0.24768171677456208j),(0.3258194978906326-0.37574979762229843j),(-0.45901154160896657+0.1192233303440302j)
"(3.4909090909090907, 1.0)","(3.4909090909090907, 1.0)",(0.09141781656089554+0.30699197156784797j),(0.017300467075863545+0.28595440098731706j),(0.46511609358997136+0.1618206453928835j),(-0.39099874410493934-0.14078307481235255j)
"(3.533333333333333, 1.0)","(3.533333333333333, 1.0)",(-0.3139811845913773+0.3702020592673697j),(-0.11373745196209493+0.1736220345894214j),(0.018257603192623224+0.47756714329028077j),(-0.2185013358219056-0.2809871186123325j)
"(3.5757575757575757, 1.0)","(3.5757575757575757, 1.0)",(-0.5970746482677137-0.029339217791891137j),(-0.13280597821194143+0.09135845278754418j),(-0.4185351032217302+0.17790325376923183j),(-0.045733566834042096-0.29860092434866714j)
"(3.618181818181818, 1.0)","(3.618181818181818, 1.0)",(-0.3869905227006243-0.5107919341747361j),(-0.17098838538064093+0.051455178192230236j),(-0.2901432894867709-0.3097792033209448j),(0.07414115216678753-0.25246790904602157j)
"(3.6606060606060606, 1.0)","(3.6606060606060606, 1.0)",(0.10563554874629871-0.6029059111498437j),(-0.22990839222108092-0.06417879208411292j),(0.1813084419346025-0.3437838100061592j),(0.15423549903277714-0.19494330905957155j)
"(3.703030303030303, 1.0)","(3.703030303030303, 1.0)",(0.414075639405288-0.3264900743296572j),(-0.1590094424872464-0.2619142570987691j),(0.3442241600090633+0.06175795292417146j),(0.2288609218834711-0.1263337701550596j)
"(3.7454545454545456, 1.0)","(3.7454545454545456, 1.0)",(0.4303517905188975-0.050913120806974035j),(0.10632658170468041-0.3496557445205368j),(0.02965703824079819+0.3091590261100199j),(0.29436817057341885-0.010416402396457091j)
"(3.787878787878788, 1.0)","(3.787878787878788, 1.0)",(0.41097641554015496+0.09626263500638733j),(0.37799746753539687-0.15633639331368754j),(-0.261030107048997+0.08729049944375476j),(0.2940090550537551+0.1653085288763201j)
"(3.83030303030303, 1.0)","(3.83030303030303, 1.0)",(0.4259888713641444+0.337400718920638j),(0.37818509942836137+0.21321218613986484j),(-0.11843010658280338-0.21890346413596015j),(0.1662338785185864+0.3430919969167333j)
"(3.872727272727273, 1.0)","(3.872727272727273, 1.0)",(0.17160793324777954+0.7098182014649546j),(0.061734795257248426+0.43549022462507053j),(0.19236555038051148-0.13854291127503354j),(-0.08249241238998037+0.41287088811491757j)
"(3.915151515151515, 1.0)","(3.915151515151515, 1.0)",(-0.48315598147724476+0.7739967670356396j),(-0.29991139837000763+0.30358715653952656j),(0.1642655209372007+0.1791739666312909j),(-0.34751010404443783+0.2912356438648222j)
"(3.957575757575758, 1.0)","(3.957575757575758, 1.0)",(-1.037169093948354+0.15828683870980503j),(-0.39358907121873465-0.0494699090412387j),(-0.1671058185305756+0.20652642431628063j),(-0.4764742041990437+0.0012303234347630886j)
"(4.0, 1.0)","(4.0, 1.0)",(-0.8203646853482339-0.7583483700412816j),(-0.18187675278043067-0.3020791359462064j),(-0.2659563517636823-0.13914241617209275j),(-0.37253158080412097-0.3171268179229825j)
"(-0.2, 1.2857142857142847)","(-0.2, 1.2857142857142847)",(1.1889465270268027+0.5655060349135425j),(0.23142720630919586-0.8265558135727287j),(-0.19557779893483032+1.3945344172956335j),(1.153097119652437-0.002472568809362421j)
"(-0.1575757575757576, 1.2857142857142847)","(-0.1575757575757576, 1.2857142857142847)",(1.8444979555545173+0.08518717378254534j),(0.1549680184235406-0.9405201506123434j),(0.5313025683489315+1.0751027046013928j),(1.1582273687820452-0.04939538020650406j)
"(-0.11515151515151516, 1.2857142857142847)","(-0.11515151515151516, 1.2857142857142847)",(1.8076806788635507-0.7225053191042299j),(0.08242275508023782-1.0241889403810278j),(0.5642978522828823+0.3866130819017417j),(1.1609600715004305-0.08492946062494372j)
"(0.1393939393939394, 1.2857142857142847)","(0.1393939393939394, 1.2857142857142847)",(2.0055749905433538-0.328642902512791j),(0.27012715251528957-0.9588279689711021j),(0.5677481675271531+0.6781271545033035j),(1.167699670500911-0.0479420880449924j)
"(0.18181818181818182, 1.2857142857142847)","(0.18181818181818182, 1.2857142857142847)",(1.629211643398606+0.39546143168191183j),(0.37390641520099777-0.8144460112950211j),(0.08994985731449238+1.2095886341524396j),(1.1653553708831157+0.00031880882449340786j)
"(0.22424242424242424, 1.2857142857142847)","(0.22424242424242424, 1.2857142857142847)",(0.9369609904293852+0.47457745132082074j),(0.4460408104774322-0.6212746337382585j),(-0.6680699439365145+1.0356897692703828j),(1.1589901238884674+0.06016231578869648j)
"(0.26666666666666666, 1.2857142857142847)","(0.26666666666666666, 1.2857142857142847)",(0.7077403538453932+0.0975215542749848j),(0.45492616404173436-0.39571940493032726j),(-0.893785941186241+0.36229961030748215j),(1.1466001309898999+0.1309413488978299j)
"(0.30909090909090914, 1.2857142857142847)","(0.30909090909090914, 1.2857142857142847)",(0.9771586141819993+0.020678457011059637j),(0.37660593334380243-0.17269841251298715j),(-0.5253423266815509-0.01821456775846831j),(1.1258950075197478+0.2115914372825151j)
"(0.3515151515151515, 1.2857142857142847)","(0.3515151515151515, 1.2857142857142847)",(1.0450455321093435+0.4638094919114878j),(0.2077392561006269-0.0022347523127637355j),(-0.25710064664575266+0.1655398628927276j),(1.0944069226544693+0.30050438133152396j)
"(0.393939393939394, 1.2857142857142847)","(0.393939393939394, 1.2857142857142847)",(0.5251064138461864+0.8053254434921697j),(-0.023529176813100402+0.06361569447502026j),(-0.5010125300117414+0.34630166381878125j),(1.0496481206710282+0.3954080851983683j)
"(0.43636363636363634, 1.2857142857142847)","(0.43636363636363634, 1.2857142857142847)",(-0.07513050323620674+0.49882962486320603j),(-0.2563200977858032-0.008031419901446889j),(-0.8081335969330761+0.013589145088319847j),(0.9893231914826724+0.49327189967633306j)
"(0.4787878787878788, 1.2857142857142847)","(0.4787878787878788, 1.2857142857142847)",(-0.07378857919097326-0.11710397326957467j),(-0.4115013256842215-0.20934720570662757j),(-0.5738840709520332-0.49801891521611835j),(0.9115968174452814+0.5902621476531713j)
"(0.5212121212121212, 1.2857142857142847)","(0.5212121212121212, 1.2857142857142847)",(0.4044621948994091-0.2871013128870743j),(-0.42115722821168505-0.482359200343793j),(0.010210675641558324-0.486518791169157j),(0.8154087474695358+0.6817766786258757j)
"(0.5636363636363637, 1.2857142857142847)","(0.5636363636363637, 1.2857142857142847)",(0.6066876563206101+0.08126249686455511j),(-0.261991771473267-0.7322696168560688j),(0.16786410886118036+0.05094344486394631j),(0.7008153189326967+0.7625886688566776j)
"(0.6060606060606062, 1.2857142857142847)","(0.6060606060606062, 1.2857142857142847)",(0.25067041668210077+0.2872172219325071j),(0.025775927436072793-0.8635413106612897j),(-0.34442706603434525+0.3236321244196225j),(0.5693215552803732+0.8271264081741743j)
"(0.6484848484848484, 1.2857142857142847)","(0.6484848484848484, 1.2857142857142847)",(-0.0358947305387709-0.12600594554254885j),(0.34935522174126465-0.8234720216588293j),(-0.8094013105146984-0.1724392402099449j),(0.4241513582346629+0.8699053163262254j)
"(0.6909090909090909, 1.2857142857142847)","(0.6909090909090909, 1.2857142857142847)",(0.3917048982853228-0.6379197704572757j),(0.603738474428376-0.6284857279038165j),(-0.48242214310897225-0.8955431328088367j),(0.270388566965919+0.8861090902553774j)
"(0.7333333333333334, 1.2857142857142847)","(0.7333333333333334, 1.2857142857142847)",(1.202068651952232-0.4118049254104219j),(0.7208699861984524-0.354756405357187j),(0.3662855969431885-0.9293364885746799j),(0.11491306881059096+0.8722879685214451j)
"(0.7757575757575759, 1.2857142857142847)","(0.7757575757575759, 1.2857142857142847)",(1.4274293441661747+0.5181333310541706j),(0.6979398172650841-0.09668040326137711j),(0.7634302788557062-0.2122911600502418j),(-0.03394075195461572+0.8271048943657895j)
"(0.8181818181818183, 1.2857142857142847)","(0.8181818181818183, 1.2857142857142847)",(0.7363855559784951+1.1918900800628938j),(0.5875466783188421+0.08058814335352223j),(0.31589418845415257+0.35928282524024646j),(-0.16705531079449967+0.7520191114691251j)
"(0.8606060606060608, 1.2857142857142847)","(0.8606060606060608, 1.2857142857142847)",(-0.08744229249093849+0.9357111652520833j),(0.45964321613307535+0.16429421959508916j),(-0.2715453743239485+0.11965762264136738j),(-0.27554013430006535+0.6517593230156268j)
"(0.9030303030303031, 1.2857142857142847)","(0.9030303030303031, 1.2857142857142847)",(-0.1387572600364835+0.22699586919142423j),(0.3647275575065793+0.1831720908442597j),(-0.15146071343354908-0.4905927164617051j),(-0.35202410410951374+0.5344164948088697j)
"(0.9454545454545455, 1.2857142857142847)","(0.9454545454545455, 1.2857142857142847)",(0.464261271785835+0.05142940781190808j),(0.3210820227252347+0.18028999016319297j),(0.5352663315100147-0.5398542086046136j),(-0.39208708244941437+0.41099362625332875j)
"(0.987878787878788, 1.2857142857142847)","(0.987878787878788, 1.2857142857142847)",(0.7993738684687841+0.6299037617630058j),(0.32214936241463527+0.19506428156378874j),(0.8728206789110733+0.14053953010832865j),(-0.39559617285692433+0.2942999500908884j)
"(1.0303030303030305, 1.2857142857142847)","(1.0303030303030305, 1.2857142857142847)",(0.3789744667481485+1.213608983165436j),(0.3424461699684767+0.259454373918792j),(0.40416256988661076+0.7569757317084298j),(-0.36763427310693897+0.19717887753821406j)
"(1.0727272727272728, 1.2857142857142847)","(1.0727272727272728, 1.2857142857142847)",(-0.2825858776994613+1.1514712628780042j),(0.3336015573184466+0.38960104596576806j),(-0.2975130372930494+0.6316592239626854j),(-0.3186743977248585+0.13021099294955063j)
"(1.1151515151515152, 1.2857142857142847)","(1.1151515151515152, 1.2857142857142847)",(-0.4756194726231335+0.7207928773498327j),(0.23123788963951197+0.5605812585100237j),(-0.44316348037170133+0.060993665150332256j),(-0.2636938818909441+0.09921795368947674j)
"(1.1575757575757577, 1.2857142857142847)","(1.1575757575757577, 1.2857142857142847)",(-0.2826458465608775+0.6212861330322683j),(-0.003498634688306298+0.6880440197841441j),(-0.059084024178727844-0.16983120354994544j),(-0.22006318769384334+0.10307331679806961j)
"(1.2000000000000002, 1.2857142857142847)","(1.2000000000000002, 1.2857142857142847)",(-0.37743636675216186+0.9231624474533989j),(-0.3258977766953077+0.6606491970051859j),(0.15275305431131356+0.13006606642171437j),(-0.20429164436816774+0.13244718402649872j)
"(1.2424242424242427, 1.2857142857142847)","(1.2424242424242427, 1.2857142857142847)",(-0.9829074422326934+0.9742844772957311j),(-0.5973899992493564+0.4283835079314006j),(-0.15747386263726848+0.3757919920752797j),(-0.2280435803460685+0.17010897728905075j)
"(1.284848484848485, 1.2857142857142847)","(1.284848484848485, 1.2857142857142847)",(-1.499409663249258+0.3669167608478767j),(-0.6692763609609653+0.0770263064180282j),(-0.5359427355170592+0.0966601028129046j),(-0.2941905667712335+0.19323035161694394j)
"(1.3272727272727274, 1.2857142857142847)","(1.3272727272727274, 1.2857142857142847)",(-1.3274842374154616-0.43360379634253166j),(-0.5138540762555026-0.20498325759988914j),(-0.41969124914371925-0.4063642401279077j),(-0.39393891201623976+0.17774370138526516j)
"(1.3696969696969699, 1.2857142857142847)","(1.3696969696969699, 1.2857142857142847)",(-0.711940672990761-0.6949904874435457j),(-0.2761367034446369-0.27581705353752417j),(0.0703407338900429-0.5234267276125505j),(-0.506144703436167+0.1042532937065289j)
"(1.4121212121212123, 1.2857142857142847)","(1.4121212121212123, 1.2857142857142847)",(-0.41660587798486404-0.40724392143439947j),(-0.16170934491779196-0.18110389543273658j),(0.34479526607816885-0.19051209860553728j),(-0.599691799145241-0.03562792739612561j)
"(1.4545454545454546, 1.2857142857142847)","(1.4545454545454546, 1.2857142857142847)",(-0.6856775549559885-0.27710586969831413j),(-0.2366430921384602-0.12905355152295278j),(0.19017467862901263+0.08610242609006222j),(-0.639209141446541-0.23415474426542357j)
"(1.496969696969697, 1.2857142857142847)","(1.496969696969697, 1.2857142857142847)",(-0.9274903047053054-0.7480182615711695j),(-0.33835419993803945-0.2857857441543442j),(0.00435929096288809+0.0031284735917619312j),(-0.593495395730154-0.46536099100858713j)
"(1.5393939393939395, 1.2857142857142847)","(1.5393939393939395, 1.2857142857142847)",(-0.5315751840726033-1.3997028691987246j),(-0.2214642991482634-0.5779718727566521j),(0.134877193594052-0.1342423709353778j),(-0.44498807851839195-0.6874886255066945j)
"(1.581818181818182, 1.2857142857142847)","(1.581818181818182, 1.2857142857142847)",(0.32129576094438994-1.5166389882748041j),(0.17581513098638085-0.7248550714719341j),(0.3432519036336683+0.058689816486959985j),(-0.19777127367565925-0.85047373328983j)
"(1.6242424242424245, 1.2857142857142847)","(1.6242424242424245, 1.2857142857142847)",(0.927450298070719-1.0042226069967557j),(0.6198279948498644-0.5073955344480398j),(0.18895029029788607+0.41076091356657346j),(0.11867201292296846-0.9075879861152893j)
"(1.6666666666666667, 1.2857142857142847)","(1.6666666666666667, 1.2857142857142847)",(0.9672040045898768-0.4251776834757952j),(0.7751904479546666-0.015163409010089082j),(-0.2601731226007068+0.4187202301525259j),(0.45218667923591693-0.8287345046182321j)
"(1.7090909090909092, 1.2857142857142847)","(1.7090909090909092, 1.2857142857142847)",(0.8020343801559051-0.20370755421809028j),(0.5347172971944106+0.4056935457200172j),(-0.47053987312028384+0.002266417208952643j),(0.7378569560817784-0.6116675171470601j)
"(1.7515151515151517, 1.2857142857142847)","(1.7515151515151517, 1.2857142857142847)",(0.8549917353626573-0.14433672078728715j),(0.13871518613940798+0.4824173703720089j),(-0.19731123252676885-0.33962739600740316j),(0.9135877817500182-0.2871266951518929j)
"(1.7939393939393942, 1.2857142857142847)","(1.7939393939393942, 1.2857142857142847)",(1.028635183638572+0.14676986532439817j),(-0.06769383285598818+0.28691986320138824j),(0.15879562400566208-0.2251881502650941j),(0.9375333924888981+0.08503815238810404j)
"(1.8363636363636366, 1.2857142857142847)","(1.8363636363636366, 1.2857142857142847)",(0.9377698353262799+0.6475202551174842j),(0.002952826727194369+0.14388561008009418j),(0.13280046587753266+0.07441134143661549j),(0.8020165427215529+0.4292233036007746j)
"(1.8787878787878791, 1.2857142857142847)","(1.8787878787878791, 1.2857142857142847)",(0.5065575465726933+0.9888212356494179j),(0.09735327301117128+0.2576163568366805j),(-0.12945089344239621+0.05709113442368452j),(0.5386551670039182+0.6741137443890529j)
"(1.9212121212121216, 1.2857142857142847)","(1.9212121212121216, 1.2857142857142847)",(0.03145664221981226+1.0000769918312802j),(-0.07303586426313886+0.4679747628788501j),(-0.10703179178713751-0.24151169666722683j),(0.21152429827008862+0.7736139256196569j)
"(1.9636363636363636, 1.2857142857142847)","(1.9636363636363636, 1.2857142857142847)",(-0.2935515517835091+0.865125159667304j),(-0.4702716670055065+0.4250143297237903j),(0.27769324222722097-0.2813142661173022j),(-0.10097312700522362+0.721425096060816j)
"(2.006060606060606, 1.2857142857142847)","(2.006060606060606, 1.2857142857142847)",(-0.5860694795863945+0.7143131277381081j),(-0.7317866781803846+0.0034066634222305317j),(0.4761354056969866+0.1577493754723163j),(-0.3304182071029966+0.5531570888435612j)
"(2.0484848484848484, 1.2857142857142847)","(2.0484848484848484, 1.2857142857142847)",(-0.906024115271952+0.38449987452844486j),(-0.5568410811599313-0.5137806820528711j),(0.09129406703119824+0.5645462592522085j),(-0.44047710114321903+0.3337342973291075j)
"(2.090909090909091, 1.2857142857142847)","(2.090909090909091, 1.2857142857142847)",(-0.9708568585273442-0.21654972415261903j),(-0.05008855699624064-0.7094490742422616j),(-0.48279888539259197+0.35944660930475764j),(-0.4379694161385116+0.1334527407848849j)
"(2.1333333333333333, 1.2857142857142847)","(2.1333333333333333, 1.2857142857142847)",(-0.5215000827100758-0.7330306317424977j),(0.37529897684761104-0.46892956394619334j),(-0.5294287167300589-0.26538491380045004j),(-0.3673703428276279+0.0012838460041456508j)
"(2.175757575757576, 1.2857142857142847)","(2.175757575757576, 1.2857142857142847)",(0.15801208494699498-0.6851055136512715j),(0.43380895919148604-0.08417114513523952j),(0.013766244312962674-0.5473738517732576j),(-0.28956311855745376-0.053560516742774386j)
"(2.2181818181818183, 1.2857142857142847)","(2.2181818181818183, 1.2857142857142847)",(0.4381834937010736-0.14276974352337676j),(0.24602531226265784+0.0917120817644318j),(0.4449492891385214-0.17155259412106108j),(-0.25279110770010566-0.06292923116674748j)
"(2.2606060606060607, 1.2857142857142847)","(2.2606060606060607, 1.2857142857142847)",(0.12412041504608406+0.2583575316424244j),(0.14429605228745193+0.033215480178511614j),(0.2482780734663261+0.3068254803643288j),(-0.26845371070769397-0.08168342890041597j)
"(2.303030303030303, 1.2857142857142847)","(2.303030303030303, 1.2857142857142847)",(-0.2668077989645513+0.10895731059641245j),(0.2486585046683221+0.019847375800533938j),(-0.21160224931358484+0.24607165254175736j),(-0.3038640543192886-0.15696171774587886j)
"(2.3454545454545452, 1.2857142857142847)","(2.3454545454545452, 1.2857142857142847)",(-0.2053601734791469-0.24163515374204847j),(0.3274976934456415+0.24231550284096665j),(-0.23531848434928018-0.18537056084095277j),(-0.2975393825755082-0.29858009574206235j)
"(2.3878787878787877, 1.2857142857142847)","(2.3878787878787877, 1.2857142857142847)",(0.11079755401315158-0.2153023360580637j),(0.1096435923812534+0.5265022428454167j),(0.19328732682662314-0.2759364632340833j),(-0.19213336519472493-0.4658681156693971j)
"(2.43030303030303, 1.2857142857142847)","(2.43030303030303, 1.2857142857142847)",(0.07038721216815717+0.10945696603888444j),(-0.3379532974142039+0.5209039873876391j),(0.3786944796547507+0.1687308211406395j),(0.029646029927610323-0.5801778424893942j)
"(2.4727272727272727, 1.2857142857142847)","(2.4727272727272727, 1.2857142857142847)",(-0.37153778247425384+0.06491445497340054j),(-0.6376122445251904+0.1258130266893259j),(-0.058551958321272204+0.49951663643104405j),(0.3246264203722088-0.5604152081469694j)
"(2.515151515151515, 1.2857142857142847)","(2.515151515151515, 1.2857142857142847)",(-0.48096938810727585-0.5814524313227075j),(-0.5123986653599869-0.3577945966535329j),(-0.5660996065399678+0.14278655997668513j),(0.5975288837926789-0.3664443946458597j)
"(2.5575757575757576, 1.2857142857142847)","(2.5575757575757576, 1.2857142857142847)",(0.2585785860117909-1.0919861212057602j),(-0.09201548885208864-0.5444115962256578j),(-0.38761555304356016-0.5188712975340424j),(0.7382096279074397-0.028703227446060145j)
"(2.6, 1.2857142857142847)","(2.6, 1.2857142857142847)",(1.2626857158993567-0.6122482328779746j),(0.2469029480443621-0.36770147227113303j),(0.3431910368297956-0.5981138315543295j),(0.672591731025199+0.35356707094748796j)
"(2.6424242424242426, 1.2857142857142847)","(2.6424242424242426, 1.2857142857142847)",(1.4061183420731669+0.6278279925644773j),(0.3000261423390203-0.09821731548399909j),(0.7034348491802371+0.07717273334539451j),(0.40265735055390944+0.6488725747030819j)
"(2.684848484848485, 1.2857142857142847)","(2.684848484848485, 1.2857142857142847)",(0.4262787218072298+1.437372269824663j),(0.2064515892883829+0.016112757688379588j),(0.20633746622054336+0.671164909954834j),(0.013489666298303556+0.7500946021814494j)
"(2.727272727272727, 1.2857142857142847)","(2.727272727272727, 1.2857142857142847)",(-0.6848669199046826+1.079761671034675j),(0.1933618286194413+0.02338331891577708j),(-0.5186289812893801+0.4323380343898718j),(-0.3595997672347439+0.6240403177290261j)
"(2.7696969696969695, 1.2857142857142847)","(2.7696969696969695, 1.2857142857142847)",(-0.8925424356000675+0.15452392585760089j),(0.25157129094408076+0.12769304957485378j),(-0.5540286790751033-0.3009798842171237j),(-0.5900850474690449+0.3278107604998708j)
"(2.812121212121212, 1.2857142857142847)","(2.812121212121212, 1.2857142857142847)",(-0.36638951427045396-0.23707051747116797j),(0.16568379786286372+0.3486583510943721j),(0.0842133061345711-0.5673566471959621j),(-0.6162866182678888-0.018372221369577953j)
"(2.8545454545454545, 1.2857142857142847)","(2.8545454545454545, 1.2857142857142847)",(-0.11218319291657974+0.07287911769864253j),(-0.1523270954249788+0.44488409254367534j),(0.5051610447125727-0.08289875223095544j),(-0.4650171422041737-0.28910622261407737j)
"(2.896969696969697, 1.2857142857142847)","(2.896969696969697, 1.2857142857142847)",(-0.5213580056994326+0.21757112998975908j),(-0.4768039188755663+0.21339968301200707j),(0.1852915714743537+0.4161388296563468j),(-0.22984565829821998-0.41196738267859484j)
"(2.9393939393939394, 1.2857142857142847)","(2.9393939393939394, 1.2857142857142847)",(-0.8481290458314604-0.3721566669485377j),(-0.4918675988923367-0.21874147208795033j),(-0.3399714689305144+0.2406596451704702j),(-0.01628997800860927-0.3940748400310576j)
"(2.981818181818182, 1.2857142857142847)","(2.981818181818182, 1.2857142857142847)",(-0.327435684608433-1.0871037450771313j),(-0.15790568222398044-0.49404109300174015j),(-0.2837065871004655-0.2902205315887076j),(0.11417658471601294-0.30284212048668363j)
"(3.0242424242424244, 1.2857142857142847)","(3.0242424242424244, 1.2857142857142847)",(0.6535821274724642-0.9636087544793311j),(0.23367846991426938-0.4052055618909187j),(0.251756217256916-0.3444312555351891j),(0.16814744030127882-0.2139719370532233j)
"(3.066666666666667, 1.2857142857142847)","(3.066666666666667, 1.2857142857142847)",(1.0109380145584335-0.0640096400449109j),(0.3814833090433962-0.09600181386719213j),(0.4308798939703805+0.19232977859317354j),(0.19857481154465664-0.16033760477089232j)
"(3.109090909090909, 1.2857142857142847)","(3.109090909090909, 1.2857142857142847)",(0.443508186341588+0.5511361038038075j),(0.2724254040905859+0.14289074221294906j),(-0.08179142942961677+0.5237268917418972j),(0.25287421168061885-0.1154815301510388j)
"(3.1515151515151514, 1.2857142857142847)","(3.1515151515151514, 1.2857142857142847)",(-0.14434657096121384+0.2684602401603949j),(0.11272471079772395+0.20154159406836594j),(-0.5842259841838681+0.09018942571538002j),(0.3271547024249303-0.023270779623351077j)
"(3.193939393939394, 1.2857142857142847)","(3.193939393939394, 1.2857142857142847)",(0.08295924831457552-0.2290764930101421j),(0.028084494797776534+0.1959220252845043j),(-0.30557824161934366-0.5712616563905086j),(0.36045299513614265+0.14626313809586222j)
"(3.2363636363636363, 1.2857142857142847)","(3.2363636363636363, 1.2857142857142847)",(0.6799550780240173+0.05550232022498064j),(-0.05659606232105299+0.22228931360736234j),(0.4597967530804018-0.5218153343859654j),(0.27675438726466844+0.35502834100358366j)
"(3.278787878787879, 1.2857142857142847)","(3.278787878787879, 1.2857142857142847)",(0.5106104116614658+0.9477526386745194j),(-0.2239881875128474+0.19193847427660055j),(0.6859506373965988+0.25304762183551166j),(0.048647961777714424+0.5027665425624073j)
"(3.3212121212121213, 1.2857142857142847)","(3.3212121212121213, 1.2857142857142847)",(-0.6077570096427981+1.217793421478997j),(-0.3616730857004301-0.01883548397580593j),(0.016204384194590783+0.753041143882106j),(-0.2622883081369588+0.483587761572697j)
"(3.3636363636363638, 1.2857142857142847)","(3.3636363636363638, 1.2857142857142847)",(-1.4865905142091584+0.23319538799268041j),(-0.263032901890061-0.3216149077776036j),(-0.7015776690070088+0.29519223678225753j),(-0.5219799433120886+0.2596180589880265j)
"(3.4060606060606062, 1.2857142857142847)","(3.4060606060606062, 1.2857142857142847)",(-1.0399109508848583-1.0792675308959707j),(0.08193731767324097-0.4406262216328959j),(-0.5275337077951316-0.5403907038544958j),(-0.5943145607629676-0.09825060540857893j)
"(3.4484848484848487, 1.2857142857142847)","(3.4484848484848487, 1.2857142857142847)",(0.2825541080448846-1.3248995587654924j),(0.4017273629529803-0.21949912182453193j),(0.30508589997154495-0.6701129364684604j),(-0.42425915487964055-0.4352875004725j)
"(3.4909090909090907, 1.2857142857142847)","(3.4909090909090907, 1.2857142857142847)",(1.0360920138995142-0.3782560724488027j),(0.410726974025248+0.1699621687690229j),(0.704547786114757+0.04601857238013593j),(-0.07918274624049079-0.5942368135979615j)
"(3.533333333333333, 1.2857142857142847)","(3.533333333333333, 1.2857142857142847)",(0.5875174012745206+0.528745682729706j),(0.11787692988248274+0.393366828941599j),(0.18735932931287416+0.6397866121668326j),(0.2822811420791637-0.5044077583787255j)
"(3.5757575757575757, 1.2857142857142847)","(3.5757575757575757, 1.2857142857142847)",(-0.20496111704881592+0.4405946209297605j),(-0.19674008289171857+0.301943830131448j),(-0.505824521699697+0.3601476563816618j),(0.49760348754259964-0.2214968655833493j)
"(3.618181818181818, 1.2857142857142847)","(3.618181818181818, 1.2857142857142847)",(-0.2657524205377944-0.18393402196083516j),(-0.29584668199185943+0.04940187479481877j),(-0.45928691634538504-0.3416092978865837j),(0.48938117779945006+0.10827340113092973j)
"(3.6606060606060606, 1.2857142857142847)","(3.6606060606060606, 1.2857142857142847)",(0.2818257823533945-0.2880473833463623j),(-0.1994533326777642-0.13120824426015573j),(0.18187664364024203-0.4927930833307159j),(0.2994024713909167+0.33595394424450936j)
"(3.703030303030303, 1.2857142857142847)","(3.703030303030303, 1.2857142857142847)",(0.45968637294955444+0.2602626933218595j),(-0.07101485695094956-0.17839401327158735j),(0.48219744126547937+0.04749512544204873j),(0.048503788635024636+0.3911615811513981j)
"(3.7454545454545456, 1.2857142857142847)","(3.7454545454545456, 1.2857142857142847)",(-0.0686410676752642+0.5776768082137183j),(0.019531840141373876-0.17865105323053987j),(0.057818432923710056+0.4516418448550294j),(-0.14599134074034814+0.30468601658922867j)
"(3.787878787878788, 1.2857142857142847)","(3.787878787878788, 1.2857142857142847)",(-0.5274441566645179+0.1442659521727084j),(0.1261172155853477-0.16349075692430412j),(-0.41784659212847036+0.14406218808663723j),(-0.23571478012139524+0.1636945210103753j)
"(3.83030303030303, 1.2857142857142847)","(3.83030303030303, 1.2857142857142847)",(-0.22498985388222484-0.39713819663812855j),(0.24822481820717682-0.052336431183814563j),(-0.22679713426473685-0.38441352888631086j),(-0.2464175378246648+0.03961176343199689j)
"(3.872727272727273, 1.2857142857142847)","(3.872727272727273, 1.2857142857142847)",(0.3625365179593426-0.19757744687193934j),(0.24844012588733638+0.1741839399650203j),(0.3420770271667875-0.31771320050241364j),(-0.2279806350947813-0.054048186334546014j)
"(3.915151515151515, 1.2857142857142847)","(3.915151515151515, 1.2857142857142847)",(0.24657432932682743+0.4748694595569137j),(0.026336549080030285+0.34500732379028426j),(0.4174718694631954+0.27430869792967144j),(-0.1972340892163983-0.14444656216304202j)
"(3.957575757575758, 1.2857142857142847)","(3.957575757575758, 1.2857142857142847)",(-0.571814050154375+0.5195969770881448j),(-0.28114563004075466+0.2506261471982417j),(-0.16588614749976904+0.5133045059502418j),(-0.12478227261385137-0.2443336760603388j)
"(4.0, 1.2857142857142847)","(4.0, 1.2857142857142847)",(-0.9436958739975149-0.40713397602343215j),(-0.3842888001459794-0.08241706547248771j),(-0.5820417807939673-0.01119620773673519j),(0.022634706942431807-0.31352070281420924j)
"(-0.2, 1.5714285714285712)","(-0.2, 1.5714285714285712)",(-1.0132742786765898+1.0063163429041966j),(-0.7654174407505911+0.2566472229356531j),(0.4829626906204323-0.10594384522017046j),(-0.730819528546431+0.855612965188714j)
"(-0.1575757575757576, 1.5714285714285712)","(-0.1575757575757576, 1.5714285714285712)",(-0.7310602260483048+0.4851076028725505j),(-0.8659966729718083+0.42054702781565256j),(0.8359605938442808-0.8223585575315991j),(-0.7010241469207773+0.8869191325884971j)
"(-0.11515151515151516, 1.5714285714285712)","(-0.11515151515151516, 1.5714285714285712)",(-1.2752234448317874-0.18054261460157994j),(-0.9263189895689855+0.5736053064310361j),(0.32896410606190335-1.6639984705541946j),(-0.6778685613247053+0.9098505495215784j)
"(0.1393939393939394, 1.5714285714285712)","(0.1393939393939394, 1.5714285714285712)",(-0.9975796500062433+0.09771140045149351j),(-0.9784480582327484+0.26319401604505566j),(0.6884299290313802-1.0575612381306778j),(-0.7075615208048751+0.8920786225371157j)
"(0.18181818181818182, 1.5714285714285712)","(0.18181818181818182, 1.5714285714285712)",(-0.982558134974058+0.7009695844188515j),(-0.8309293960119271+0.03795859630387619j),(0.5881957273915746-0.1987917136941334j),(-0.7398244663537055+0.8618027018091087j)
"(0.22424242424242424, 1.5714285714285712)","(0.22424242424242424, 1.5714285714285712)",(-1.4077096126650952+0.7004132923644034j),(-0.590075494486195-0.13564394209048408j),(-0.03968775649119489+0.014065460048562869j),(-0.7779463616877051+0.8219917744063246j)
"(0.26666666666666666, 1.5714285714285712)","(0.26666666666666666, 1.5714285714285712)",(-1.418583618362231+0.16679075029417267j),(-0.28890745992022676-0.19231433738084489j),(-0.3092519102729891-0.4125719311140749j),(-0.820424248169015+0.7716770187890925j)
"(0.30909090909090914, 1.5714285714285712)","(0.30909090909090914, 1.5714285714285712)",(-0.8379131038371626-0.0955656639173943j),(-0.0030179170358920144-0.09401781998027771j),(0.030440232990680046-0.711455604439941j),(-0.8653354197919506+0.7099077605028244j)
"(0.3515151515151515, 1.5714285714285712)","(0.3515151515151515, 1.5714285714285712)",(-0.3521490713935783+0.2998018084987055j),(0.17274498709641314+0.1399098160727204j),(0.3854173399539146-0.4759870795513678j),(-0.9103113984439061+0.6358790719773529j)
"(0.393939393939394, 1.5714285714285712)","(0.393939393939394, 1.5714285714285712)",(-0.5061595978005519+0.8363192342787679j),(0.16979909299768495+0.4259694149619488j),(0.2765777198588756-0.1387361086348041j),(-0.9525364106571124+0.5490859279516231j)
"(0.43636363636363634, 1.5714285714285712)","(0.43636363636363634, 1.5714285714285712)",(-0.9915393270044962+0.8850530398304052j),(-0.011196522644823511+0.6481701793984289j),(0.008441377140520423-0.2126167265825996j),(-0.9887841815001931+0.4494995870145759j)
"(0.4787878787878788, 1.5714285714285712)","(0.4787878787878788, 1.5714285714285712)",(-1.1882877742121747+0.5556102034139401j),(-0.29290671223192455+0.7167979504229135j),(0.12012661994777689-0.4989444801688087j),(-1.015507681928027+0.33775673315983534j)
"(0.5212121212121212, 1.5714285714285712)","(0.5212121212121212, 1.5714285714285712)",(-1.0745276209928485+0.4002588757646791j),(-0.5624756723244076+0.6158511789763592j),(0.5169435231864842-0.4309376990917852j),(-1.028995471854925+0.21534539588010512j)
"(0.5636363636363637, 1.5714285714285712)","(0.5636363636363637, 1.5714285714285712)",(-1.150330184580306+0.5002833470493135j),(-0.7348707146185836+0.40185164557837805j),(0.6101451181749677+0.013667445793015901j),(-1.0256045881366902+0.08476425567791965j)
"(0.6060606060606062, 1.5714285714285712)","(0.6060606060606062, 1.5714285714285712)",(-1.5465394200352758+0.34770825527453586j),(-0.7886170474478867+0.15526628901325557j),(0.24415029717808548+0.24281737158458944j),(-1.0020726697654745-0.05037540532330913j)
"(0.6484848484848484, 1.5714285714285712)","(0.6484848484848484, 1.5714285714285712)",(-1.7175961189939235-0.29938707296070777j),(-0.7476299071509255-0.06976313458824812j),(-0.014065640525162036-0.04428233501453053j),(-0.9559005713178359-0.18534160335792912j)
"(0.6909090909090909, 1.5714285714285712)","(0.6909090909090909, 1.5714285714285712)",(-1.235177010713504-0.9061323463374897j),(-0.6380197144059407-0.25100380443097214j),(0.2886237316320691-0.3407225729629266j),(-0.8857810279396325-0.31440596894359096j)
"(0.7333333333333334, 1.5714285714285712)","(0.7333333333333334, 1.5714285714285712)",(-0.5168292001483573-0.8370618801499834j),(-0.47586216490339006-0.36636599376302775j),(0.7510628403460752-0.039560965691624615j),(-0.7920298755910424-0.431134920695331j)
"(0.7757575757575759, 1.5714285714285712)","(0.7757575757575759, 1.5714285714285712)",(-0.34842902144674187-0.2882116296355308j),(-0.29975924076978594-0.3832087243439336j),(0.6282863070327969+0.6238663671813135j),(-0.6769560877097528-0.5288692724729107j)
"(0.8181818181818183, 1.5714285714285712)","(0.8181818181818183, 1.5714285714285712)",(-0.8087508488770363-0.08982122088132904j),(-0.19078126096453701-0.3045060653381256j),(-0.07288035817706473+0.8160751237345755j),(-0.5450892297354346-0.6013902792777789j)
"(0.8606060606060608, 1.5714285714285712)","(0.8606060606060608, 1.5714285714285712)",(-1.134833038935602-0.5880060781262137j),(-0.2168499545851331-0.22074119042126036j),(-0.5148098967520056+0.2764704795062209j),(-0.4031731875984634-0.6437353672111743j)
"(0.9030303030303031, 1.5714285714285712)","(0.9030303030303031, 1.5714285714285712)",(-0.7660354086384789-1.1751010259674457j),(-0.3328186864201982-0.27171470179942636j),(-0.17337710167493797-0.25030345667659903j),(-0.2598396205433427-0.6530828674914204j)
"(0.9454545454545455, 1.5714285714285712)","(0.9454545454545455, 1.5714285714285712)",(-0.1037248570694592-1.1538844205846956j),(-0.3618259681040079-0.5067526636643681j),(0.3830010534731208-0.017554267220192644j),(-0.1248999424385721-0.6295774897001348j)
"(0.987878787878788, 1.5714285714285712)","(0.987878787878788, 1.5714285714285712)",(0.09907920434140406-0.7105107147892568j),(-0.13664899875379768-0.778031457701458j),(0.24397356848123378+0.6444473002569665j),(-0.00824536538603203-0.5769265573447653j)
"(1.0303030303030305, 1.5714285714285712)","(1.0303030303030305, 1.5714285714285712)",(-0.16267671682163848-0.5956546467794728j),(0.30353140888813857-0.8250380107027551j),(-0.5477870475023673+0.7319577755093812j),(0.08157892179259023-0.502574411586099j)
"(1.0727272727272728, 1.5714285714285712)","(1.0727272727272728, 1.5714285714285712)",(-0.16348820262128344-0.9777137539348675j),(0.6848807734824632-0.524049764932138j),(-0.9873323046686217-0.03638989770213359j),(0.13896332856487498-0.41727409130059584j)
"(1.1151515151515152, 1.5714285714285712)","(1.1151515151515152, 1.5714285714285712)",(0.4263327793722965-1.162021827548286j),(0.7312478828595708-0.056388471480423245j),(-0.4676396933897894-0.7716980557390537j),(0.16272458990251515-0.333935300328809j)
"(1.1575757575757577, 1.5714285714285712)","(1.1575757575757577, 1.5714285714285712)",(0.9679643580711043-0.6344646869157291j),(0.45464527543573297+0.22724240471123996j),(0.35616478374912397-0.5959637052474469j),(0.1571542988862473-0.26574338637952216j)
"(1.2000000000000002, 1.5714285714285712)","(1.2000000000000002, 1.5714285714285712)",(0.7471104325002187+0.08381304330580322j),(0.17677604684801876+0.15788983233453913j),(0.43808247736504075+0.14963433258701359j),(0.13225190828715916-0.2237111216157495j)
"(1.2424242424242427, 1.5714285714285712)","(1.2424242424242427, 1.5714285714285712)",(0.08698716915210677+0.09994391867673008j),(0.20455398218967988-0.052991489433950975j),(-0.22038834289491677+0.3669571878783944j),(0.10282152985734366-0.2140217797677133j)
"(1.284848484848485, 1.5714285714285712)","(1.284848484848485, 1.5714285714285712)",(-0.0001432696937228306-0.5299016246678742j),(0.48162998529907425-0.023890386568649745j),(-0.568043609514506-0.2703042147929064j),(0.08627035452170898-0.23570702330631804j)
"(1.3272727272727274, 1.5714285714285712)","(1.3272727272727274, 1.5714285714285712)",(0.7442726185945028-0.7547313565644415j),(0.6199090792052308+0.36590187047470707j),(0.025150276118480024-0.8413147235125544j),(0.09921326327079205-0.2793185035265941j)
"(1.3696969696969699, 1.5714285714285712)","(1.3696969696969699, 1.5714285714285712)",(1.329388895677569+0.028418392985866847j),(0.32064656002343456+0.8026917195786114j),(0.8554089371423315-0.4470396669265019j),(0.15333339851180305-0.3272336596662427j)
"(1.4121212121212123, 1.5714285714285712)","(1.4121212121212123, 1.5714285714285712)",(0.8070815429134836+1.0144591435855599j),(-0.2669642920809807+0.8527534870885043j),(0.8227420886359891+0.5177373980356647j),(0.2513037463584752-0.356031741538609j)
"(1.4545454545454546, 1.5714285714285712)","(1.4545454545454546, 1.5714285714285712)",(-0.34612474980534885+0.9677049124769075j),(-0.674591355824857+0.44038019536708384j),(-0.055370613799827974+0.8682935141964204j),(0.3838372198193361-0.3409687970865966j)
"(1.496969696969697, 1.5714285714285712)","(1.496969696969697, 1.5714285714285712)",(-0.7397563546892734-0.08249118891903118j),(-0.6146369556734349-0.05646002940601988j),(-0.6541028490001441+0.23598067679803889j),(0.5289834499843056-0.2620118363110502j)
"(1.5393939393939395, 1.5714285714285712)","(1.5393939393939395, 1.5714285714285712)",(0.09081290540453335-0.7761637191267499j),(-0.287251051244624-0.22311056458984813j),(-0.2764645491987813-0.4427775306003537j),(0.6545285058479386-0.11027562393654808j)
"(1.581818181818182, 1.5714285714285712)","(1.581818181818182, 1.5714285714285712)",(1.002847403514521-0.1971136975216013j),(-0.13002495852065513-0.06653214094737435j),(0.409132392923877-0.237363524882823j),(0.7237399691112991+0.10678196830859604j)
"(1.6242424242424245, 1.5714285714285712)","(1.6242424242424245, 1.5714285714285712)",(0.739425152451045+0.8729703275625502j),(-0.2957466352622845+0.023708856163255382j),(0.33137290222084426+0.4860602843423229j),(0.7037988854924853+0.3632011870569719j)
"(1.6666666666666667, 1.5714285714285712)","(1.6666666666666667, 1.5714285714285712)",(-0.36456998768337257+0.979498396007896j),(-0.4772607279299398-0.23024427886153892j),(-0.46257187650686754+0.5929091888316791j),(0.5752626167534347+0.6168334860377559j)
"(1.7090909090909092, 1.5714285714285712)","(1.7090909090909092, 1.5714285714285712)",(-0.8065883956155426-0.025730926747562388j),(-0.292831684430395-0.6365431994940678j),(-0.8538649052087648-0.20581563308943296j),(0.340108194023617+0.8166279058359384j)
"(1.7515151515151517, 1.5714285714285712)","(1.7515151515151517, 1.5714285714285712)",(0.043519328055618416-0.7425736377128839j),(0.2304962848411139-0.7474315587970424j),(-0.21263302463684527-0.9091448366533489j),(0.025656067851349794+0.9140027577375075j)
"(1.7939393939393942, 1.5714285714285712)","(1.7939393939393942, 1.5714285714285712)",(1.0428149027084244-0.0989948593947112j),(0.6618739963998814-0.3897050241109931j),(0.6987015339413145-0.5851878811940954j),(-0.31776062763277146+0.8758980459103773j)
"(1.8363636363636366, 1.5714285714285712)","(1.8363636363636366, 1.5714285714285712)",(0.7735568729656451+1.171842136756152j),(0.6542354996232642+0.12933436377084004j),(0.7453915603503829+0.34655367256099273j),(-0.626070187008002+0.6959541004243193j)
"(1.8787878787878791, 1.5714285714285712)","(1.8787878787878791, 1.5714285714285712)",(-0.5584676947944343+1.4728771729034524j),(0.3221495094482451+0.383152821161054j),(-0.044332541670642336+0.6897177354514493j),(-0.836284662572037+0.4000066162909493j)
"(1.9212121212121216, 1.5714285714285712)","(1.9212121212121216, 1.5714285714285712)",(-1.3944721468806924+0.44892668444990513j),(0.06153083810242199+0.3033198512881093j),(-0.5526809631291513+0.10251525307613898j),(-0.9033220218539632+0.043091580085656805j)
"(1.9636363636363636, 1.5714285714285712)","(1.9636363636363636, 1.5714285714285712)",(-0.8944723789824357-0.5867703465069387j),(0.05655343622344451+0.19344675554557406j),(-0.13718698725720851-0.4776251352905619j),(-0.8138388279486717-0.3025919667619509j)
"(2.006060606060606, 1.5714285714285712)","(2.006060606060606, 1.5714285714285712)",(0.002956636521836198-0.46256449600098304j),(0.09403801040466254+0.29151557563043456j),(0.5010198860159678-0.1877669381212544j),(-0.5921012598987941-0.5663131335101632j)
"(2.0484848484848484, 1.5714285714285712)","(2.0484848484848484, 1.5714285714285712)",(-0.05065277526453443+0.2920977518787863j),(-0.10200173434766663+0.45297723158098374j),(0.3461312758959809+0.5379207370153685j),(-0.2947823168128487-0.6988002167175659j)
"(2.090909090909091, 1.5714285714285712)","(2.090909090909091, 1.5714285714285712)",(-0.9255046206688472+0.2567139391031563j),(-0.4657354566123593+0.35301046172040107j),(-0.4647519190751303+0.5906436942337469j),(0.0049827550186424575-0.6869402168509916j)
"(2.1333333333333333, 1.5714285714285712)","(2.1333333333333333, 1.5714285714285712)",(-1.204560856794578-0.8474783961834742j),(-0.6398096951501021-0.0665090120936297j),(-0.8046684729546717-0.22357263908554584j),(0.23991731131019575-0.5573967450042987j)
"(2.175757575757576, 1.5714285714285712)","(2.175757575757576, 1.5714285714285712)",(-0.1728137348376821-1.7169969664558924j),(-0.4110052592355822-0.485639529336341j),(-0.13163980113154725-0.8646733440739133j),(0.36983132552944736-0.36668409304563815j)
"(2.2181818181818183, 1.5714285714285712)","(2.2181818181818183, 1.5714285714285712)",(1.148016590342377-1.2215663210699494j),(0.028235063048288215-0.5689920214918149j),(0.7261496251472848-0.4723783541787331j),(0.3936319021468039-0.1801959453994014j)
"(2.2606060606060607, 1.5714285714285712)","(2.2606060606060607, 1.5714285714285712)",(1.3409777880089166+0.06499660504163055j),(0.3141936283991222-0.3356899800778828j),(0.680176367765213+0.44819596280532725j),(0.3466077918445815-0.047509377685813904j)
"(2.303030303030303, 1.5714285714285712)","(2.303030303030303, 1.5714285714285712)",(0.45977635359849023+0.6505446569368112j),(0.32519516694253975-0.08115964140772848j),(-0.14833698642434742+0.7155226292716396j),(0.2829181730802979+0.016181669072900078j)
"(2.3454545454545452, 1.5714285714285712)","(2.3454545454545452, 1.5714285714285712)",(-0.12820718931302674+0.1210650717385643j),(0.2505835548126895+0.013630066983483102j),(-0.6284100465860278+0.07341450899231264j),(0.24961930246031158+0.03402049576276857j)
"(2.3878787878787877, 1.5714285714285712)","(2.3878787878787877, 1.5714285714285712)",(0.34128813755976295-0.3953006375091194j),(0.26660388657867595+0.06312764947879375j),(-0.1884977801797376-0.5122138636231881j),(0.26318203116082456+0.053785576635274966j)
"(2.43030303030303, 1.5714285714285712)","(2.43030303030303, 1.5714285714285712)",(1.0197608523206374+0.11607813714974594j),(0.28181500070588805+0.23606447032293568j),(0.4381831844363-0.24123604476351096j),(0.2997626671784493+0.12124971159032122j)
"(2.4727272727272727, 1.5714285714285712)","(2.4727272727272727, 1.5714285714285712)",(0.7032872271183574+1.1183376520216801j),(0.09312247346169553+0.45219875086755607j),(0.30466752371513717+0.4140070342024617j),(0.30549722994152473+0.2521318669516624j)
"(2.515151515151515, 1.5714285714285712)","(2.515151515151515, 1.5714285714285712)",(-0.44074862037870544+1.2876382499265868j),(-0.27648984801353205+0.4466419328347273j),(-0.388473465792179+0.42447219995658786j),(0.22421469342700562+0.4165241171352717j)
"(2.5575757575757576, 1.5714285714285712)","(2.5575757575757576, 1.5714285714285712)",(-1.0898100503575128+0.3740885379493157j),(-0.5339300001984817+0.12175862703556395j),(-0.5867701406760697-0.293214303211399j),(0.030890090517038563+0.5455442141251508j)
"(2.6, 1.5714285714285712)","(2.6, 1.5714285714285712)",(-0.5961936289136285-0.45328405405083294j),(-0.4425500810060563-0.2872346996237082j),(0.09191671573062475-0.7262755382332081j),(-0.245560263638197+0.5602261838060834j)
"(2.6424242424242426, 1.5714285714285712)","(2.6424242424242426, 1.5714285714285712)",(0.1434493910368373-0.24191154779093627j),(-0.0984832690666758-0.46035455347247756j),(0.7656079352960116-0.192842778002095j),(-0.5236752751924985+0.41128578368363633j)
"(2.684848484848485, 1.5714285714285712)","(2.684848484848485, 1.5714285714285712)",(-0.014963238411012658+0.43450005836992217j),(0.19495341563612717-0.33661035062640493j),(0.4883301611968027+0.6601026032093339j),(-0.6982468152439426+0.11100780578699321j)
"(2.727272727272727, 1.5714285714285712)","(2.727272727272727, 1.5714285714285712)",(-0.8325740236158092+0.3243476934006478j),(0.27619319118053726-0.12308490561720586j),(-0.4227008199929675+0.707745724892618j),(-0.6860663948033789-0.26031312587476435j)
"(2.7696969696969695, 1.5714285714285712)","(2.7696969696969695, 1.5714285714285712)",(-1.014592273393937-0.6925764463275843j),(0.24499027752612146+0.005234112868474j),(-0.7917166902492618-0.11744877675387326j),(-0.46786586067079655-0.5803617824421851j)
"(2.812121212121212, 1.5714285714285712)","(2.812121212121212, 1.5714285714285712)",(-0.041214212742941805-1.3747701772821332j),(0.23551566471301075+0.09272091912203971j),(-0.17190009777061424-0.7331202772534715j),(-0.10482977968533831-0.7343708191507013j)
"(2.8545454545454545, 1.5714285714285712)","(2.8545454545454545, 1.5714285714285712)",(1.0520744170028695-0.8010410360750388j),(0.19612332477576477+0.24474595791692794j),(0.5745056026984116-0.37968960651506917j),(0.2814454895286932-0.6660973874768976j)
"(2.896969696969697, 1.5714285714285712)","(2.896969696969697, 1.5714285714285712)",(1.0351296269566215+0.36342567139585535j),(-0.0069584254298735715+0.3857590403248395j),(0.48319798457162233+0.38254410192612176j),(0.5588900678148727-0.40487747085510584j)
"(2.9393939393939394, 1.5714285714285712)","(2.9393939393939394, 1.5714285714285712)",(0.10637163384825321+0.7586646237207795j),(-0.3207899502335689+0.30818689653750236j),(-0.21473679487311373+0.5040341389219447j),(0.6418983789549358-0.053556411738667486j)
"(2.981818181818182, 1.5714285714285712)","(2.981818181818182, 1.5714285714285712)",(-0.43989148724762683+0.13035070945749958j),(-0.4784086964384971-0.032692401037817835j),(-0.48840471380955797-0.0954213221271257j),(0.5269219230004282+0.2584644326224431j)
"(3.0242424242424244, 1.5714285714285712)","(3.0242424242424244, 1.5714285714285712)",(0.006296826937585431-0.4318166422918123j),(-0.2932044486560744-0.3873233181831979j),(0.01145215806612744-0.4784629158384878j),(0.28804911752753243+0.4339695917298734j)
"(3.066666666666667, 1.5714285714285712)","(3.066666666666667, 1.5714285714285712)",(0.6216554955300688-0.0785087467774589j),(0.09719651324631878-0.453680618743807j),(0.48968718460889715-0.07278173705929156j),(0.03477179767485297+0.44795360902563963j)
"(3.109090909090909, 1.5714285714285712)","(3.109090909090909, 1.5714285714285712)",(0.4098414143053058+0.6476459684737518j),(0.36421617176172966-0.20481165339526242j),(0.19047547431999934+0.5045785642070993j),(-0.14485023177642325+0.34787905766191485j)
"(3.1515151515151514, 1.5714285714285712)","(3.1515151515151514, 1.5714285714285712)",(-0.36937402227010924+0.6712356372309569j),(0.3384263452527647+0.10516844660115911j),(-0.48411774686100095+0.35070462696838434j),(-0.223682620661873+0.21536256366141343j)
"(3.193939393939394, 1.5714285714285712)","(3.193939393939394, 1.5714285714285712)",(-0.6220650326064208-0.031049228217702785j),(0.14358899396764566+0.2457908834926817j),(-0.5300850603173368-0.38999881385236934j),(-0.23556896625672963+0.11315870214198487j)
"(3.2363636363636363, 1.5714285714285712)","(3.2363636363636363, 1.5714285714285712)",(-0.049125855338339686-0.404363411590314j),(-0.017825078826881263+0.22600267587316847j),(0.2063852360040869-0.6808494528703487j),(-0.23768601251554533+0.05048336540686623j)
"(3.278787878787879, 1.5714285714285712)","(3.278787878787879, 1.5714285714285712)",(0.38308597151196894+0.11595040774318327j),(-0.10674530423167283+0.176237591565326j),(0.7507033492669105-0.048835181739225325j),(-0.26087207352326874-0.011452002082917419j)
"(3.3212121212121213, 1.5714285714285712)","(3.3212121212121213, 1.5714285714285712)",(-0.15642772856460158+0.703639311833817j),(-0.20203327597087917+0.11640752865759631j),(0.3278220827452702+0.7050036274464393j),(-0.2822165353389926-0.11777184427021861j)
"(3.3636363636363638, 1.5714285714285712)","(3.3636363636363638, 1.5714285714285712)",(-1.0659451873400279+0.25651806388574366j),(-0.2838116832803438-0.041602231982712706j),(-0.5415706685869479+0.5692352840028571j),(-0.24056283547273608-0.27111498813440066j)
"(3.4060606060606062, 1.5714285714285712)","(3.4060606060606062, 1.5714285714285712)",(-1.009991252828667-0.9810200858703723j),(-0.2032943905662537-0.27694867683099733j),(-0.7198548447812873-0.2923445162259985j),(-0.08684201748112587-0.4117268928133765j)
"(3.4484848484848487, 1.5714285714285712)","(3.4484848484848487, 1.5714285714285712)",(0.26467956921368485-1.5779373404724406j),(0.08811028115148775-0.3803197046561127j),(0.012005914943715433-0.7523439195547118j),(0.16456337311848165-0.445273716261616j)
"(3.4909090909090907, 1.5714285714285712)","(3.4909090909090907, 1.5714285714285712)",(1.4744962508680326-0.7272792868322238j),(0.3801341915037879-0.1812197504470035j),(0.6724661712118873-0.2410609450732075j),(0.4218958881523573-0.3049985913120128j)
"(3.533333333333333, 1.5714285714285712)","(3.533333333333333, 1.5714285714285712)",(1.3650938003319353+0.7028700801958999j),(0.38541258392294114+0.1975075305400558j),(0.4235385341746931+0.5138571084179774j),(0.556142682234301-0.008494558762133283j)
"(3.5757575757575757, 1.5714285714285712)","(3.5757575757575757, 1.5714285714285712)",(0.22416147642883327+1.270465067898432j),(0.07189987005933005+0.4197415505528863j),(-0.3234895609475603+0.5186154611490872j),(0.4757511673170635+0.33210805619645845j)
"(3.618181818181818, 1.5714285714285712)","(3.618181818181818, 1.5714285714285712)",(-0.6222095348855741+0.7073551457409282j),(-0.2755505368257886+0.2910039260353707j),(-0.5365686774667474-0.14425020377192743j),(0.18990967940696185+0.560601423477485j)
"(3.6606060606060606, 1.5714285714285712)","(3.6606060606060606, 1.5714285714285712)",(-0.5402205733110077+0.018656552751701416j),(-0.358511117145258-0.03789221641483845j),(0.0014839936041991918-0.5054856372025456j),(-0.18319344976994884+0.5620344063690854j)
"(3.703030303030303, 1.5714285714285712)","(3.703030303030303, 1.5714285714285712)",(-0.18464234471846752-0.03072633531806268j),(-0.16735438827621732-0.2599669815012573j),(0.45677742675978966-0.10187576418284018j),(-0.47406538320203984+0.3311164103660348j)
"(3.7454545454545456, 1.5714285714285712)","(3.7454545454545456, 1.5714285714285712)",(-0.3050652091971306+0.14726253018344693j),(0.06781072002920265-0.24336205889177087j),(0.1807311838130661+0.41162379262459875j),(-0.5536071130393994-0.020999203549380962j)
"(3.787878787878788, 1.5714285714285712)","(3.787878787878788, 1.5714285714285712)",(-0.6057844976046735-0.17610638651399024j),(0.17043022100364794-0.10442378926001998j),(-0.3734999368219302+0.2566207740777055j),(-0.40271478178639114-0.32830337133167575j)
"(3.83030303030303, 1.5714285714285712)","(3.83030303030303, 1.5714285714285712)",(-0.29613952262818943-0.7820084018395459j),(0.16510674204614084+0.009290558688638855j),(-0.34496161964757754-0.3291114086431208j),(-0.1162846450267527-0.46218755188506405j)
"(3.872727272727273, 1.5714285714285712)","(3.872727272727273, 1.5714285714285712)",(0.5535523588294217-0.7518642826157667j),(0.13752868637738952+0.09036653065977172j),(0.25665517954731776-0.4459224825605578j),(0.15936849290471441-0.3963083307149806j)
"(3.915151515151515, 1.5714285714285712)","(3.915151515151515, 1.5714285714285712)",(0.9240945974708439+0.11501848249800828j),(0.06892565392898067+0.18231278993019998j),(0.5423097257905506+0.13764551820334084j),(0.3128592177513127-0.20493982563553254j)
"(3.957575757575758, 1.5714285714285712)","(3.957575757575758, 1.5714285714285712)",(0.25699007049094624+0.8221331517748276j),(-0.09637078824285569+0.21872424541856786j),(0.03251105865522768+0.6049659880624364j),(0.3208498000785743-0.0015570817061766017j)
"(4.0, 1.5714285714285712)","(4.0, 1.5714285714285712)",(-0.6388332794999663+0.45350854750933645j),(-0.272442893143665+0.07900010887642701j),(-0.6033698397462809+0.23922451182801416j),(0.23697945338997964+0.1352839268048953j)
"(-0.2, 1.8571428571428559)","(-0.2, 1.8571428571428559)",(0.4135654622292967+0.19571391423740825j),(0.526921299970769+0.34820139281649j),(0.0550847790005906+0.9339175575755786j),(-0.16844061674206293-1.0864050361546604j)
"(-0.1575757575757576, 1.8571428571428559)","(-0.1575757575757576, 1.8571428571428559)",(1.4732456374543184-0.014218905723159647j),(0.7596858126852238+0.4274378767184783j),(0.9217406066122178+0.6424658588234691j),(-0.2081807818431234-1.084122641265107j)
"(-0.11515151515151516, 1.8571428571428559)","(-0.11515151515151516, 1.8571428571428559)",(1.5657221024920356-0.9214890818052837j),(1.0171806990621908+0.4555335871930324j),(0.7865969998076263-0.2954392223846436j),(-0.23805559637778145-1.0815834466136725j)
"(0.1393939393939394, 1.8571428571428559)","(0.1393939393939394, 1.8571428571428559)",(1.4437078217950519+0.13169435884182912j),(0.5057266401940043+0.6847429330168955j),(1.1455514963506388+0.5383658580428746j),(-0.20757031474959134-1.0914144322179409j)
"(0.18181818181818182, 1.8571428571428559)","(0.18181818181818182, 1.8571428571428559)",(0.3331004337481634+0.56609043673463j),(0.16767181097597472+0.4535405381224994j),(0.33248785562169714+1.208455651164383j),(-0.16705923284950847-1.0959057525522524j)
"(0.22424242424242424, 1.8571428571428559)","(0.22424242424242424, 1.8571428571428559)",(-0.7250255515571983-0.37049774419309744j),(0.014134232433064027+0.1167950561283777j),(-0.6227945484391342+0.6116792815675167j),(-0.11636523555112809-1.0989720818889919j)
"(0.26666666666666666, 1.8571428571428559)","(0.26666666666666666, 1.8571428571428559)",(-0.3542656537418629-1.7771681497597545j),(0.07424731142813056-0.17964855004941244j),(-0.37284422299616615-0.4984328693545866j),(-0.05566874217382735-1.0990867303557554j)
"(0.30909090909090914, 1.8571428571428559)","(0.30909090909090914, 1.8571428571428559)",(1.0383208763938456-2.021479832655591j),(0.25305352902038514-0.3273787467618467j),(0.7706450284282447-0.5996497570786234j),(0.0146223189452158-1.094451328815121j)
"(0.3515151515151515, 1.8571428571428559)","(0.3515151515151515, 1.8571428571428559)",(1.7657829677179615-0.9305962798348143j),(0.427126758819491-0.3391378784876549j),(1.2448763159303868+0.4915837811907859j),(0.09377989296808359-1.0830421825379453j)
"(0.393939393939394, 1.8571428571428559)","(0.393939393939394, 1.8571428571428559)",(1.1134439702534296-0.012798920264419644j),(0.5647984020420886-0.2961795965667164j),(0.36798776787482385+1.3460642270630112j),(0.18065780033651718-1.0626835507607144j)
"(0.43636363636363634, 1.8571428571428559)","(0.43636363636363634, 1.8571428571428559)",(0.26000370606475737-0.38728086686904417j),(0.7171691803032036-0.21321167473248523j),(-0.7307623596843663+0.8570849187153515j),(0.27359688544592004-1.0311541108519104j)
"(0.4787878787878788, 1.8571428571428559)","(0.4787878787878788, 1.8571428571428559)",(0.5948880687860867-1.2622072759177791j),(0.8744447000350776-0.007688477096583855j),(-0.6499017034177081-0.2681875068282358j),(0.3703450721687173-0.9863312919929595j)
"(0.5212121212121212, 1.8571428571428559)","(0.5212121212121212, 1.8571428571428559)",(1.7452324567614144-1.0706639810489016j),(0.8873828533492976+0.3472320106945035j),(0.3898422114275634-0.49152092253473123j),(0.4680073919845534-0.9263750692086739j)
"(0.5636363636363637, 1.8571428571428559)","(0.5636363636363637, 1.8571428571428559)",(2.057098078318704+0.28562579419271616j),(0.618415441099956+0.6739167233283245j),(0.8756387737444856+0.4616569684109933j),(0.5630438634742622-0.8499478975466016j)
"(0.6060606060606062, 1.8571428571428559)","(0.6060606060606062, 1.8571428571428559)",(0.9093705238902681+1.2020280392576876j),(0.18102602280225458+0.7019613359269579j),(0.07700988443868778+1.2565273125777j),(0.6513346166493257-0.7564606092469701j)
"(0.6484848484848484, 1.8571428571428559)","(0.6484848484848484, 1.8571428571428559)",(-0.32675928999558435+0.5355754705981273j),(-0.07275136072714707+0.39124209463326626j),(-0.9823387823785836+0.7906588472778331j),(0.7283308531101463-0.646325471312972j)
"(0.6909090909090909, 1.8571428571428559)","(0.6909090909090909, 1.8571428571428559)",(-0.07210686677386824-0.7670701266501863j),(0.0908202914717155+0.07613970776084264j),(-0.9522331333232783-0.3220219873097994j),(0.7893059750776945-0.5211878471012295j)
"(0.7333333333333334, 1.8571428571428559)","(0.7333333333333334, 1.8571428571428559)",(1.3023440911342874-0.8553920907316728j),(0.4616729152119382+0.16146697855997336j),(0.010958745116175098-0.6327607985492326j),(0.8297124308061741-0.38409827074241354j)
"(0.7757575757575759, 1.8571428571428559)","(0.7757575757575759, 1.8571428571428559)",(1.8938434366232602+0.5568094139871418j),(0.5397044935150263+0.6441446216354342j),(0.5085031479102746+0.15224396002376464j),(0.8456357951979592-0.239579167672057j)
"(0.8181818181818183, 1.8571428571428559)","(0.8181818181818183, 1.8571428571428559)",(0.764762030446258+1.7600453087317336j),(0.08419490914978525+1.0414606305434662j),(-0.1537512398138165+0.8121222127325076j),(0.8343183611102892-0.09353753454424013j)
"(0.8606060606060608, 1.8571428571428559)","(0.8606060606060608, 1.8571428571428559)",(-0.8050091272191566+1.2715361141491608j),(-0.5636144905668691+0.8958360138863513j),(-1.036095910255944+0.3286797471091688j),(0.7947012736036565+0.04702035315364054j)
"(0.9030303030303031, 1.8571428571428559)","(0.9030303030303031, 1.8571428571428559)",(-0.9898136555872566-0.23518840408844852j),(-0.8224449880340631+0.3115159811920104j),(-0.8952784725418925-0.721205143310941j),(0.7279098049886988+0.17450075803048207j)
"(0.9454545454545455, 1.8571428571428559)","(0.9454545454545455, 1.8571428571428559)",(0.2139665309281421-0.8491142269294363j),(-0.5302575452441617-0.13684391072887298j),(0.10663869785467218-0.993731592458462j),(0.6375853783176316+0.2814612762578987j)
"(0.987878787878788, 1.8571428571428559)","(0.987878787878788, 1.8571428571428559)",(1.0576105926201989+0.06667280340195975j),(-0.1374301523799964-0.06336420461599787j),(0.6650840081507344-0.23149903746950995j),(0.5299567368494609+0.3615360454874676j)
"(1.0303030303030305, 1.8571428571428559)","(1.0303030303030305, 1.8571428571428559)",(0.39411052216492504+1.1150127808218806j),(-0.17080167561956966+0.27702145811009027j),(0.15136361390741093+0.4275356351529777j),(0.41354858387708376+0.4104556875588127j)
"(1.0727272727272728, 1.8571428571428559)","(1.0727272727272728, 1.8571428571428559)",(-0.8548360328112273+0.7970192265403246j),(-0.5985636868107669+0.30453357470591014j),(-0.5547284235248692+0.06546971436588216j),(0.29845607752440884+0.42701593746853234j)
"(1.1151515151515152, 1.8571428571428559)","(1.1151515151515152, 1.8571428571428559)",(-1.0135076256425468-0.5133498558145337j),(-0.872535610631894-0.17418222520775598j),(-0.3361443081822657-0.7529701316211814j),(0.19517229317161286+0.4138025010144037j)
"(1.1575757575757577, 1.8571428571428559)","(1.1575757575757577, 1.8571428571428559)",(0.11019169754125815-1.1558041845519869j),(-0.5989244461779444-0.7304202974033092j),(0.5960735218667935-0.8028400556440499j),(0.11304262185240901+0.3774561684953722j)
"(1.2000000000000002, 1.8571428571428559)","(1.2000000000000002, 1.8571428571428559)",(1.0639244531750307-0.4277629751918891j),(-0.00829816231989897-0.8380488128378758j),(1.0136957828083897+0.08200778551760445j),(0.05852683268654003+0.32827805212838224j)
"(1.2424242424242427, 1.8571428571428559)","(1.2424242424242427, 1.8571428571428559)",(0.7650075131875145+0.5745560841376399j),(0.3472977126155867-0.4961413484300147j),(0.3841512779019359+0.7916533254021966j),(0.03355852266999196+0.279044107165458j)
"(1.284848484848485, 1.8571428571428559)","(1.284848484848485, 1.8571428571428559)",(-0.11387612777408139+0.5523087449240348j),(0.2679085175369125-0.18036589359482066j),(-0.41616060713774256+0.48964741808818524j),(0.03437596182674864+0.24302722043067024j)
"(1.3272727272727274, 1.8571428571428559)","(1.3272727272727274, 1.8571428571428559)",(-0.1997720801840387-0.24268816896877077j),(0.09897417415086213-0.21769279275556608j),(-0.3499711193493741-0.2564022513435293j),(0.051224865014473264+0.2314068751303246j)
"(1.3696969696969699, 1.8571428571428559)","(1.3696969696969699, 1.8571428571428559)",(0.6503256192179911-0.46476080444782475j),(0.23266145316555575-0.3978721500202946j),(0.34839409128262755-0.31734378330566615j),(0.06927007476980782+0.2504551288781359j)
"(1.4121212121212123, 1.8571428571428559)","(1.4121212121212123, 1.8571428571428559)",(1.207805196333713+0.40348638904805495j),(0.5891138629457919-0.2953962523455213j),(0.547813108442974+0.39980459238731925j),(0.07087822494494718+0.299078049006257j)
"(1.4545454545454546, 1.8571428571428559)","(1.4545454545454546, 1.8571428571428559)",(0.6170944253858924+1.3588091894089984j),(0.7380530348252929+0.1524978103785442j),(-0.1601075415965406+0.8389081783159752j),(0.03914893215714012+0.3674032007144789j)
"(1.496969696969697, 1.8571428571428559)","(1.496969696969697, 1.8571428571428559)",(-0.4521136888166918+1.2990458964263467j),(0.4649358092213226+0.5666710792811135j),(-0.8792628121167715+0.2953026816053521j),(-0.037786685921242874+0.43707213553988117j)
"(1.5393939393939395, 1.8571428571428559)","(1.5393939393939395, 1.8571428571428559)",(-0.7943816937890955+0.5075662187572176j),(0.027857656729070555+0.6140724373145898j),(-0.6596985431629888-0.5901796091078084j),(-0.16254080735517726+0.4836733905504362j)
"(1.581818181818182, 1.8571428571428559)","(1.581818181818182, 1.8571428571428559)",(-0.3354126345948981+0.15723016039004484j),(-0.2000850421489622+0.3965841984321306j),(0.1900848586745842-0.7206801488479162j),(-0.3254124511205201+0.48132611080583043j)
"(1.6242424242424245, 1.8571428571428559)","(1.6242424242424245, 1.8571428571428559)",(-0.1410802135965284+0.612208564185643j),(-0.19140816446953396+0.2510502910552114j),(0.5539566588886797-0.04768796777331264j),(-0.5036287080156742+0.4088462409037441j)
"(1.6666666666666667, 1.8571428571428559)","(1.6666666666666667, 1.8571428571428559)",(-0.8248683477869683+0.9415071679355353j),(-0.2215695581260998+0.2757028517463338j),(0.06043236845390193+0.4094896958708853j),(-0.6637311581147703+0.2563146203183162j)
"(1.7090909090909092, 1.8571428571428559)","(1.7090909090909092, 1.8571428571428559)",(-1.6383930035704029+0.2861735845094481j),(-0.4268568690523466+0.23416033614300502j),(-0.4442062029748675+0.021617022197847446j),(-0.7673299315431888+0.03039622616859563j)
"(1.7515151515151517, 1.8571428571428559)","(1.7515151515151517, 1.8571428571428559)",(-1.507537000994113-0.8867682162811957j),(-0.592483742977458-0.06314991691449194j),(-0.13550024252998744-0.5802495164280747j),(-0.7795530154866673-0.24336878293862918j)
"(1.7939393939393942, 1.8571428571428559)","(1.7939393939393942, 1.8571428571428559)",(-0.5227428977869651-1.4022509744177625j),(-0.450013469625997-0.4518892501811483j),(0.6058169029008673-0.4276530041234901j),(-0.6785463310618355-0.5227087201131241j)
"(1.8363636363636366, 1.8571428571428559)","(1.8363636363636366, 1.8571428571428559)",(0.20862599105721064-0.966880028650104j),(-0.055150490439666626-0.6029709302023877j),(0.7273975705022698+0.39177392289887236j),(-0.4636210890053926-0.7556830213465887j)
"(1.8787878787878791, 1.8571428571428559)","(1.8787878787878791, 1.8571428571428559)",(0.10292439827183109-0.49289359949882383j),(0.27304157660680434-0.4341742076788885j),(-0.010697355383051943+0.8330827525291149j),(-0.1594198229519213-0.8918021443490503j)
"(1.9212121212121216, 1.8571428571428559)","(1.9212121212121216, 1.8571428571428559)",(-0.15263820993125415-0.7403724592798137j),(0.35021669052556065-0.18093147471757742j),(-0.6888289420153377+0.3354509094141438j),(0.18597404155852293-0.89489189397638j)
"(1.9636363636363636, 1.8571428571428559)","(1.9636363636363636, 1.8571428571428559)",(0.32770276849226815-1.226701048234422j),(0.3090161423748469-0.0551980867997515j),(-0.4909910634018273-0.4172051627992502j),(0.5096776895192485-0.7542977986354203j)
"(2.006060606060606, 1.8571428571428559)","(2.006060606060606, 1.8571428571428559)",(1.2869558047952818-0.9391351884691079j),(0.3393999894316951+0.013926589745647349j),(0.19943037527934582-0.46228258973519154j),(0.7481254400842409-0.49077918847956375j)
"(2.0484848484848484, 1.8571428571428559)","(2.0484848484848484, 1.8571428571428559)",(1.6221240264049182+0.1759550228593903j),(0.3831522188309651+0.20637038522782702j),(0.38561740569471425+0.12395411082084778j),(0.8533544018792388-0.1543694731892845j)
"(2.090909090909091, 1.8571428571428559)","(2.090909090909091, 1.8571428571428559)",(0.8991106121052228+1.0579410856871827j),(0.22395514584576215+0.4769931875157414j),(-0.13162538660720619+0.3945124772547721j),(0.8067808528666668+0.18643542091666923j)
"(2.1333333333333333, 1.8571428571428559)","(2.1333333333333333, 1.8571428571428559)",(-0.04267352094683252+0.929954781513275j),(-0.1608616559460211+0.5557870438710735j),(-0.5075629931719762-0.08784950136871834j),(0.6257511281711647+0.4620172390109199j)
"(2.175757575757576, 1.8571428571428559)","(2.175757575757576, 1.8571428571428559)",(-0.22965925094762524+0.29415736622438365j),(-0.4962454241459308+0.2964771129175802j),(-0.09321239513621271-0.6230711758144543j),(0.35979856833451834+0.6207514291212577j)
"(2.2181818181818183, 1.8571428571428559)","(2.2181818181818183, 1.8571428571428559)",(0.17111183115196288+0.1588061423560045j),(-0.5159900081325237-0.10848277370084564j),(0.6104523806061328-0.37645955891603156j),(0.07664945867835378+0.6437484749728817j)
"(2.2606060606060607, 1.8571428571428559)","(2.2606060606060607, 1.8571428571428559)",(0.20601198105082544+0.6195173333257642j),(-0.27017283492097394-0.3462263989961525j),(0.6344634911935153+0.41603127705241383j),(-0.15827867522171593+0.5497124552695029j)
"(2.303030303030303, 1.8571428571428559)","(2.303030303030303, 1.8571428571428559)",(-0.4304439927304275+0.7918764439206247j),(-0.026022674071182597-0.338510892424835j),(-0.10222276940334166+0.7430947832623057j),(-0.3021985492559032+0.38729255308315397j)
"(2.3454545454545452, 1.8571428571428559)","(2.3454545454545452, 1.8571428571428559)",(-0.931969093112541+0.15522586904089106j),(0.08191336422284247-0.2618690326934615j),(-0.6662993963163204+0.20035851416485734j),(-0.347583061019063+0.21673638756949523j)
"(2.3878787878787877, 1.8571428571428559)","(2.3878787878787877, 1.8571428571428559)",(-0.5391048770760458-0.624036024833825j),(0.1656555953368391-0.23988679242424016j),(-0.3830829734551054-0.47125963689529643j),(-0.3216774989577796+0.08711040448571167j)
"(2.43030303030303, 1.8571428571428559)","(2.43030303030303, 1.8571428571428559)",(0.3296248340392773-0.571227102685877j),(0.3293476791044852-0.16517114665324636j),(0.27243918763538494-0.423989845978212j),(-0.27216203270059286+0.017933889945581472j)
"(2.4727272727272727, 1.8571428571428559)","(2.4727272727272727, 1.8571428571428559)",(0.5838776413126381+0.24166413488106792j),(0.44126899896212946+0.09647878797700817j),(0.3866103361184422+0.15190503281159332j),(-0.24400169376793351-0.006719685907533593j)
"(2.515151515151515, 1.8571428571428559)","(2.515151515151515, 1.8571428571428559)",(-0.08606078521185212+0.7610117339534521j),(0.28317018797545396+0.4263365886602402j),(-0.11223523000601514+0.3627427429855861j),(-0.2569957431812909-0.02806759769237418j)
"(2.5575757575757576, 1.8571428571428559)","(2.5575757575757576, 1.8571428571428559)",(-0.8178417893869472+0.34520029384513073j),(-0.11891213078362585+0.5233593833819998j),(-0.4045021479359416-0.08853399833496338j),(-0.29442751066737977-0.08962509120190572j)
"(2.6, 1.8571428571428559)","(2.6, 1.8571428571428559)",(-0.7588410558693868-0.4403114974797517j),(-0.45329497282776193+0.26200828579765256j),(0.0038828949585500193-0.4913242762965224j),(-0.30942897800017494-0.21099550698088182j)
"(2.6424242424242426, 1.8571428571428559)","(2.6424242424242426, 1.8571428571428559)",(-0.15520794035207233-0.6806523054152488j),(-0.45586923455628947-0.13677997322460822j),(0.548801644183555-0.1729227089417928j),(-0.2481403499793379-0.3709496232488478j)
"(2.684848484848485, 1.8571428571428559)","(2.684848484848485, 1.8571428571428559)",(0.13127615590388977-0.36199486992441215j),(-0.19255646373565813-0.3537730001109662j),(0.4042522160459834+0.5013966326903387j),(-0.08041959640643548-0.5096185025037847j)
"(2.727272727272727, 1.8571428571428559)","(2.727272727272727, 1.8571428571428559)",(-0.08261884428765079-0.2588581549840017j),(0.06370267245231412-0.3129860569491176j),(-0.3226273733867639+0.6058017688167917j),(0.17630585664679896-0.5516738668516759j)
"(2.7696969696969695, 1.8571428571428559)","(2.7696969696969695, 1.8571428571428559)",(-0.07220905923396304-0.6798368390301628j),(0.17051616016576018-0.18510503433755354j),(-0.6960267450760701-0.052564200405257534j),(0.45330152567634685-0.4421676042873517j)
"(2.812121212121212, 1.8571428571428559)","(2.812121212121212, 1.8571428571428559)",(0.641456616076659-0.9182209924177065j),(0.2137352098144402-0.09818015784394626j),(-0.22442705368957547-0.6410346607804462j),(0.6521484599517943-0.17900617379331396j)
"(2.8545454545454545, 1.8571428571428559)","(2.8545454545454545, 1.8571428571428559)",(1.4319142990904243-0.23636076351358715j),(0.27718199959555867+0.01381908405796825j),(0.4697299412054589-0.4249598934666139j),(0.6850023582894068+0.17478004589505847j)
"(2.896969696969697, 1.8571428571428559)","(2.896969696969697, 1.8571428571428559)",(1.2837964937023112+0.9885133809313194j),(0.2601481653572719+0.22643015321026433j),(0.5073027275853915+0.25392383943610264j),(0.5163456007596477+0.5081593882849524j)
"(2.9393939393939394, 1.8571428571428559)","(2.9393939393939394, 1.8571428571428559)",(0.14622290554363293+1.597617713797924j),(0.02845282664831622+0.4074894553254388j),(-0.06813022829821262+0.48584763183852875j),(0.18590030719352932+0.7042806266339565j)
"(2.981818181818182, 1.8571428571428559)","(2.981818181818182, 1.8571428571428559)",(-0.9337269862244989+1.061361006998894j),(-0.3182455944823993+0.32409839273025226j),(-0.41469995934932025+0.04708302178464663j),(-0.20078143239277935+0.6901795924839951j)
"(3.0242424242424244, 1.8571428571428559)","(3.0242424242424244, 1.8571428571428559)",(-1.0865135532353858+0.07873005024669316j),(-0.47448491490438405-0.03912309601100806j),(-0.09923628599633581-0.35277956466021865j),(-0.5127923523346659+0.47063271091791986j)
"(3.066666666666667, 1.8571428571428559)","(3.066666666666667, 1.8571428571428559)",(-0.5834993616378665-0.3928864323806288j),(-0.26619859765929454-0.3904735573872012j),(0.3309967186452574-0.13084862614158832j),(-0.6482974826238295+0.12843575114816072j)
"(3.109090909090909, 1.8571428571428559)","(3.109090909090909, 1.8571428571428559)",(-0.25983001621473456-0.29894336992762693j),(0.12827656716462726-0.4263714152478386j),(0.18913531999689187+0.33845370445201106j),(-0.5772419033762537-0.2110256591317994j)
"(3.1515151515151514, 1.8571428571428559)","(3.1515151515151514, 1.8571428571428559)",(-0.31723018146760873-0.2941934733349886j),(0.36652290240229485-0.15551987534012104j),(-0.3328189816582501+0.29617075651782404j),(-0.3509341022116535-0.43484435451269154j)
"(3.193939393939394, 1.8571428571428559)","(3.193939393939394, 1.8571428571428559)",(-0.2030317436035307-0.6126540040936425j),(0.3051528564680967+0.14466529563643568j),(-0.43494803918146874-0.2671465657977984j),(-0.07323656089015866-0.4901727339322798j)
"(3.2363636363636363, 1.8571428571428559)","(3.2363636363636363, 1.8571428571428559)",(0.3637938753470157-0.7005843224346022j),(0.09404805004694865+0.25672280195245945j),(0.11799303321198251-0.5571295337175024j),(0.1517527920880845-0.4001775906695593j)
"(3.278787878787879, 1.8571428571428559)","(3.278787878787879, 1.8571428571428559)",(0.8077962736341417-0.13077933710795325j),(-0.06675272188227477+0.20947249748839059j),(0.6069749986811396-0.09941817563517825j),(0.267573996835277-0.2408336589611656j)
"(3.3212121212121213, 1.8571428571428559)","(3.3212121212121213, 1.8571428571428559)",(0.47191056986841423+0.5872993928479626j),(-0.1467103662348248+0.1314496517899757j),(0.33557264989695623+0.5486101664006306j),(0.2830482862062828-0.09276042534264378j)
"(3.3636363636363638, 1.8571428571428559)","(3.3636363636363638, 1.8571428571428559)",(-0.34310376616021493+0.5705063045849151j),(-0.2109240480879282+0.03999114174361097j),(-0.3833976362854381+0.5272534899091228j),(0.25121791821315137+0.003261672932181433j)
"(3.4060606060606062, 1.8571428571428559)","(3.4060606060606062, 1.8571428571428559)",(-0.6265469005361877-0.2121240831183644j),(-0.22703421083910338-0.12272431013350668j),(-0.623754049884571-0.14999012052708321j),(0.22424136018748667+0.060590347542225476j)
"(3.4484848484848487, 1.8571428571428559)","(3.4484848484848487, 1.8571428571428559)",(0.03989065721222376-0.7797176598819351j),(-0.08234434872454921-0.29613015242467344j),(-0.09176876712061437-0.6065155875952015j),(0.21400377305738735+0.12292808013793982j)
"(3.4909090909090907, 1.8571428571428559)","(3.4909090909090907, 1.8571428571428559)",(0.8786124639308805-0.3542313703904503j),(0.1994242936022983-0.2885251212808016j),(0.4940570798166884-0.284800397854409j),(0.18513109051189394+0.21909414874476038j)
"(3.533333333333333, 1.8571428571428559)","(3.533333333333333, 1.8571428571428559)",(0.8638947552500991+0.640577724717308j),(0.38188575977022116-0.018906327457754907j),(0.39562933292962177+0.3313048131742275j),(0.08637966255025624+0.3281792390008354j)
"(3.5757575757575757, 1.8571428571428559)","(3.5757575757575757, 1.8571428571428559)",(-0.017633001196957238+1.1159038781436057j),(0.25152732073927897+0.3104985504960205j),(-0.169281602876856+0.4235422843880309j),(-0.0998787190593802+0.38186304325955445j)
"(3.618181818181818, 1.8571428571428559)","(3.618181818181818, 1.8571428571428559)",(-0.8278806836588046+0.6493981796957864j),(-0.10742470586547917+0.387139859814029j),(-0.39535792477607024-0.04465683115399565j),(-0.3250980530172552+0.30691515103575306j)
"(3.6606060606060606, 1.8571428571428559)","(3.6606060606060606, 1.8571428571428559)",(-0.8849200033120863-0.1354113440824523j),(-0.36666485271181215+0.13144719654119408j),(-0.03223590696254832-0.34947870310335055j),(-0.48601924363772586+0.08262016247970416j)
"(3.703030303030303, 1.8571428571428559)","(3.703030303030303, 1.8571428571428559)",(-0.4615382756675283-0.5113372119793163j),(-0.298959136213947-0.20851006469071404j),(0.31704636828307325-0.07674162513637134j),(-0.4796255077366546-0.2260855221522309j)
"(3.7454545454545456, 1.8571428571428559)","(3.7454545454545456, 1.8571428571428559)",(-0.15876725374330294-0.5080969160472426j),(-0.006371838126125259-0.3291379724750169j),(0.11812910727623897+0.30846420493809606j),(-0.27052452289341666-0.48742314851032176j)
"(3.787878787878788, 1.8571428571428559)","(3.787878787878788, 1.8571428571428559)",(-0.012465968577604555-0.564608165521145j),(0.22494789837738266-0.17818061381306213j),(-0.310518796651532+0.18276510212119992j),(0.07310492969654477-0.5691926538292827j)
"(3.83030303030303, 1.8571428571428559)","(3.83030303030303, 1.8571428571428559)",(0.36012655315785314-0.6595664949423217j),(0.23676265952635192+0.05064305539068419j),(-0.2798019679272027-0.2944586846464367j),(0.40316586155870393-0.41575086568656916j)
"(3.872727272727273, 1.8571428571428559)","(3.872727272727273, 1.8571428571428559)",(0.9013835015648396-0.31117741168651386j),(0.10391714040303662+0.1714797376703202j),(0.2308412979646241-0.39528285136169233j),(0.5666250631971789-0.08737429799514174j)
"(3.915151515151515, 1.8571428571428559)","(3.915151515151515, 1.8571428571428559)",(0.9554167479602651+0.5378950044907895j),(-0.03049731207407514+0.167365916366596j),(0.49666877967446477+0.10452739920829546j),(0.4892452803598755+0.26600168891589804j)
"(3.957575757575758, 1.8571428571428559)","(3.957575757575758, 1.8571428571428559)",(0.17509532091711227+1.1366445653607005j),(-0.11812643655698124+0.10693934220768782j),(0.07637482880242076+0.5454481439399412j),(0.21684692867167277+0.4842570792130714j)
"(4.0, 1.8571428571428559)","(4.0, 1.8571428571428559)",(-0.7945394820556323+0.7736687408781291j),(-0.16977495407808602+0.010001136368275088j),(-0.5124445160572666+0.28099397659993613j),(-0.11232001192027971+0.4826736279099178j)
"(-0.2, 2.1428571428571423)","(-0.2, 2.1428571428571423)",(1.014340082904724-0.15832391520714928j),(0.4358428145281569-0.5096542627146761j),(-0.33420266007715727-0.21721801575583058j),(0.9126999284537244+0.5685483632633573j)
"(-0.1575757575757576, 2.1428571428571423)","(-0.1575757575757576, 2.1428571428571423)",(0.17782937994142778-0.9233654464645049j),(-0.18620694217067382-1.1875308927542645j),(-0.5708955301480029-0.2749943849454325j),(0.9349318522601044+0.539159831235192j)
"(-0.11515151515151516, 2.1428571428571423)","(-0.11515151515151516, 2.1428571428571423)",(-0.6664240216095403-0.9676415842909548j),(-0.7501579056209327-1.250260180145219j),(-0.8673569840482594-0.23400529324777436j),(0.9510908680596517+0.5166238891020384j)
"(-0.07272727272727272, 2.1428571428571423)","(-0.07272727272727272, 2.1428571428571423)",(-0.7009069324558188-0.9961296607390624j),(-0.5084017166806902-1.421742606797317j),(-1.15425818686213-0.07588110011592664j),(0.9617529710870014+0.501494046174181j)
"(-0.030303030303030304, 2.1428571428571423)","(-0.030303030303030304, 2.1428571428571423)",(-0.13854305610067985-1.081655872237723j),(0.21322720276899995-1.6996962801469808j),(-1.3190853980951533+0.12390361813008322j),(0.9673151392254736+0.49413678977917463j)
"(0.012121212121212116, 2.1428571428571423)","(0.012121212121212116, 2.1428571428571423)",(0.15681475573281-0.8002280745112174j),(0.5002863096128539-1.5231235041480817j),(-1.3114450020007877+0.22814561261529231j),(0.9679734481207438+0.494749817021572j)
"(0.054545454545454564, 2.1428571428571423)","(0.054545454545454564, 2.1428571428571423)",(-0.14835235825757276-0.26144819337366865j),(0.06726370018877378-0.9595124785886706j),(-1.1793271126002791+0.19469310123449862j),(0.9637110541539327+0.5033711839805034j)
"(0.09696969696969698, 2.1428571428571423)","(0.09696969696969698, 2.1428571428571423)",(-0.4384496675572097-0.19611900774451907j),(-0.3769909398562196-0.8066197296894487j),(-1.0157541630137004+0.09062238737916538j),(0.9542954353127103+0.5198783345657643j)
"(0.1393939393939394, 2.1428571428571423)","(0.1393939393939394, 2.1428571428571423)",(-0.10969718678917861-0.410244191523803j),(-0.16938654951036322-0.9034940069009055j),(-0.8795956193305564-0.05072694063995921j),(0.9392849820517409+0.5439767560170617j)
"(0.18181818181818182, 2.1428571428571423)","(0.18181818181818182, 2.1428571428571423)",(0.5121243922795617-0.13435979178863966j),(0.31058043264607904-0.47157641088089575j),(-0.7165018009984645-0.23796218574045605j),(0.9180457606319472+0.5751788048327121j)
"(0.22424242424242424, 2.1428571428571423)","(0.22424242424242424, 2.1428571428571423)",(0.6200972424502436+0.5902005950922258j),(0.15670684661265621+0.3502918172064472j),(-0.42638954476915997-0.37286534508654545j),(0.8897799406067474+0.612774122972324j)
"(0.26666666666666666, 2.1428571428571423)","(0.26666666666666666, 2.1428571428571423)",(0.04073991416538314+0.9971891660742076j),(-0.7303805662789129+0.6082894407384237j),(-0.0824474066531177-0.26689435267487527j),(0.8535678870974137+0.6557940780106591j)
"(0.30909090909090914, 2.1428571428571423)","(0.30909090909090914, 2.1428571428571423)",(-0.5456037616644706+0.6605125735169454j),(-1.3900159148703066-0.1280347809856732j),(0.0359860003322031+0.0855735059106341j),(0.8084261528736331+0.7029738485919844j)
"(0.3515151515151515, 2.1428571428571423)","(0.3515151515151515, 2.1428571428571423)",(-0.5022727211461134+0.038776459669339514j),(-1.023498952320203-1.0797784161492041j),(-0.23215720177981036+0.3658377398678244j),(0.7533834329538999+0.7527171359507192j)
"(0.393939393939394, 2.1428571428571423)","(0.393939393939394, 2.1428571428571423)",(-0.002161650491108391-0.15379059111634996j),(-0.052533201888913486-1.1960164347160367j),(-0.6372042683040527+0.2391558880601288j),(0.6875758197018579+0.803069955539558j)
"(0.43636363636363634, 2.1428571428571423)","(0.43636363636363634, 2.1428571428571423)",(0.28851222180839825+0.1739641896759787j),(0.40880717024675334-0.4700857832627037j),(-0.7306562211182925-0.20766144506107176j),(0.6103612726799374+0.8517114179997543j)
"(0.4787878787878788, 2.1428571428571423)","(0.4787878787878788, 2.1428571428571423)",(0.07933304845669342+0.4872514940055185j),(-0.04138976875695171+0.10235926710570989j),(-0.400728154680045-0.5110783968153894j),(0.5214509718936902+0.895970623715198j)
"(0.5212121212121212, 2.1428571428571423)","(0.5212121212121212, 2.1428571428571423)",(-0.2695503126670758+0.3734098119871191j),(-0.6563125991980963-0.17561532256610438j),(-0.034289807198191885-0.3838543140564429j),(0.4210520937292123+0.9328794486096663j)
"(0.5636363636363637, 2.1428571428571423)","(0.5636363636363637, 2.1428571428571423)",(-0.2998100649799903+0.005013185218128213j),(-0.57344939203804-0.8756780198172275j),(-0.0363732587393541-0.07857946973475353j),(0.31001258579740376+0.9592706747701092j)
"(0.6060606060606062, 2.1428571428571423)","(0.6060606060606062, 2.1428571428571423)",(-0.009667945793450261-0.18588730267173548j),(0.1100613147401081-1.1037013722806819j),(-0.3096832025791592-0.054115065108405185j),(0.18995394204560084+0.9719291347173517j)
"(0.6484848484848484, 2.1428571428571423)","(0.6484848484848484, 2.1428571428571423)",(0.25447419290735135-0.06294762249825991j),(0.5873343155891835-0.6650452174601919j),(-0.39623337159429517-0.36570220618011484j),(0.06337324891246303+0.9677998011420468j)
"(0.6909090909090909, 2.1428571428571423)","(0.6909090909090909, 2.1428571428571423)",(0.28194734082579875+0.14596481679519546j),(0.45142621594558796-0.19736250539671082j),(-0.10317050176366749-0.60092334061394j),(-0.06630837335612169+0.9442506628058464j)
"(0.7333333333333334, 2.1428571428571423)","(0.7333333333333334, 2.1428571428571423)",(0.18409350058489526+0.21780446297285183j),(0.13906996680357134-0.22743629978769456j),(0.2397998669838936-0.4541388469922993j),(-0.1947763332025697+0.8993796097528457j)
"(0.7757575757575759, 2.1428571428571423)","(0.7757575757575759, 2.1428571428571423)",(0.1534764527236508+0.17507873676348684j),(0.22154955238262666-0.5107472602076519j),(0.24888403653089963-0.1465176420602231j),(-0.3169571361898755+0.8323436390313619j)
"(0.8181818181818183, 2.1428571428571423)","(0.8181818181818183, 2.1428571428571423)",(0.22380134122133444+0.16081949598292777j),(0.6241621707925645-0.4798677813015957j),(0.026916393693284753-0.10298903359014544j),(-0.4272772232645149+0.7436763108746689j)
"(0.8606060606060608, 2.1428571428571423)","(0.8606060606060608, 2.1428571428571423)",(0.30932033563145367+0.23828460890643183j),(0.8186897093783794-0.05922753278524257j),(0.01068658694333504-0.33803497410596883j),(-0.5200559606902607+0.6355471157976432j)
"(0.9030303030303031, 2.1428571428571423)","(0.9030303030303031, 2.1428571428571423)",(0.3455005630772916+0.38386521319320327j),(0.6031615281780243+0.29734183487825083j),(0.33236485480095473-0.4253832916185942j),(-0.5900258199016875+0.5119066699335466j)
"(0.9454545454545455, 2.1428571428571423)","(0.9454545454545455, 2.1428571428571423)",(0.3026382410821893+0.5682925603997805j),(0.3311221776169122+0.3005361005767482j),(0.6044656787987617-0.11070114386932081j),(-0.6329496153334846+0.37845760369235315j)
"(0.987878787878788, 2.1428571428571423)","(0.987878787878788, 2.1428571428571423)",(0.14554418386968548+0.7444007044121415j),(0.3363419487855389+0.2034093784565724j),(0.4554790023839184+0.29859508903396953j),(-0.6462767672997719+0.2423962369215995j)
"(1.0303030303030305, 2.1428571428571423)","(1.0303030303030305, 2.1428571428571423)",(-0.11164391604326895+0.8165325700548944j),(0.4477776608904836+0.362570959114483j),(0.07032983853178543+0.34207358349362527j),(-0.6297514154655379+0.1118880274467862j)
"(1.0727272727272728, 2.1428571428571423)","(1.0727272727272728, 2.1428571428571423)",(-0.35100740489461424+0.7350506131238703j),(0.28295795009943414+0.6818905673260373j),(-0.04810495353725509+0.05788747220210016j),(-0.5858604014567933-0.004727426404267026j)
"(1.1151515151515152, 2.1428571428571423)","(1.1151515151515152, 2.1428571428571423)",(-0.46569872496702003+0.6001667301308306j),(-0.15675940231930552+0.7545726493903568j),(0.21105674696254884-0.05444745775729795j),(-0.5199960696102633-0.09995846150222833j)
"(1.1575757575757577, 2.1428571428571423)","(1.1575757575757577, 2.1428571428571423)",(-0.5253272435986607+0.5545818748026312j),(-0.47306095787802793+0.46370125823442965j),(0.38794954480907945+0.25918905717845603j),(-0.4402158305297122-0.1683084406102544j)
"(1.2000000000000002, 2.1428571428571423)","(1.2000000000000002, 2.1428571428571423)",(-0.7055518968801032+0.5569035017182837j),(-0.43895508674721007+0.14803356822745578j),(0.08991826315677869+0.6162541381550224j),(-0.35651507328967186-0.2073842046641945j)
"(1.2424242424242427, 2.1428571428571423)","(1.2424242424242427, 2.1428571428571423)",(-1.0112296090828181+0.38650828572512175j),(-0.30363701620286887+0.10390295102869879j),(-0.4279958607462989+0.5013560319524024j),(-0.27959673213365027-0.21875069725597954j)
"(1.284848484848485, 2.1428571428571423)","(1.284848484848485, 2.1428571428571423)",(-1.1896364753089295-0.05202228400328279j),(-0.3966460819762258+0.1652867699711818j),(-0.5737723204255621-0.00901731301953184j),(-0.21921807290714151-0.20829174095493275j)
"(1.3272727272727274, 2.1428571428571423)","(1.3272727272727274, 2.1428571428571423)",(-1.0261881697541808-0.5328962680107312j),(-0.6223153525815625-0.026383775418113337j),(-0.22155989541163865-0.32065599419263313j),(-0.18231292176097977-0.1858564983999847j)
"(1.3696969696969699, 2.1428571428571423)","(1.3696969696969699, 2.1428571428571423)",(-0.6494644283105031-0.750429603273749j),(-0.5854681532321192-0.4631434736589164j),(0.10720909520891403-0.12323674611987699j),(-0.171205370287298-0.16404938349495551j)
"(1.4121212121212123, 2.1428571428571423)","(1.4121212121212123, 2.1428571428571423)",(-0.3873420655947152-0.7105982556527339j),(-0.16645707680690974-0.7380674103705512j),(-0.038565639260120806+0.1836324334617076j),(-0.18231934952768467-0.15616327874389022j)
"(1.4545454545454546, 2.1428571428571423)","(1.4545454545454546, 2.1428571428571423)",(-0.3276039802381732-0.7127717666878269j),(0.28351484577831065-0.5897417397156662j),(-0.40530645189040304+0.05042196385728361j),(-0.20581237412608083-0.1734519908294443j)
"(1.496969696969697, 2.1428571428571423)","(1.496969696969697, 2.1428571428571423)",(-0.20048303009092858-0.9052222531878493j),(0.404952601790101-0.24695834638321995j),(-0.3789471203664052-0.4361052128204519j),(-0.22648851151462437-0.2221586939841775j)
"(1.5393939393939395, 2.1428571428571423)","(1.5393939393939395, 2.1428571428571423)",(0.21115226544536675-1.0336807847566085j),(0.28925726985927613-0.09165475927132244j),(0.148050634577158-0.6411123794548863j),(-0.2261556389910674-0.30091364603039994j)
"(1.581818181818182, 2.1428571428571423)","(1.581818181818182, 2.1428571428571423)",(0.6943361807967987-0.7789621986503145j),(0.2914432885300495-0.13286701773219647j),(0.5901837295051063-0.24687157297554063j),(-0.1872908372383571-0.3992236079425774j)
"(1.6242424242424245, 2.1428571428571423)","(1.6242424242424245, 2.1428571428571423)",(0.829396273271097-0.2428800654240803j),(0.48362183959996685-0.03968971073936365j),(0.4432801043386054+0.2945426285529898j),(-0.0975056706674752-0.49773298323770643j)
"(1.6666666666666667, 2.1428571428571423)","(1.6666666666666667, 2.1428571428571423)",(0.5482364583689175+0.11981662531656989j),(0.539116637058207+0.3298971786519115j),(-0.036942006297962016+0.3606165065845933j),(0.04606182760867253-0.5706970599199349j)
"(1.7090909090909092, 2.1428571428571423)","(1.7090909090909092, 2.1428571428571423)",(0.24807180889074915+0.07507642028518313j),(0.20881408247099997+0.6718188130311985j),(-0.19429424010212903-0.006076088893991628j),(0.2335519665218782-0.5906663038520238j)
"(1.7515151515151517, 2.1428571428571423)","(1.7515151515151517, 2.1428571428571423)",(0.26912083973544865-0.09633769738497688j),(-0.29339459011534663+0.6204556590401659j),(0.12098601391788902-0.1820004157972944j),(0.44152941593290623-0.5347929406278483j)
"(1.7939393939393942, 2.1428571428571423)","(1.7939393939393942, 2.1428571428571423)",(0.4498117134198712-0.012135743466062776j),(-0.5416828118339682+0.23244678560043153j),(0.35617583078896337+0.1469771364060705j),(0.635318694464876-0.39155966547256477j)
"(1.8363636363636366, 2.1428571428571423)","(1.8363636363636366, 2.1428571428571423)",(0.39437312229652893+0.26087960417548584j),(-0.42918674608910456-0.10161986855859627j),(0.04881602361079122+0.5287710803647273j),(0.7747438447748423-0.1662716076306452j)
"(1.8787878787878791, 2.1428571428571423)","(1.8787878787878791, 2.1428571428571423)",(0.08441050382575677+0.310656001584502j),(-0.2442591586704168-0.17390039370105512j),(-0.4939271579917319+0.3680952180063514j),(0.8225968204879055+0.11646117727920574j)
"(1.9212121212121216, 2.1428571428571423)","(1.9212121212121216, 2.1428571428571423)",(-0.05057395926341779+0.01211175027148731j),(-0.21855228135193724-0.17409778774356177j),(-0.586227511175786-0.22843447595499336j),(0.7542058332643055+0.4146440139700424j)
"(1.9636363636363636, 2.1428571428571423)","(1.9636363636363636, 2.1428571428571423)",(0.2574777160692581-0.21824150938292264j),(-0.2111647750604123-0.3291271962738947j),(-0.0970981244934465-0.5648192690985299j),(0.565740615623117+0.6757049559895019j)
"(2.006060606060606, 2.1428571428571423)","(2.006060606060606, 2.1428571428571423)",(0.6743538981021797+0.04764888191030692j),(0.031127169910315514-0.5163827660529515j),(0.36454658778209714-0.2833328437676729j),(0.2786801404097671+0.8473644917309313j)
"(2.0484848484848484, 2.1428571428571423)","(2.0484848484848484, 2.1428571428571423)",(0.6468754094260806+0.643863185699683j),(0.43471490144043556-0.4164085423002539j),(0.2737558788204846+0.16992796061418355j),(-0.0615953708348396+0.8903437673857534j)
"(2.090909090909091, 2.1428571428571423)","(2.090909090909091, 2.1428571428571423)",(0.11702317986386518+0.9863585542957054j),(0.6271739580888652+0.015254598862995919j),(-0.1163447591932906+0.18146590421875752j),(-0.3938060190317095+0.7896380512139519j)
"(2.1333333333333333, 2.1428571428571423)","(2.1333333333333333, 2.1428571428571423)",(-0.4165769907916733+0.8121426691088525j),(0.40481830157059795+0.43263406535190146j),(-0.16718439349862022-0.18132622697524078j),(-0.654210898863651+0.5608348307321918j)
"(2.175757575757576, 2.1428571428571423)","(2.175757575757576, 2.1428571428571423)",(-0.5767601931615569+0.46464066964840206j),(-0.008392120577870782+0.5075669090154971j),(0.2240292294093655-0.2917362661252856j),(-0.7923973019930516+0.24881002675819058j)
"(2.2181818181818183, 2.1428571428571423)","(2.2181818181818183, 2.1428571428571423)",(-0.5708418178505279+0.3382751020443918j),(-0.25575241062974013+0.29945654601383237j),(0.4699219254232203+0.12074430258933147j),(-0.785011332644008-0.08192574655877204j)
"(2.2606060606060607, 2.1428571428571423)","(2.2606060606060607, 2.1428571428571423)",(-0.786171171200167+0.2897451982376982j),(-0.27056356031509166+0.10186565824197823j),(0.12732125287987792+0.5512415322578978j),(-0.6429288637649533-0.3633619922621779j)
"(2.303030303030303, 2.1428571428571423)","(2.303030303030303, 2.1428571428571423)",(-1.111910010748753-0.11964764246995446j),(-0.2562055386592701+0.024675101515519778j),(-0.4468746726003801+0.3979482967126366j),(-0.4088297994891027-0.5422710406981108j)
"(2.3454545454545452, 2.1428571428571423)","(2.3454545454545452, 2.1428571428571423)",(-0.9996010045515015-0.8802427511890376j),(-0.3073555581494408-0.08844573070530323j),(-0.5472771306757312-0.19687555570623624j),(-0.14496831572632943-0.5949214647774982j)
"(2.3878787878787877, 2.1428571428571423)","(2.3878787878787877, 2.1428571428571423)",(-0.23478195781974165-1.3762272962486555j),(-0.25308418397101484-0.3267326606245302j),(-0.06734694001084907-0.5165303527253524j),(0.08564916616212226-0.532964282898773j)
"(2.43030303030303, 2.1428571428571423)","(2.43030303030303, 2.1428571428571423)",(0.655140584505554-1.1107551603744286j),(0.05188422388580212-0.48871140053562695j),(0.3645944731455644-0.2242961223141367j),(0.23866188747418743-0.397747637524665j)
"(2.4727272727272727, 2.1428571428571423)","(2.4727272727272727, 2.1428571428571423)",(0.9751278789757889-0.3536713625966858j),(0.42915898566012345-0.3209830276989907j),(0.24460725056402147+0.21161586825921644j),(0.30136164275164407-0.24430420315691156j)
"(2.515151515151515, 2.1428571428571423)","(2.515151515151515, 2.1428571428571423)",(0.6780194880005412+0.18584092359795998j),(0.5299788786591451+0.10925651246259138j),(-0.14595785612243906+0.19697404087964868j),(0.29399846546383523-0.12038962974428005j)
"(2.5575757575757576, 2.1428571428571423)","(2.5575757575757576, 2.1428571428571423)",(0.32825023388867136+0.2268487723828175j),(0.2535261844322578+0.44123408282758025j),(-0.18342759865705102-0.1658471062600808j),(0.2581516481134646-0.04853820418468194j)
"(2.6, 2.1428571428571423)","(2.6, 2.1428571428571423)",(0.29558624754135+0.1487010936321564j),(-0.13309558992844212+0.4262304939942244j),(0.19253235289047285-0.2587786045544702j),(0.23614948457931928-0.01875079580759781j)
"(2.6424242424242426, 2.1428571428571423)","(2.6424242424242426, 2.1428571428571423)",(0.32034287466142475+0.3167615652497363j),(-0.3219630662835921+0.17557742101687646j),(0.3924890710982142+0.1369331748843983j),(0.24981686984680268+0.004250969348461614j)
"(2.684848484848485, 2.1428571428571423)","(2.684848484848485, 2.1428571428571423)",(0.03467333809296125+0.5099957521602874j),(-0.2858761403153256-0.04557037934364778j),(0.03242638439860963+0.49431512713087894j),(0.2881230940096772+0.06125100437305618j)
"(2.727272727272727, 2.1428571428571423)","(2.727272727272727, 2.1428571428571423)",(-0.3628599343535138+0.2910384617299696j),(-0.19397933655640948-0.14961311774342945j),(-0.47934055440175316+0.2663824217305453j),(0.31045995660464876+0.17426915774285373j)
"(2.7696969696969695, 2.1428571428571423)","(2.7696969696969695, 2.1428571428571423)",(-0.31450727926931743-0.22713744566563016j),(-0.11280035464714053-0.23100412511252164j),(-0.4675817584042427-0.32515221579324405j),(0.2658748337820658+0.32901889524013556j)
"(2.812121212121212, 2.1428571428571423)","(2.812121212121212, 2.1428571428571423)",(0.2533341285889503-0.38395740752448415j),(0.047363774452293055-0.3059232647532502j),(0.08497071082881498-0.5517605557399294j),(0.12099964330784233+0.47372641296869544j)
"(2.8545454545454545, 2.1428571428571423)","(2.8545454545454545, 2.1428571428571423)",(0.6718426399144367+0.16225606218268784j),(0.29149445505669047-0.22821139639629762j),(0.49626318435245326-0.14700507028350537j),(-0.11591499949470699+0.5374725288624909j)
"(2.896969696969697, 2.1428571428571423)","(2.896969696969697, 2.1428571428571423)",(0.3173506616893742+0.8810824435975146j),(0.4132294074095038+0.07160241861310736j),(0.2916541369909875+0.34733494457688174j),(-0.3875328827111171+0.4621450804075255j)
"(2.9393939393939394, 2.1428571428571423)","(2.9393939393939394, 2.1428571428571423)",(-0.5664078806534443+0.9495369670522547j),(0.22304503609164988+0.3888077083327664j),(-0.1863814219771648+0.32629803977442867j),(-0.6030714947679293+0.2344312189450596j)
"(2.981818181818182, 2.1428571428571423)","(2.981818181818182, 2.1428571428571423)",(-1.1290318505651489+0.24405965222340917j),(-0.16719796667753992+0.4218400675670301j),(-0.28861644219299604-0.07987847997977113j),(-0.673217441694613-0.09790193536384975j)
"(3.0242424242424244, 2.1428571428571423)","(3.0242424242424244, 2.1428571428571423)",(-0.9245765895537501-0.5559053289749375j),(-0.41830060885861686+0.12521112628989328j),(0.04410625225073545-0.24524707837553153j),(-0.5503822329458687-0.4358693768892993j)
"(3.066666666666667, 2.1428571428571423)","(3.066666666666667, 2.1428571428571423)",(-0.33818520183891976-0.8476583944694818j),(-0.32989451392728114-0.22668319875838963j),(0.24739757796822362+0.043375797009319914j),(-0.2556882658798622-0.6643509927204121j)
"(3.109090909090909, 2.1428571428571423)","(3.109090909090909, 2.1428571428571423)",(0.0669184939256039-0.7470963404318567j),(-0.03604643019680018-0.3486248787753898j),(-0.01896061139514566+0.3004674989898136j),(0.12192553551754973-0.6989389606462806j)
"(3.1515151515151514, 2.1428571428571423)","(3.1515151515151514, 2.1428571428571423)",(0.28652080633666743-0.6768118156915208j),(0.19287564213132197-0.2242139149777855j),(-0.363531238696379+0.07105562585182859j),(0.45717640290172445-0.523653526565564j)
"(3.193939393939394, 2.1428571428571423)","(3.193939393939394, 2.1428571428571423)",(0.65972040524699-0.6092955856258946j),(0.24589767113616995-0.03236656914467574j),(-0.2246019190121533-0.37606793678258554j),(0.6384246531229734-0.2008610796986333j)
"(3.2363636363636363, 2.1428571428571423)","(3.2363636363636363, 2.1428571428571423)",(1.1025403848484474-0.134062534108255j),(0.19404115413502313+0.10781195216244728j),(0.29465459264903776-0.3951407236345173j),(0.6138446380643865+0.15326623736381503j)
"(3.278787878787879, 2.1428571428571423)","(3.278787878787879, 2.1428571428571423)",(1.0248890241610091+0.741449389759989j),(0.09722948493417048+0.20488677860734122j),(0.5160147296700074+0.11878345282248787j),(0.4116448095568313+0.4177791583301599j)
"(3.3212121212121213, 2.1428571428571423)","(3.3212121212121213, 2.1428571428571423)",(0.1653767051564918+1.2994577754651144j),(-0.06569156144190584+0.2470846065420765j),(0.10714817309811414+0.5347730064606361j),(0.1239200935002835+0.5176001624624018j)
"(3.3636363636363638, 2.1428571428571423)","(3.3636363636363638, 2.1428571428571423)",(-0.8338038926326042+0.9085546732798893j),(-0.2566908301254384+0.14249627180777483j),(-0.438911695014692+0.31495087889519413j),(-0.1382013674924738+0.4511075225769204j)
"(3.4060606060606062, 2.1428571428571423)","(3.4060606060606062, 2.1428571428571423)",(-1.0463176707670834-0.09838274799992552j),(-0.3065523260018348-0.11897047235304314j),(-0.4444258167545391-0.2606618253095351j),(-0.29533952801070934+0.2812495496626527j)
"(3.4484848484848487, 2.1428571428571423)","(3.4484848484848487, 2.1428571428571423)",(-0.36771118390822943-0.7143060613917331j),(-0.09754827094296067-0.34100818958186646j),(0.060150365185104304-0.4692690167772969j),(-0.3303132781503731+0.0959711449674302j)
"(3.4909090909090907, 2.1428571428571423)","(3.4909090909090907, 2.1428571428571423)",(0.3504403486783371-0.4308969954597448j),(0.2283838790693661-0.2883909626329375j),(0.4050804260154149-0.10304835669405589j),(-0.2830239564064439-0.03945767613275141j)
"(3.533333333333333, 2.1428571428571423)","(3.533333333333333, 2.1428571428571423)",(0.34721111890196754+0.2087861675610606j),(0.3665711680948038+0.02256478522543104j),(0.19534933535325627+0.2973249135464424j),(-0.21470938454609254-0.11110353121081283j)
"(3.5757575757575757, 2.1428571428571423)","(3.5757575757575757, 2.1428571428571423)",(-0.1790639741709648+0.3722787072939109j),(0.182323664342321+0.30259595881227386j),(-0.1968775493443611+0.21988893092603995j),(-0.1645100891689247-0.15020618244440298j)
"(3.618181818181818, 2.1428571428571423)","(3.618181818181818, 2.1428571428571423)",(-0.46865403808433476-0.034547364267167424j),(-0.13359899531682348+0.2990276627152502j),(-0.2089976080988655-0.135862191456106j),(-0.12605743466864577-0.19771283552631164j)
"(3.6606060606060606, 2.1428571428571423)","(3.6606060606060606, 2.1428571428571423)",(-0.23094227665009995-0.40838851528005626j),(-0.2865772253542638+0.05926053548584295j),(0.1150609614856447-0.20376044439925484j),(-0.05942601278148088-0.26388860636664435j)
"(3.703030303030303, 2.1428571428571423)","(3.703030303030303, 2.1428571428571423)",(0.10934403110164341-0.3686978719024855j),(-0.1912949345011747-0.1647783426729583j),(0.2314715607915596+0.10767737681521977j),(0.06916740481125853-0.311596906044747j)
"(3.7454545454545456, 2.1428571428571423)","(3.7454545454545456, 2.1428571428571423)",(0.17082704238677623-0.19818386257651513j),(-3.261062569419673e-05-0.21243792050942392j),(-0.07624214259141347+0.2917188336413491j),(0.2471017956038839-0.2774647757084403j)
"(3.787878787878788, 2.1428571428571423)","(3.787878787878788, 2.1428571428571423)",(0.17409335416085053-0.2421779731655505j),(0.12632632865278853-0.1285009850456916j),(-0.3569084757586934+0.006260714460636756j),(0.4046755012667554-0.11993770258049567j)
"(3.83030303030303, 2.1428571428571423)","(3.83030303030303, 2.1428571428571423)",(0.470009056386266-0.2649250020989702j),(0.16424184949596748-0.015992264491070433j),(-0.1411098341529851-0.38600345339242464j),(0.44687704104328363+0.1370707157845249j)
"(3.872727272727273, 2.1428571428571423)","(3.872727272727273, 2.1428571428571423)",(0.7990968677508399+0.19283708170992597j),(0.1422764066787984+0.0964673112525047j),(0.34443996694617557-0.3010403177313169j),(0.31238049412586594+0.3974100881887382j)
"(3.915151515151515, 2.1428571428571423)","(3.915151515151515, 2.1428571428571423)",(0.5029710882882387+0.9473034864880745j),(0.038979958310442764+0.19192617404099677j),(0.44054456872853304+0.22099899802671308j),(0.023446561249262823+0.5343783144203647j)
"(3.957575757575758, 2.1428571428571423)","(3.957575757575758, 2.1428571428571423)",(-0.4839241790639154+1.1535881458407262j),(-0.14092615372447395+0.17835086903630717j),(-0.034400922190641954+0.5141799258868219j),(-0.3085971031487995+0.46105735091759703j)
"(4.0, 2.1428571428571423)","(4.0, 2.1428571428571423)",(-1.2860718813722554+0.3510225670362074j),(-0.2586524286968663-0.009370510551905308j),(-0.49473352947373384+0.17272043579992677j),(-0.5326859232016552+0.1876726417881859j)
"(-0.2, 2.428571428571429)","(-0.2, 2.428571428571429)",(0.6266300807547678+1.2774985345354275j),(0.9556715221712622+1.2814343467678082j),(0.6760845820468728-0.3171220587442805j),(-1.0051260234633672+0.31318624651189975j)
"(-0.1575757575757576, 2.428571428571429)","(-0.1575757575757576, 2.428571428571429)",(0.5284337880164258-0.41209400397572304j),(0.8356814757242161-0.20208918071271725j),(0.6905089735685707-0.5566563959967062j),(-0.9977566612763609+0.3466515727337005j)
"(-0.11515151515151516, 2.428571428571429)","(-0.11515151515151516, 2.428571428571429)",(-1.2436192222971192-0.9875745304231516j),(-0.8794986546181651-0.6015449651316381j),(0.6274934337612943-0.7577040260609839j),(-0.9916140014402485+0.3716744607694704j)
"(0.1393939393939394, 2.428571428571429)","(0.1393939393939394, 2.428571428571429)",(0.09587627674844557-0.9709103204017505j),(0.5319611880646054-0.623781357357714j),(0.5674824442185917-0.6936766605473828j),(-1.0035673555347515+0.34654769750334624j)
"(0.18181818181818182, 2.428571428571429)","(0.18181818181818182, 2.428571428571429)",(0.9711670531152612+0.5379579197401383j),(1.373121083742226+0.7449431461779861j),(0.6107750694636549-0.5196375187877325j),(-1.0127291000906198+0.3126522923498847j)
"(0.22424242424242424, 2.428571428571429)","(0.22424242424242424, 2.428571428571429)",(-0.08087743740546471+1.8310078632492939j),(0.3362302544704361+1.8891008399415512j),(0.6051523532950814-0.3280380231976799j),(-1.0222600451709822+0.26994504650542245j)
"(0.26666666666666666, 2.428571428571429)","(0.26666666666666666, 2.428571428571429)",(-1.5924487103343132+1.3286289662375392j),(-1.0983731050691699+1.2603203578469229j),(0.5369158317745557-0.15004375822510002j),(-1.030991437039699+0.21835236661571625j)
"(0.30909090909090914, 2.428571428571429)","(0.30909090909090914, 2.428571428571429)",(-1.618013165897237-0.15069592566920223j),(-0.991878558435074-0.28798691466344556j),(0.411384562871669-0.020624971968038138j),(-1.037519170333832+0.15791596096228147j)
"(0.3515151515151515, 2.428571428571429)","(0.3515151515151515, 2.428571428571429)",(-0.308979648741881-0.5406456790965526j),(0.47731556241095785-0.6590125314745072j),(0.25392506556455763+0.02950731143402867j),(-1.0402202767173965+0.08885954094392601j)
"(0.393939393939394, 2.428571428571429)","(0.393939393939394, 2.428571428571429)",(0.34209926564075444+0.6456861992545556j),(1.2693072668758958+0.6506644249987916j),(0.11007633876655344-0.016641646312194534j),(-1.037284340001695+0.011663420567958523j)
"(0.43636363636363634, 2.428571428571429)","(0.43636363636363634, 2.428571428571429)",(-0.7373054601089144+1.6591818735586312j),(0.24838976290355325+1.87815995136791j),(0.041069370473568054-0.1461213766197885j),(-1.0267645934860357-0.07285670118949024j)
"(0.4787878787878788, 2.428571428571429)","(0.4787878787878788, 2.428571428571429)",(-2.2070661012154886+0.9249165714801257j),(-1.3008756034069089+1.3859464533843577j),(0.1004627087105982-0.29755755118749383j),(-1.0066532065191778-0.16347233071673822j)
"(0.5212121212121212, 2.428571428571429)","(0.5212121212121212, 2.428571428571429)",(-2.1285882522207653-0.7826667157437416j),(-1.4410306682593266-0.1570561682791j),(0.287426747929639-0.3671367349299314j),(-0.9749843318910778-0.25847381253471025j)
"(0.5636363636363637, 2.428571428571429)","(0.5636363636363637, 2.428571428571429)",(-0.5996391057103243-1.3674487838055935j),(-0.17984648308804801-0.7458774444260624j),(0.5101740311750015-0.26595046606591255j),(-0.9299666537972778-0.3556208733136186j)
"(0.6060606060606062, 2.428571428571429)","(0.6060606060606062, 2.428571428571429)",(0.37451584703886454-0.2265286587028748j),(0.626885421285561+0.23153098470559738j),(0.6177746907984958-0.005935719740976692j),(-0.8701442650451923-0.4521239236674955j)
"(0.6484848484848484, 2.428571428571429)","(0.6484848484848484, 2.428571428571429)",(-0.43296308999140465+0.9683907953390775j),(-0.1514318539750059+1.243061453263761j),(0.5130493725140793+0.2699986273211295j),(-0.7945806085304781-0.5446692852458129j)
"(0.6909090909090909, 2.428571428571429)","(0.6909090909090909, 2.428571428571429)",(-1.8788509118722145+0.5297993448505359j),(-1.435229056556398+0.7772218028322196j),(0.2594331305300423+0.3820791598780715j),(-0.7030549858458587-0.6295016178597551j)
"(0.7333333333333334, 2.428571428571429)","(0.7333333333333334, 2.428571428571429)",(-2.0391862783627053-1.045669870025576j),(-1.4975297623379547-0.6218459186063857j),(0.05459851926220358+0.2787511223089068j),(-0.5962550352869544-0.7025750737280971j)
"(0.7757575757575759, 2.428571428571429)","(0.7757575757575759, 2.428571428571429)",(-0.7441962441954637-1.8480898666210837j),(-0.32213370187841284-1.1960352212060648j),(0.05387964419142939+0.10772581166977263j),(-0.47594218650848025-0.7597804570847914j)
"(0.8181818181818183, 2.428571428571429)","(0.8181818181818183, 2.428571428571429)",(0.33760536065885366-1.1245193594889602j),(0.47825486974555975-0.4123295665516943j),(0.20441183684845118+0.08505860094402935j),(-0.3450613459351573-0.7972483938812952j)
"(0.8606060606060608, 2.428571428571429)","(0.8606060606060608, 2.428571428571429)",(0.02679496281035912-0.14623952570078813j),(-0.04884904915973072+0.3969068444591614j),(0.28340627845400207+0.2685716253487999j),(-0.20776226648391224-0.8117179955087495j)
"(0.9030303030303031, 2.428571428571429)","(0.9030303030303031, 2.428571428571429)",(-0.8720509439588842-0.3439263492636659j),(-0.9343281176611229-0.024466030388402612j),(0.13157700017542412+0.4814867078939177j),(-0.0692998264731854-0.800947026769181j)
"(0.9454545454545455, 2.428571428571429)","(0.9454545454545455, 2.428571428571429)",(-0.8305509622149945-1.3895092098218997j),(-0.7304934331317293-1.1209313442173896j),(-0.1642719923691971+0.4955463321357869j),(0.064214463285932-0.764124197740297j)
"(0.987878787878788, 2.428571428571429)","(0.987878787878788, 2.428571428571429)",(0.2826104909321569-1.7887244054095208j),(0.45568311215728347-1.3712859826638553j),(-0.359298038866628+0.28479042807053834j),(0.1862254176415014-0.7022288508162041j)
"(1.0303030303030305, 2.428571428571429)","(1.0303030303030305, 2.428571428571429)",(1.1340353801469174-0.9928518565129925j),(1.1684871110360069-0.42876750672376474j),(-0.32475920355217974+0.05418660579721288j),(0.2903074726630902-0.6182709555864406j)
"(1.0727272727272728, 2.428571428571429)","(1.0727272727272728, 2.428571428571429)",(0.8422618006801381-0.060682515865453535j),(0.6600568140907774+0.4589927941568642j),(-0.18866179464385174-0.002336557437942519j),(0.37086678123321243-0.5173387525843752j)
"(1.1151515151515152, 2.428571428571429)","(1.1151515151515152, 2.428571428571429)",(0.12360364992936773-0.08410467819952044j),(-0.13249941774531113+0.25068502014488786j),(-0.16780451311536837+0.07159712197328073j),(0.42390758079004726-0.406386820317689j)
"(1.1575757575757577, 2.428571428571429)","(1.1575757575757577, 2.428571428571429)",(0.1601691372686993-0.6965096557720436j),(0.005900496517444696-0.4669803378490992j),(-0.29349531750510516+0.0641883225148455j),(0.4477639582563598-0.29371764043779j)
"(1.2000000000000002, 2.428571428571429)","(1.2000000000000002, 2.428571428571429)",(0.9103814991423352-0.7095193487739435j),(0.8419290008440908-0.39810825812253464j),(-0.3752165144231301-0.12326379840922357j),(0.4436690127213745-0.18814729224218527j)
"(1.2424242424242427, 2.428571428571429)","(1.2424242424242427, 2.428571428571429)",(1.238128148136933+0.14410834823237134j),(1.0733419893444156+0.5835135318927015j),(-0.2512318875890492-0.3415048939859917j),(0.4160180463815667-0.09790028967433846j)
"(1.284848484848485, 2.428571428571429)","(1.284848484848485, 2.428571428571429)",(0.5731866872113018+0.8524228364792202j),(0.20441705067055393+1.2635686853350678j),(-0.003420506566828366-0.38180064333333824j),(0.37219014310757625-0.029345205522509285j)
"(1.3272727272727274, 2.428571428571429)","(1.3272727272727274, 2.428571428571429)",(-0.2943718853350953+0.5764044135945773j),(-0.762770435056932+0.8054509628148732j),(0.1465670408139277-0.24329457955374212j),(0.321831508907909+0.014248030333446224j)
"(1.3696969696969699, 2.428571428571429)","(1.3696969696969699, 2.428571428571429)",(-0.3484207725730438-0.20276456254214945j),(-0.7486700426514361-0.1119127118314319j),(0.12467068469092693-0.12454298301894944j),(0.2755785853874654+0.03369113230823187j)
"(1.4121212121212123, 2.428571428571429)","(1.4121212121212123, 2.428571428571429)",(0.2669610550572129-0.4198656364577972j),(-0.06621973386095933-0.3060877925020268j),(0.08987412208086461-0.14811393008694312j),(0.24330666683730762+0.03433608613117275j)
"(1.4545454545454546, 2.428571428571429)","(1.4545454545454546, 2.428571428571429)",(0.5473285951973222+0.08034298206890489j),(0.11757048693786468+0.24618005855140865j),(0.19763959833628475-0.19160455362080683j),(0.23211850992317282+0.02576747713830307j)
"(1.496969696969697, 2.428571428571429)","(1.496969696969697, 2.428571428571429)",(0.1006761177411806+0.41202722254940227j),(-0.5059412095046293+0.45548668041765794j),(0.3622028792916365-0.0640327136326647j),(0.24441444795417336+0.02057325576440904j)
"(1.5393939393939395, 2.428571428571429)","(1.5393939393939395, 2.428571428571429)",(-0.32915743025649535-0.01228599162523196j),(-0.9600646156298182-0.25000911003212906j),(0.3544285803875446+0.20552982406668818j),(0.27647860498577825+0.032193294340208914j)
"(1.581818181818182, 2.428571428571429)","(1.581818181818182, 2.428571428571429)",(0.024363960996841794-0.625366247599616j),(-0.41166547270893405-1.068497788452953j),(0.11799138265563672+0.37107624559914587j),(0.31803805105013916+0.07205529525419113j)
"(1.6242424242424245, 2.428571428571429)","(1.6242424242424245, 2.428571428571429)",(0.8375251061699949-0.5146387992650521j),(0.6133665545262353-0.9430870019730587j),(-0.1290114473239766+0.2820074674846208j),(0.3531699989677362+0.1464407352233858j)
"(1.6666666666666667, 2.428571428571429)","(1.6666666666666667, 2.428571428571429)",(1.1423458952001662+0.3058112929559113j),(0.9455090482065297-0.03492036157357903j),(-0.16589147373204227+0.08700456856767935j),(0.3627283207256786+0.253727085961811j)
"(1.7090909090909092, 2.428571428571429)","(1.7090909090909092, 2.428571428571429)",(0.6391324856611278+0.9497987512632099j),(0.3690364041773569+0.5300856109848717j),(-0.058047554285254765+0.03695205531143423j),(0.3281436357690257+0.382761084966904j)
"(1.7515151515151517, 2.428571428571429)","(1.7515151515151517, 2.428571428571429)",(0.015420480733951858+0.8882880437258137j),(-0.16133945354494394+0.23526636245423443j),(-0.05930580839025472+0.1399546775260812j),(0.23606574266915054+0.5130670037454981j)
"(1.7939393939393942, 2.428571428571429)","(1.7939393939393942, 2.428571428571429)",(-0.09724845693022582+0.578914643177317j),(0.0633383879324519-0.18453239966918444j),(-0.2435321405426011+0.14610652336036425j),(0.08294529567992337+0.6173405194861372j)
"(1.8363636363636366, 2.428571428571429)","(1.8363636363636366, 2.428571428571429)",(0.0233779309779083+0.6712736663778534j),(0.5164325952807788+0.09973978836904124j),(-0.3714574174463747-0.09468916417261246j),(-0.12159724685649576+0.6662230421814246j)
"(1.8787878787878791, 2.428571428571429)","(1.8787878787878791, 2.428571428571429)",(-0.2886070164757425+1.0134854446633157j),(0.26669142187984185+0.7625067689644456j),(-0.20151857761051886-0.3837752941781683j),(-0.35377986074506546+0.6347539698770384j)
"(1.9212121212121216, 2.428571428571429)","(1.9212121212121216, 2.428571428571429)",(-1.0221185882885981+0.8921288376223507j),(-0.6031178235125462+0.78062314407585j),(0.1589013102082223-0.39777972490343105j),(-0.5779020749842743+0.5092854184499318j)
"(1.9636363636363636, 2.428571428571429)","(1.9636363636363636, 2.428571428571429)",(-1.4416166354224138+0.10615489248364388j),(-1.0423593598253882-0.075615810368003j),(0.3527836340189216-0.11142062205775244j),(-0.7520409096159473+0.2931913249093993j)
"(2.006060606060606, 2.428571428571429)","(2.006060606060606, 2.428571428571429)",(-1.0959514466241564-0.6980378303315042j),(-0.4789422576670178-0.8598961745500078j),(0.21952160652813635+0.15226123315491866j),(-0.836530795485275+0.009597111063584884j)
"(2.0484848484848484, 2.428571428571429)","(2.0484848484848484, 2.428571428571429)",(-0.4153302625238211-0.885076635194602j),(0.3916847200063369-0.7191085479392793j),(-0.003396335227288342+0.13429527398330324j),(-0.8036186473028697-0.300263361238626j)
"(2.090909090909091, 2.428571428571429)","(2.090909090909091, 2.428571428571429)",(-0.07841962348959453-0.6251084155821561j),(0.5750949776980944-0.012582525093631745j),(-0.007547657660705479-0.028963766034281642j),(-0.6459669435269834-0.5835621244542427j)
"(2.1333333333333333, 2.428571428571429)","(2.1333333333333333, 2.428571428571429)",(-0.1116450993106271-0.5247820643199932j),(0.10692106454838025+0.2730429180965037j),(0.16290495139927588-0.011340348318951431j),(-0.38147111525828326-0.7864846340975455j)
"(2.175757575757576, 2.428571428571429)","(2.175757575757576, 2.428571428571429)",(-0.0011109963703850659-0.7085689729132725j),(-0.12324887589147689-0.071527754270846j),(0.17451010644464476+0.2297533005471014j),(-0.05237222692355294-0.8667945191895279j)
"(2.2181818181818183, 2.428571428571429)","(2.2181818181818183, 2.428571428571429)",(0.4310198624025443-0.707737089867936j),(0.26399382572012275-0.26725954313742095j),(-0.11506411679936329+0.36472203838115824j),(0.28209015348178484-0.8051995851116733j)
"(2.2606060606060607, 2.428571428571429)","(2.2606060606060607, 2.428571428571429)",(0.7261734601099603-0.26338540338658123j),(0.5828466115790316+0.2151115516677116j),(-0.4151221362313449+0.13360915159602824j),(0.5584489847622736-0.6121061066503211j)
"(2.303030303030303, 2.428571428571429)","(2.303030303030303, 2.428571428571429)",(0.4980097713072288+0.20176262888193042j),(0.12825581192021446+0.7988462314425975j),(-0.35456652982991194-0.26995113027549084j),(0.7243204892169263-0.32713247228517617j)
"(2.3454545454545452, 2.428571428571429)","(2.3454545454545452, 2.428571428571429)",(0.06658266170085636+0.16610890892080885j),(-0.709382159028559+0.5881448173816177j),(0.023880965423113704-0.41147465353758633j),(0.7520838553063016-0.010561254923222543j)
"(2.3878787878787877, 2.428571428571429)","(2.3878787878787877, 2.428571428571429)",(0.048251722029287736-0.21406136136509052j),(-0.8970097456814996-0.32037884936106115j),(0.29864781183442946-0.16533487475922168j),(0.6466136558763579+0.2716523627551923j)
"(2.43030303030303, 2.428571428571429)","(2.43030303030303, 2.428571428571429)",(0.48193981129936625-0.2927977222744659j),(-0.1673158114952032-0.8889308270417235j),(0.20520505186820512+0.13077780419729415j),(0.4440505709263643+0.46535530056996355j)
"(2.4727272727272727, 2.428571428571429)","(2.4727272727272727, 2.428571428571429)",(0.7639832488039336+0.16673995727863222j),(0.6020562032820083-0.5067755451640056j),(-0.03925574863614094+0.1306964636979843j),(0.20118279415806628+0.5428190387446535j)
"(2.515151515151515, 2.428571428571429)","(2.515151515151515, 2.428571428571429)",(0.4873192639736014+0.6753429517669445j),(0.5687601157542288+0.233749599171649j),(-0.059628733136439405-0.06788367006636298j),(-0.02181211864418802+0.5094770226616584j)
"(2.5575757575757576, 2.428571428571429)","(2.5575757575757576, 2.428571428571429)",(-0.027650335696685818+0.7208739947328062j),(0.0033692420989397884+0.4098346254181912j),(0.1488149296350657-0.08890412192497117j),(-0.17983450743069132+0.3999434912395861j)
"(2.6, 2.428571428571429)","(2.6, 2.428571428571429)",(-0.25061589631328907+0.44973778938326037j),(-0.21262262847954544+0.018121500223696012j),(0.21806662732427176+0.16752792112458575j),(-0.2560598951580154+0.2640883680349786j)
"(2.6424242424242426, 2.428571428571429)","(2.6424242424242426, 2.428571428571429)",(-0.20579209068342114+0.3497415619556972j),(0.11641814117401336-0.1528340353500186j),(-0.05751816273018053+0.3547844486994233j),(-0.26469206912725396+0.1477911486062925j)
"(2.684848484848485, 2.428571428571429)","(2.684848484848485, 2.428571428571429)",(-0.3445964095684787+0.4535281422413998j),(0.28624852290397595+0.22900465275195475j),(-0.3891897496602718+0.14895820956473588j),(-0.24165518281218282+0.07556527992470917j)
"(2.727272727272727, 2.428571428571429)","(2.727272727272727, 2.428571428571429)",(-0.7432992518209616+0.28995153384215944j),(-0.17048819129845244+0.5232960621359446j),(-0.34646948802688765-0.2755804512585161j),(-0.22634157249562148+0.042235922964730964j)
"(2.7696969696969695, 2.428571428571429)","(2.7696969696969695, 2.428571428571429)",(-0.8752088391488374-0.32252142678078494j),(-0.6959828194324791+0.09182137794475491j),(0.06240814339331309-0.43215965081986074j),(-0.24163416310967142+0.017816846094320875j)
"(2.812121212121212, 2.428571428571429)","(2.812121212121212, 2.428571428571429)",(-0.36652740565679554-0.8464913814186037j),(-0.4591397878760517-0.6659723263930694j),(0.37360924994586464-0.14497725112755783j),(-0.2809968677266085-0.03554180389797641j)
"(2.8545454545454545, 2.428571428571429)","(2.8545454545454545, 2.428571428571429)",(0.3524200484837815-0.6828706617409094j),(0.4055214120925026-0.7650221720312721j),(0.2562304127262975+0.22337056325212365j),(-0.3093317763350186-0.14121905296176096j)
"(2.896969696969697, 2.428571428571429)","(2.896969696969697, 2.428571428571429)",(0.5169544599436493-0.03182121014462225j),(0.8721670819087997+0.007968474707293597j),(-0.07636482141729463+0.2506631761715429j),(-0.27884780054785574-0.29045286102345874j)
"(2.9393939393939394, 2.428571428571429)","(2.9393939393939394, 2.428571428571429)",(0.03485492055568143+0.300735623699353j),(0.3698437356666593+0.7440332613097186j),(-0.18068501973045598-0.004673295071221384j),(-0.15430379538052189-0.4386243425391442j)
"(2.981818181818182, 2.428571428571429)","(2.981818181818182, 2.428571428571429)",(-0.37700693990699863-0.05375904579875623j),(-0.45500900935509403+0.5935108062189247j),(0.014662863543562506-0.1277366557594515j),(0.06333920590453293-0.5195331962582295j)
"(3.0242424242424244, 2.428571428571429)","(3.0242424242424244, 2.428571428571429)",(-0.14448823858930954-0.5634553831413379j),(-0.615772747259878-0.14120291353278594j),(0.14449598849844053+0.05141804143387039j),(0.3267885201721279-0.47367051104242236j)
"(3.066666666666667, 2.428571428571429)","(3.066666666666667, 2.428571428571429)",(0.4359781707477767-0.545971507677443j),(-0.07476099681778665-0.48857854946573154j),(-0.04238636679685567+0.22168181811517618j),(0.5531255343624191-0.27907477632688754j)
"(3.109090909090909, 2.428571428571429)","(3.109090909090909, 2.428571428571429)",(0.6789717941976394-0.06149460460891317j),(0.32302123605645316-0.1426362497805908j),(-0.29779256511249336+0.05140620522912416j),(0.6537431232536797+0.029735439942553475j)
"(3.1515151515151514, 2.428571428571429)","(3.1515151515151514, 2.428571428571429)",(0.46231253053049626+0.2886556160877377j),(0.09915096828412906+0.22439418962725655j),(-0.20919229742088805-0.301513438291427j),(0.5723538596672553+0.3657748647519082j)
"(3.193939393939394, 2.428571428571429)","(3.193939393939394, 2.428571428571429)",(0.27378935288150796+0.29173807514086236j),(-0.2384009909585463+0.03667288647337866j),(0.19785659380375908-0.3630943855459651j),(0.3143337500362952+0.6181595742134488j)
"(3.2363636363636363, 2.428571428571429)","(3.2363636363636363, 2.428571428571429)",(0.3436832345852203+0.37130334354037836j),(-0.047444701615837435-0.33397770081559885j),(0.43864603423689946+0.010033748385122348j),(-0.0475180980358417+0.6952472959708549j)
"(3.278787878787879, 2.428571428571429)","(3.278787878787879, 2.428571428571429)",(0.2241226615204136+0.7872664316846252j),(0.4266997261609803-0.1739437758701967j),(0.19373579523317294+0.3971263206330445j),(-0.39631285987373965+0.5640838869217774j)
"(3.3212121212121213, 2.428571428571429)","(3.3212121212121213, 2.428571428571429)",(-0.4821739073827071+1.032129896725189j),(0.38883049068208075+0.4265723249398847j),(-0.25533586115142787+0.3379897185111523j),(-0.61566853691336+0.2675678532741522j)
"(3.3636363636363638, 2.428571428571429)","(3.3636363636363638, 2.428571428571429)",(-1.3003884200783267+0.4466435907042692j),(-0.28454497969780557+0.6107555397403976j),(-0.379113356592402-0.0737245735298061j),(-0.636730083788119-0.09038737550632239j)
"(3.4060606060606062, 2.428571428571429)","(3.4060606060606062, 2.428571428571429)",(-1.2884648459030685-0.7270195170164488j),(-0.7447082769100255-0.016026904111801275j),(-0.0777306274956479-0.3242305076334571j),(-0.4660259414973951-0.3867621052711904j)
"(3.4484848484848487, 2.428571428571429)","(3.4484848484848487, 2.428571428571429)",(-0.26576045495303313-1.4111184190370927j),(-0.3069744796676137-0.7257735212397255j),(0.22166595972345668-0.1553790510136538j),(-0.18045193500887607-0.5299658467837134j)
"(3.4909090909090907, 2.428571428571429)","(3.4909090909090907, 2.428571428571429)",(0.8153875295782682-0.9527499699158911j),(0.5463152555356524-0.5882788869081879j),(0.16023190415807784+0.13089839735271372j),(0.10884036988453798-0.49536948036041695j)
"(3.533333333333333, 2.428571428571429)","(3.533333333333333, 2.428571428571429)",(0.9640526241720684+0.05846265792379762j),(0.7477310079200096+0.25645341111449277j),(-0.08994880480266389+0.13088556180355154j),(0.3062704210547227-0.3288763149942467j)
"(3.5757575757575757, 2.428571428571429)","(3.5757575757575757, 2.428571428571429)",(0.31279765446511326+0.5360410514193601j),(0.059451821119362855+0.7511525715649758j),(-0.11730589830881216-0.0975887473786238j),(0.37065173165456256-0.11752277276699198j)
"(3.618181818181818, 2.428571428571429)","(3.618181818181818, 2.428571428571429)",(-0.1765791866397684+0.2234044150332946j),(-0.6186962537962462+0.31775178283843225j),(0.11824949054811541-0.15103594079722252j),(0.32386757660836235+0.056688572992084865j)
"(3.6606060606060606, 2.428571428571429)","(3.6606060606060606, 2.428571428571429)",(-0.01199197413070538-0.15114059690209147j),(-0.4661994196466792-0.410739969997518j),(0.22766701552878504+0.10504510029911356j),(0.2265404299871888+0.15455427279631295j)
"(3.703030303030303, 2.428571428571429)","(3.703030303030303, 2.428571428571429)",(0.30851763114607694-5.720591099012129e-05j),(0.199802881417625-0.49849654100194674j),(-0.027541373606271503+0.3096512659424099j),(0.13625612333472345+0.18878806914854673j)
"(3.7454545454545456, 2.428571428571429)","(3.7454545454545456, 2.428571428571429)",(0.17623668879058627+0.3528379574685132j),(0.44893893840203036+0.04150386501731855j),(-0.3465640510865544+0.11026781989665839j),(0.07386180147511032+0.2010662725545363j)
"(3.787878787878788, 2.428571428571429)","(3.787878787878788, 2.428571428571429)",(-0.20805198526462224+0.2933689392502299j),(0.0437705200034995+0.3718743689738046j),(-0.27019887514601587-0.3015143068892883j),(0.01837636987789413+0.22300887716571363j)
"(3.83030303030303, 2.428571428571429)","(3.83030303030303, 2.428571428571429)",(-0.21257029213110126-0.07708649519488814j),(-0.3160833704088307+0.07262036756531143j),(0.17032951787882777-0.39715735699109667j),(-0.06681643960109832+0.2474504942308971j)
"(3.872727272727273, 2.428571428571429)","(3.872727272727273, 2.428571428571429)",(0.16462545052508323-0.08969222688209469j),(-0.08522637030496893-0.30485862532183244j),(0.44419012144959447-0.01531829914534208j),(-0.1943383006195423+0.2304846975850798j)
"(3.915151515151515, 2.428571428571429)","(3.915151515151515, 2.428571428571429)",(0.20248626108573425+0.3943008219318894j),(0.3289521399265404-0.12392347148536677j),(0.20140534299201585+0.39310358890074953j),(-0.32787122183282197+0.12512070451650667j)
"(3.957575757575758, 2.428571428571429)","(3.957575757575758, 2.428571428571429)",(-0.4408114576895321+0.6136776616720635j),(0.21309879417427452+0.35369835257271665j),(-0.26145853341412406+0.3344787744220148j),(-0.3924517184496826-0.07449946532266791j)
"(4.0, 2.428571428571429)","(4.0, 2.428571428571429)",(-1.0375036620356934-0.05487797800281019j),(-0.3360493126207089+0.3481307411425394j),(-0.38309882042098387-0.09369663233795887j),(-0.31835552899400055-0.3093120868073907j)
"(-0.2, 2.7142857142857135)","(-0.2, 2.7142857142857135)",(2.1930130598911886+0.9595524216778604j),(1.7944650593065534+1.0990733542379796j),(-0.012850070676499228+0.8065913646431714j),(0.4113980712611345-0.9461122972032905j)
"(-0.1575757575757576, 2.7142857142857135)","(-0.1575757575757576, 2.7142857142857135)",(3.662113424930284-1.4715011342505115j),(3.1435666433829126-1.3644174100689148j),(0.13536269517718827+0.8541077116071262j),(0.383184086370183-0.961191435788723j)
"(-0.11515151515151516, 2.7142857142857135)","(-0.11515151515151516, 2.7142857142857135)",(2.294917294693802-3.7942143473592167j),(1.6715417549477294-3.6843372398763754j),(0.2616412757066453+0.8621630564510208j),(0.3617342640394273-0.9720401639338622j)
"(0.1393939393939394, 2.7142857142857135)","(0.1393939393939394, 2.7142857142857135)",(3.423649667708064-2.5458615403205296j),(2.8081463877343915-2.398540992032003j),(0.2286666226188759+0.8176331469834067j),(0.38683665735479644-0.9649536952719334j)
"(0.18181818181818182, 2.7142857142857135)","(0.18181818181818182, 2.7142857142857135)",(3.1901122946122973+0.3484219590684563j),(2.6663062318769324+0.5026896632288609j),(0.10738573998501191+0.7965386474379655j),(0.41642032275035307-0.95080635159837j)
"(0.22424242424242424, 2.7142857142857135)","(0.22424242424242424, 2.7142857142857135)",(0.5876383077222825+1.294635745151402j),(0.16146470321827663+1.482509056977933j),(-0.026342107818945137+0.743764789494938j),(0.452515712322951-0.9316381013214691j)
"(0.26666666666666666, 2.7142857142857135)","(0.26666666666666666, 2.7142857142857135)",(-0.9982383687310881-0.6359590839809424j),(-1.339939496614699-0.3802732735705318j),(-0.15280690803866598+0.6509305688897358j),(0.4945080359222768-0.9066163793001463j)
"(0.30909090909090914, 2.7142857142857135)","(0.30909090909090914, 2.7142857142857135)",(0.34358622530673877-2.525329455242284j),(0.05004038286786802-2.170518010081352j),(-0.24802972552834596+0.5199991994738649j),(0.5415755679672167-0.8748106446347966j)
"(0.3515151515151515, 2.7142857142857135)","(0.3515151515151515, 2.7142857142857135)",(2.465987632416988-1.7342493629957265j),(2.1632049347530278-1.2658035701234605j),(-0.2898725568800625+0.36679214517064407j),(0.5926552545440226-0.83523793804291j)
"(0.393939393939394, 2.7142857142857135)","(0.393939393939394, 2.7142857142857135)",(2.3066649463962787+0.4771554300674671j),(1.9268571051545207+1.0439569281301335j),(-0.2666027005435304+0.2201203519831262j),(0.6464105417852885-0.7869218500457927j)
"(0.43636363636363634, 2.7142857142857135)","(0.43636363636363634, 2.7142857142857135)",(0.22489248435044884+0.8780513715483096j),(-0.2915350372024947+1.4919760809782208j),(-0.18477844653756267+0.11504134210780091j),(0.7012059680905062-0.7289660515377121j)
"(0.4787878787878788, 2.7142857142857135)","(0.4787878787878788, 2.7142857142857135)",(-0.5859653623053878-1.0604056385447431j),(-1.2685723270858482-0.48080618508730255j),(-0.07248708657908304+0.081043122502715j),(0.7550940513595434-0.6606425759601555j)
"(0.5212121212121212, 2.7142857142857135)","(0.5212121212121212, 2.7142857142857135)",(1.2759966991258231-2.3879220873711575j),(0.4449736904884724-1.9349159051420406j),(0.02520215239652341+0.12848738114108632j),(0.8058208562408273-0.5814935633702031j)
"(0.5636363636363637, 2.7142857142857135)","(0.5636363636363637, 2.7142857142857135)",(3.3460381559082446-0.8809164080977634j),(2.435684958029808-0.6278752074205156j),(0.05949604299271218+0.23840193882143013j),(0.8508571548857241-0.49144313949867785j)
"(0.6060606060606062, 2.7142857142857135)","(0.6060606060606062, 2.7142857142857135)",(2.7255938705033977+1.7435220832102551j),(1.8404125627429817+1.773079139138006j),(-0.00228074549580196+0.3613564698759847j),(0.8874620532562181-0.39091352580373545j)
"(0.6484848484848484, 2.7142857142857135)","(0.6484848484848484, 2.7142857142857135)",(0.1745655643094043+2.178073547751728j),(-0.5818719803372784+2.0286697984614825j),(-0.15634751324034019+0.4303402192422322j),(0.9127850578870228-0.2809364699519866j)
"(0.6909090909090909, 2.7142857142857135)","(0.6909090909090909, 2.7142857142857135)",(-0.9314887497376472+0.14132887854488319j),(-1.503200633864942-0.08398229864371537j),(-0.3522986223503741+0.388559063372799j),(0.9240105064776689-0.16324788618420044j)
"(0.7333333333333334, 2.7142857142857135)","(0.7333333333333334, 2.7142857142857135)",(0.6745200686341579-1.2533970763407083j),(0.26153212289781325-1.4368663908132628j),(-0.5055568699404821+0.22381990677347563j),(0.9185448156768268-0.04035059230092108j)
"(0.7757575757575759, 2.7142857142857135)","(0.7757575757575759, 2.7142857142857135)",(2.4041927289509144+0.09750471584948783j),(2.0471697023216406+0.023727582066720924j),(-0.5372189234400211-0.010695081482004817j),(0.894241950069295+0.08447221526477172j)
"(0.8181818181818183, 2.7142857142857135)","(0.8181818181818183, 2.7142857142857135)",(1.507448073671915+2.324351786492071j),(1.0838473928623384+2.329923618381752j),(-0.42605523731097794-0.2127827077879382j),(0.8496559181205545+0.20721087589825732j)
"(0.8606060606060608, 2.7142857142857135)","(0.8606060606060608, 2.7142857142857135)",(-1.011995632338+2.2479138808439205j),(-1.5599891874037344+2.2146565955732953j),(-0.23630772008106235-0.2900098773963998j),(0.7843012751467967+0.3232671626670251j)
"(0.9030303030303031, 2.7142857142857135)","(0.9030303030303031, 2.7142857142857135)",(-1.8024220233164518-0.09197716801795763j),(-2.4145721924163066-0.29030514317458944j),(-0.08674409970116223-0.22936011449081362j),(0.698894268801017+0.4276880896474454j)
"(0.9454545454545455, 2.7142857142857135)","(0.9454545454545455, 2.7142857142857135)",(0.0798014967016133-1.4594450597675808j),(-0.4498995650984724-1.8550483979239023j),(-0.06583850066415164-0.1198957424915423j),(0.5955395624642373+0.5154990806478639j)
"(0.987878787878788, 2.7142857142857135)","(0.987878787878788, 2.7142857142857135)",(1.7956413074825757-0.00021106904647039126j),(1.4708553966701403-0.4905405605151265j),(-0.1530361302269071-0.09179788904615867j),(0.4778220410393424+0.5821273805148148j)
"(1.0303030303030305, 2.7142857142857135)","(1.0303030303030305, 2.7142857142857135)",(0.723978774292572+2.0837056713482234j),(0.5956245248171712+1.6648452365676076j),(-0.22240778552675755-0.2050298430216259j),(0.3507620350021583+0.6238902778022417j)
"(1.0727272727272728, 2.7142857142857135)","(1.0727272727272728, 2.7142857142857135)",(-1.7703950476387522+1.5938301253757376j),(-1.8448260453349608+1.3380513028386025j),(-0.14616652673504635-0.3827250957112948j),(0.22059752443125472+0.63850391824843j)
"(1.1151515151515152, 2.7142857142857135)","(1.1151515151515152, 2.7142857142857135)",(-2.1550793598198097-1.112512644479832j),(-2.3316159899744258-1.272942111728979j),(0.08216624225910611-0.4651201302106009j),(0.09437038789550982+0.625549597459748j)
"(1.1575757575757577, 2.7142857142857135)","(1.1575757575757577, 2.7142857142857135)",(0.33191679947000363-2.4920482807369027j),(0.027616875669502647-2.725951564134013j),(0.32498329251715113-0.35291568010763064j),(-0.02068336871665015+0.586818963504741j)
"(1.2000000000000002, 2.7142857142857135)","(1.2000000000000002, 2.7142857142857135)",(2.5246722266299124-0.6768156511203587j),(2.2248955352911817-1.0947125738760533j),(0.41768427496495414-0.1085551061914934j),(-0.11790758362622342+0.5264520289471879j)
"(1.2424242424242427, 2.7142857142857135)","(1.2424242424242427, 2.7142857142857135)",(1.6325591075909935+1.917866919572769j),(1.5010356187776561+1.3724881135826772j),(0.3236173224489902+0.09459161135985762j),(-0.1920938336356528+0.4507871946302339j)
"(1.284848484848485, 2.7142857142857135)","(1.284848484848485, 2.7142857142857135)",(-0.9396117784883439+1.8999012060861566j),(-0.8684297144042326+1.3937770022753124j),(0.16915088471314382+0.1382591937145243j),(-0.2403329487972551+0.36786501009631983j)
"(1.3272727272727274, 2.7142857142857135)","(1.3272727272727274, 2.7142857142857135)",(-1.565745126620779-0.4410904574675189j),(-1.4148913288310154-0.8017358362928971j),(0.11185209652692342+0.07407567323328565j),(-0.2627058943166868+0.28656970559209255j)
"(1.3696969696969699, 2.7142857142857135)","(1.3696969696969699, 2.7142857142857135)",(0.5641615462750994-1.5826333702687363j),(0.6533998154399563-1.8581296665594333j),(0.1734133463220733+0.06004242309003088j),(-0.26265161548693017+0.21545387320066606j)
"(1.4121212121212123, 2.7142857142857135)","(1.4121212121212123, 2.7142857142857135)",(2.329873655421989+0.3044481979520579j),(2.3573818318897617-0.036514739014043854j),(0.21934932749501068+0.1795963764726234j),(-0.2468575039627835+0.16136656049347836j)
"(1.4545454545454546, 2.7142857142857135)","(1.4545454545454546, 2.7142857142857135)",(1.0215022790925532+2.7911671007451675j),(1.1315151571559166+2.322030400060687j),(0.11454837405155617+0.34105432981359696j),(-0.22456125211491962+0.12808237087088323j)
"(1.496969696969697, 2.7142857142857135)","(1.496969696969697, 2.7142857142857135)",(-1.8963636138761413+2.5259608574633785j),(-1.5744836238936422+2.035765768603768j),(-0.11564471006066133+0.3750026607337172j),(-0.20623527992183788+0.11519242812589355j)
"(1.5393939393939395, 2.7142857142857135)","(1.5393939393939395, 2.7142857142857135)",(-2.79156906673717-0.17587621762726882j),(-2.2859882669862417-0.5175038901628098j),(-0.30383767131788597+0.22408057142787335j),(-0.20174312843304223+0.11754710110766767j)
"(1.581818181818182, 2.7142857142857135)","(1.581818181818182, 2.7142857142857135)",(-0.8161954624414447-1.8246978242968424j),(-0.27686806221867766-1.9580132334099027j),(-0.32113010088801847+0.0078003750363243715j),(-0.21819729933474857+0.12551503407673598j)
"(1.6242424242424245, 2.7142857142857135)","(1.6242424242424245, 2.7142857142857135)",(1.0520100007329942-0.5750927577491132j),(1.5210808444582498-0.5877000859864522j),(-0.2111861230167592-0.11362117699819853j),(-0.25788472070849616+0.12622850523553755j)
"(1.6666666666666667, 2.7142857142857135)","(1.6666666666666667, 2.7142857142857135)",(0.23354435509644955+1.3425228745722975j),(0.6717045872025404+1.3514269229769713j),(-0.12143565573177102-0.11472247545873608j),(-0.31672457637431983+0.1058184270540623j)
"(1.7090909090909092, 2.7142857142857135)","(1.7090909090909092, 2.7142857142857135)",(-1.9034027302563041+0.877058847928286j),(-1.4012282417849056+0.9344593674485061j),(-0.11842963394587853-0.10981863625702712j),(-0.38374485452551993+0.05241811673680707j)
"(1.7515151515151517, 2.7142857142857135)","(1.7515151515151517, 2.7142857142857135)",(-2.06682632381377-1.5291932121567542j),(-1.5088261757252794-1.3021175571974637j),(-0.11602518406865625-0.1865448500396441j),(-0.4419749640198343-0.04053080491964656j)
"(1.7939393939393942, 2.7142857142857135)","(1.7939393939393942, 2.7142857142857135)",(0.2765772549639121-2.5831428792144346j),(0.7518763742057906-2.1310959191717678j),(-0.004363825190163978-0.2806983449091044j),(-0.47093529405171447-0.1713486151335622j)
"(1.8363636363636366, 2.7142857142857135)","(1.8363636363636366, 2.7142857142857135)",(2.1223929421788115-0.7749722488448836j),(2.3860021015802646-0.19255214688364947j),(0.18696333269905202-0.2540684186957034j),(-0.45057249210050515-0.32835168326553077j)
"(1.8787878787878791, 2.7142857142857135)","(1.8787878787878791, 2.7142857142857135)",(1.0953428301541916+1.4971326716558988j),(1.1564658693388756+2.0647542783059007j),(0.3049671439766568-0.07764001542582624j),(-0.36609018316134084-0.48998159122417567j)
"(1.9212121212121216, 2.7142857142857135)","(1.9212121212121216, 2.7142857142857135)",(-1.2822239077787363+1.2379860506649738j),(-1.3230965048689345+1.7482069604761672j),(0.2536171350792587+0.11707444772778612j),(-0.21274453798906046-0.6272953575389796j)
"(1.9636363636363636, 2.7142857142857135)","(1.9636363636363636, 2.7142857142857135)",(-1.7344379640104204-1.0553495878143087j),(-1.8431761866894192-0.5362072232580254j),(0.10816198927245396+0.1896719911773223j),(0.0005762334065449789-0.7088143557336056j)
"(2.006060606060606, 2.7142857142857135)","(2.006060606060606, 2.7142857142857135)",(0.26898555432415316-2.184790117350659j),(0.004766357055348343-1.6295936474318955j),(0.014041926816458513+0.15192578417677202j),(0.25017727045234633-0.7071222540955355j)
"(2.0484848484848484, 2.7142857142857135)","(2.0484848484848484, 2.7142857142857135)",(1.9160941514328127-0.7185131129589516j),(1.4141766133761178-0.24087244342887268j),(0.002255106293114228+0.12834465632621578j),(0.4996624317635806-0.6059853258562947j)
"(2.090909090909091, 2.7142857142857135)","(2.090909090909091, 2.7142857142857135)",(1.0772677808942512+1.1330579121519557j),(0.4046382404307868+1.3695966501448207j),(-0.03292125552540606+0.16977845817132028j),(0.7055507959888705-0.40631719616418505j)
"(2.1333333333333333, 2.7142857142857135)","(2.1333333333333333, 2.7142857142857135)",(-0.7568093153869709+0.7628653380128853j),(-1.420843470109781+0.717714938939878j),(-0.16171692566847237+0.17435718945516931j),(0.8257510803912823-0.12920679038216207j)
"(2.175757575757576, 2.7142857142857135)","(2.175757575757576, 2.7142857142857135)",(-0.6957276505992607-1.1167011544901528j),(-1.2378283575669708-1.3347107282824207j),(-0.2872087664755844+0.0326148247750026j),(0.8293094734432946+0.18539474901726524j)
"(2.2181818181818183, 2.7142857142857135)","(2.2181818181818183, 2.7142857142857135)",(1.3775499811545207-1.508097314234858j),(0.9199011673670875-1.8003878790759034j),(-0.24748799883173486-0.1925628252727252j),(0.705136812619168+0.4848533901137705j)
"(2.2606060606060607, 2.7142857142857135)","(2.2606060606060607, 2.7142857142857135)",(2.5721767820655157+0.5898744198707042j),(2.1374444444520577+0.18072286477245664j),(-0.0324797297273363-0.3050232941360921j),(0.46721206734079407+0.7141748492343397j)
"(2.303030303030303, 2.7142857142857135)","(2.303030303030303, 2.7142857142857135)",(1.0061017179730278+2.6852510593845142j),(0.6772491731707994+2.06162580491156j),(0.17460416948313634-0.20479742417477353j),(0.15424837531909216+0.8284226786477279j)
"(2.3454545454545452, 2.7142857142857135)","(2.3454545454545452, 2.7142857142857135)",(-1.5553117763247402+2.1658162121647595j),(-1.5832371859829653+1.3760225080795607j),(0.20490724663355026-0.014389736132664461j),(-0.176981836975325+0.8041834402178633j)
"(2.3878787878787877, 2.7142857142857135)","(2.3878787878787877, 2.7142857142857135)",(-2.090987943314099-0.17222460028970588j),(-1.7281698939763073-0.8921822416572176j),(0.10093053093254811+0.07320022631562308j),(-0.46374858027034005+0.6467574150518887j)
"(2.43030303030303, 2.7142857142857135)","(2.43030303030303, 2.7142857142857135)",(-0.37647369259283076-1.3017384043431077j),(0.23355821059082507-1.726513754440438j),(0.04216672814882054+0.03430612942798354j),(-0.6521986313324764+0.39046922066934686j)
"(2.4727272727272727, 2.7142857142857135)","(2.4727272727272727, 2.7142857142857135)",(0.8977302964701287-0.11642082289702914j),(1.5154696971987804-0.2317690428915271j),(0.09322767889999707+0.024165278185173066j),(-0.7109670796286488+0.09118294180932492j)
"(2.515151515151515, 2.7142857142857135)","(2.515151515151515, 2.7142857142857135)",(-0.029781455845125482+1.229550906115772j),(0.49524069828834033+1.2787969722329184j),(0.11439006065555071+0.13834680142153585j),(-0.6394122147890166-0.18759286753868243j)
"(2.5575757575757576, 2.7142857142857135)","(2.5575757575757576, 2.7142857142857135)",(-1.6239627242520496+0.5263276922514547j),(-1.1234871974192224+0.6676722963021166j),(-0.032999378453283955+0.2500414986392637j),(-0.4674761483795431-0.3913861026899256j)
"(2.6, 2.7142857142857135)","(2.6, 2.7142857142857135)",(-1.3844507913865178-1.3564271683395517j),(-0.880367633007863-1.0291526247293385j),(-0.257535841533571+0.16195996360531376j),(-0.24654731684508388-0.48923450721552697j)
"(2.6424242424242426, 2.7142857142857135)","(2.6424242424242426, 2.7142857142857135)",(0.5378865570212864-1.780950138065424j),(0.882992204290356-1.18841119624556j),(-0.311438174439673-0.11141457663292059j),(-0.033667472829396486-0.4811243651869435j)
"(2.684848484848485, 2.7142857142857135)","(2.684848484848485, 2.7142857142857135)",(1.5594123350606528-0.14230533290559144j),(1.5324763666957057+0.5679455671510801j),(-0.09906851150773789-0.3147555097286849j),(0.126004479872685-0.3954953903279867j)
"(2.727272727272727, 2.7142857142857135)","(2.727272727272727, 2.7142857142857135)",(0.3447384022805693+1.2524278072902097j),(-0.0463265045728991+1.7738167493923278j),(0.17863095909607427-0.24419808777385632j),(0.21243394775739416-0.2771908543282616j)
"(2.7696969696969695, 2.7142857142857135)","(2.7696969696969695, 2.7142857142857135)",(-1.2882053835884903+0.4410082034407548j),(-1.77422869388083+0.6078657154987915j),(0.25139241955363967+0.002967517537017254j),(0.23463089073869992-0.16982502959505402j)
"(2.812121212121212, 2.7142857142857135)","(2.812121212121212, 2.7142857142857135)",(-0.9164651435690018-1.420463894974512j),(-1.2401991686175107-1.4722734026172408j),(0.10039646335727766+0.15088232752951933j),(0.22333756169123128-0.09907281988679047j)
"(2.8545454545454545, 2.7142857142857135)","(2.8545454545454545, 2.7142857142857135)",(1.0888847485465787-1.6622270106900328j),(0.9158042007881451-1.687414763975054j),(-0.04179978438641782+0.08883452941017198j),(0.21488033214485158-0.06364677612515068j)
"(2.896969696969697, 2.7142857142857135)","(2.896969696969697, 2.7142857142857135)",(2.0698074270296263+0.18849250067091752j),(1.8485372630585886+0.2389809108472536j),(-0.011216997187093587-0.012265262435467026j),(0.2324871611581313-0.03822314774086904j)
"(2.9393939393939394, 2.7142857142857135)","(2.9393939393939394, 2.7142857142857135)",(0.7474777818131206+1.7707544205315775j),(0.3984480531273351+1.720651311771038j),(0.07588870738546498+0.03801833817602969j),(0.27314102130032053+0.01208477058450972j)
"(2.981818181818182, 2.7142857142857135)","(2.981818181818182, 2.7142857142857135)",(-1.073348703493068+1.155050645786025j),(-1.3868771718084225+0.8758802688972414j),(0.006986179996400446+0.16790878335293724j),(0.3065422883189542+0.11126159353584625j)
"(3.0242424242424244, 2.7142857142857135)","(3.0242424242424244, 2.7142857142857135)",(-1.0593736791795654-0.5779063033223351j),(-1.1500068536200396-0.9688664348380117j),(-0.19747063582680718+0.13603564990952285j),(0.2881038102672815+0.2549244816061537j)
"(3.066666666666667, 2.7142857142857135)","(3.066666666666667, 2.7142857142857135)",(0.4803453146967738-0.9626676304198802j),(0.5709366159866182-1.2529977863789612j),(-0.2722613485163324-0.11438884651429541j),(0.18167004722648797+0.4047190024733765j)
"(3.109090909090909, 2.7142857142857135)","(3.109090909090909, 2.7142857142857135)",(1.1841098218313872+0.4150986174070992j),(1.2579926918602613+0.24256076490070608j),(-0.05631555626096243-0.32665424645867286j),(-0.017567313767911437+0.49919209896506594j)
"(3.1515151515151514, 2.7142857142857135)","(3.1515151515151514, 2.7142857142857135)",(0.013016704418562286+1.4794862535475763j),(0.026758210240862924+1.2330008224187192j),(0.25734047316095277-0.23218516768621925j),(-0.2710819789832534+0.47867059881507623j)
"(3.193939393939394, 2.7142857142857135)","(3.193939393939394, 2.7142857142857135)",(-1.3827938479875663+0.6923031815774325j),(-1.2062294710238375+0.2831660967444032j),(0.32711460460114494+0.09453444903308109j),(-0.5036789815648737+0.31460263579994835j)
"(3.2363636363636363, 2.7142857142857135)","(3.2363636363636363, 2.7142857142857135)",(-1.1177837742266603-0.8234204462625785j),(-0.5704757555118143-1.1571107866646806j),(0.0816047998438696+0.3035521108707055j),(-0.6289128185587156+0.030138229531396537j)
"(3.278787878787879, 2.7142857142857135)","(3.278787878787879, 2.7142857142857135)",(0.25853684790291376-1.0053902445977392j),(1.0336351414356846-0.8980761268087882j),(-0.19063755537617308+0.1919141210996643j),(-0.5844607381565977-0.2992282388886152j)
"(3.3212121212121213, 2.7142857142857135)","(3.3212121212121213, 2.7142857142857135)",(0.6624664479327693+0.15593245089431806j),(1.2288986798499215+0.7848334557091814j),(-0.20384611642377112-0.0604917647706997j),(-0.3625861154933811-0.5684092400441636j)
"(3.3636363636363638, 2.7142857142857135)","(3.3636363636363638, 2.7142857142857135)",(-0.43182515500010443+0.664471104624776j),(-0.3921016402074224+1.4909504001973615j),(-0.01873339271442578-0.1446910346407868j),(-0.020990122078256276-0.6817882609317987j)
"(3.4060606060606062, 2.7142857142857135)","(3.4060606060606062, 2.7142857142857135)",(-1.1941518798906567-0.5010085720589714j),(-1.6053714048197953+0.11441611603180125j),(0.07783127877761221-0.022526891676956283j),(0.3333882461515263-0.5928977964138163j)
"(3.4484848484848487, 2.7142857142857135)","(3.4484848484848487, 2.7142857142857135)",(-0.09743416910584479-1.7847870316701213j),(-0.6602883558312365-1.5178821407645275j),(-0.020401575186188764+0.059929040368908476j),(0.5832557619115805-0.32683393127450233j)
"(3.4909090909090907, 2.7142857142857135)","(3.4909090909090907, 2.7142857142857135)",(1.7614494894749337-1.1738811392044763j),(1.2205986942049898-1.1488455486528326j),(-0.10619500660185635-0.05128934412304039j),(0.6470458018718005+0.026253753571396754j)
"(3.533333333333333, 2.7142857142857135)","(3.533333333333333, 2.7142857142857135)",(2.023494902872466+0.9188457093986355j),(1.4909816321528502+0.756468884331581j),(0.020595231510473683-0.18331314309593777j),(0.5119180392091421+0.3456899681629924j)
"(3.5757575757575757, 2.7142857142857135)","(3.5757575757575757, 2.7142857142857135)",(0.26367438428677503+2.0788119509168412j),(-0.2061291275169378+1.6310331353918j),(0.23172203615679624-0.08079717467139846j),(0.23808147564691662+0.5285759901964396j)
"(3.618181818181818, 2.7142857142857135)","(3.618181818181818, 2.7142857142857135)",(-1.4126092799213459+1.06882510840525j),(-1.559915224312827+0.3364542663601621j),(0.2156736764227513+0.20215817480219342j),(-0.06836773203127039+0.5302126672428945j)
"(3.6606060606060606, 2.7142857142857135)","(3.6606060606060606, 2.7142857142857135)",(-1.176562964268049-0.6131843164566546j),(-0.7899312637373597-1.3124225285918454j),(-0.08483174352101122+0.32135417116552123j),(-0.3017999570096783+0.37788404096966954j)
"(3.703030303030303, 2.7142857142857135)","(3.703030303030303, 2.7142857142857135)",(0.20712828644881204-0.8679981543069561j),(0.9516308518678326-1.1041929524342522j),(-0.3439548370268717+0.08436863950937767j),(-0.40054772839214886+0.15182615861791832j)
"(3.7454545454545456, 2.7142857142857135)","(3.7454545454545456, 2.7142857142857135)",(0.65747697322762+0.22437542188266976j),(1.2665751804923826+0.5474229227052656j),(-0.24244136773612057-0.26662950643474914j),(-0.36665683952864203-0.0564179943878467j)
"(3.787878787878788, 2.7142857142857135)","(3.787878787878788, 2.7142857142857135)",(-0.2930934384221171+0.7780552265000076j),(-0.15715096337249573+1.295583264686465j),(0.11728316083660402-0.33109517060710786j),(-0.2532256358862254-0.18643286757934938j)
"(3.83030303030303, 2.7142857142857135)","(3.83030303030303, 2.7142857142857135)",(-1.0298997183453773-0.09137376931076813j),(-1.226376312613913+0.18551650400827444j),(0.32441588937944316-0.04675311716200552j),(-0.12793929511090738-0.23013715615703706j)
"(3.872727272727273, 2.7142857142857135)","(3.872727272727273, 2.7142857142857135)",(-0.33808957268105677-1.0775344631753303j),(-0.4712812732386966-1.0944169166781628j),(0.16754170065644064+0.238652001808397j),(-0.03435000009880079-0.22176954830556453j)
"(3.915151515151515, 2.7142857142857135)","(3.915151515151515, 2.7142857142857135)",(0.8292380123251187-0.6984857291930868j),(0.9233157976709913-0.7071325735492431j),(-0.1206857726128002+0.21334560081539303j),(0.026607987266927667-0.20469875645923674j)
"(3.957575757575758, 2.7142857142857135)","(3.957575757575758, 2.7142857142857135)",(0.7983385320816819+0.5008873691817175j),(0.9039888841392195+0.7205057868052402j),(-0.19034695647952588-0.022718666116255178j),(0.0846966044219882-0.19689975150726755j)
"(4.0, 2.7142857142857135)","(4.0, 2.7142857142857135)",(-0.33743071838384076+0.7526222940844506j),(-0.4810870525962318+1.065404089336263j),(-0.02318780989200123-0.13486681969156175j),(0.16684414410439227-0.17791497556025074j)
"(-0.2, 3.0)","(-0.2, 3.0)",(-0.7599885440960177+4.331014472551528j),(-0.5470591029309364+3.857161367671107j),(-0.6511406207396883-0.43818250009211535j),(0.43821117957460687+0.9120356049725361j)
"(-0.1575757575757576, 3.0)","(-0.1575757575757576, 3.0)",(2.2977053185310004+2.434843885185954j),(2.5601574604199455+1.8953513768740111j),(-0.7285903339591625-0.3616663720240811j),(0.4661381920702172+0.9011588803360242j)
"(-0.11515151515151516, 3.0)","(-0.11515151515151516, 3.0)",(1.244802368723568-0.9748895471717377j),(1.5356619110375656-1.5764639730726098j),(-0.7777894534211248-0.29097118029561836j),(0.4869299111071274+0.8925456061964904j)
"(0.1393939393939394, 3.0)","(0.1393939393939394, 3.0)",(2.301761506431338+0.8832779016997272j),(2.5723088722090255+0.27623035488729125j),(-0.7369129874072277-0.29887121833274216j),(0.46636562162954043+0.9059187651451781j)
"(0.18181818181818182, 3.0)","(0.18181818181818182, 3.0)",(0.6828747905371907+3.985971143757496j),(0.9222730280800773+3.4332514116456276j),(-0.677625132709665-0.36556034926704933j),(0.4382268951667784+0.9182800813789177j)
"(0.22424242424242424, 3.0)","(0.22424242424242424, 3.0)",(-2.9724004654732403+3.389768338601629j),(-2.7803393692868448+2.891874570045607j),(-0.5946288714298754-0.43437632417943983j),(0.40256777524348014+0.9322700927354616j)
"(0.26666666666666666, 3.0)","(0.26666666666666666, 3.0)",(-3.762906187307511-0.26399824100378233j),(-3.6353242657774807-0.718011509474077j),(-0.4867567709054401-0.4929795153198699j),(0.3591748493754105+0.9469927837901645j)
"(0.30909090909090914, 3.0)","(0.30909090909090914, 3.0)",(-0.8093165646313321-2.1914659379198898j),(-0.7592328495782432-2.625225681165384j),(-0.3579654723004016-0.5275962082441262j),(0.30788175724731276+0.9613559514896207j)
"(0.3515151515151515, 3.0)","(0.3515151515151515, 3.0)",(1.6488833132367036-0.15380225682744797j),(1.6192772192640563-0.602036924364787j),(-0.2190110100459174-0.5258384052606644j),(0.24861710401856452+0.9740730727980034j)
"(0.393939393939394, 3.0)","(0.393939393939394, 3.0)",(0.29022250998453236+2.502886863568774j),(0.19616896662026054+1.999988035228042j),(-0.0874063997175165-0.48077446613795766j),(0.1814599430817883+0.9836732944786899j)
"(0.43636363636363634, 3.0)","(0.43636363636363634, 3.0)",(-2.643162517556839+1.7013864682027475j),(-2.765171188959299+1.1080823734349j),(0.015307340242227586-0.39521882940115594j),(0.10670133116023234+0.9885229241690037j)
"(0.4787878787878788, 3.0)","(0.4787878787878788, 3.0)",(-2.63029981731527-1.537272566172522j),(-2.7244571784296983-2.2397010813839007j),(0.06924793430802871-0.2844334478968349j),(0.024909426806399498+0.9868619631082137j)
"(0.5212121212121212, 3.0)","(0.5212121212121212, 3.0)",(0.6065622889588909-2.5547910620025176j),(0.605757633195383-3.356478124928996j),(0.06381032948082223-0.17517201150333112j),(-0.0630056737173144+0.9768590744298095j)
"(0.5636363636363637, 3.0)","(0.5636363636363637, 3.0)",(2.6155057026804376+0.2626954985772496j),(2.766542574883182-0.594277383566613j),(0.004695763709196341-0.09971491860691471j),(-0.1557326359119403+0.9566878007507773j)
"(0.6060606060606062, 3.0)","(0.6060606060606062, 3.0)",(0.49985418668377735+3.06360862394667j),(0.8344721763496585+2.2243448110114414j),(-0.0831060494389751-0.0853618856400489j),(-0.25151194022690615+0.9246256985752779j)
"(0.6484848484848484, 3.0)","(0.6484848484848484, 3.0)",(-2.8921789752661202+1.8643234618377171j),(-2.3846589694655256+1.1274452013969132j),(-0.15941045226786787-0.14229796495732397j),(-0.3481095535327267+0.879176225398128j)
"(0.6909090909090909, 3.0)","(0.6909090909090909, 3.0)",(-2.842120239045488-1.8268885618258253j),(-2.2184481465249326-2.391314578961522j),(-0.18085151581858053-0.2547846026142999j),(-0.4428205767019749+0.8192106197499972j)
"(0.7333333333333334, 3.0)","(0.7333333333333334, 3.0)",(0.6764566374607468-3.030362143170636j),(1.327084554927333-3.3934821412895286j),(-0.11811527834722084-0.38100365522406443j),(-0.5325126391193653+0.744123653342957j)
"(0.7757575757575759, 3.0)","(0.7757575757575759, 3.0)",(2.945068882385039-0.18056130296092388j),(3.5308163658292466-0.3698488550277014j),(0.027970675595975082-0.46470557443485055j),(-0.6137181590401826+0.6539931265016281j)
"(0.8181818181818183, 3.0)","(0.8181818181818183, 3.0)",(1.0484129233057575+2.7445995746442042j),(1.511382151013929+2.6519375882430998j),(0.219813238784024-0.4570666196090417j),(-0.6827824664921952+0.5497286060101458j)
"(0.8606060606060608, 3.0)","(0.8606060606060608, 3.0)",(-2.133474727925505+1.8135279038508272j),(-1.7900061524098372+1.7214371147945264j),(0.39260225278044897-0.34109986388835695j),(-0.7360708282961165+0.43319065294465753j)
"(0.9030303030303031, 3.0)","(0.9030303030303031, 3.0)",(-2.047658560970963-1.3973823523557414j),(-1.7579340895370725-1.5583195721207888j),(0.4805069160398195-0.14632114214020672j),(-0.7702313874737103+0.307258361905254j)
"(0.9454545454545455, 3.0)","(0.9454545454545455, 3.0)",(1.116339822050084-2.1046512430191835j),(1.4485661366097766-2.338557725984409j),(0.4502766232882876+0.05808514088821368j),(-0.7825029378479803+0.17582134207701158j)
"(0.987878787878788, 3.0)","(0.987878787878788, 3.0)",(2.7213672870077064+0.8951340577285577j),(3.1680880563453613+0.656751033416985j),(0.3243259019527311+0.19470966126380265j),(-0.7710466712903862+0.043673363047770024j)
"(1.0303030303030305, 3.0)","(1.0303030303030305, 3.0)",(0.23870927030321454+3.5001534225684092j),(0.7990073106507837+3.3621622491657606j),(0.17497237538344634+0.22170135413413256j),(-0.7352704157310155-0.08371018073148391j)
"(1.0727272727272728, 3.0)","(1.0727272727272728, 3.0)",(-3.163241688159996+2.0437582461052646j),(-2.57192897816629+2.08149455170097j),(0.08479113497510835+0.16278290186520974j),(-0.6761038449688144-0.2005192074609151j)
"(1.1151515151515152, 3.0)","(1.1151515151515152, 3.0)",(-3.022928316125584-1.5777282592352069j),(-2.5184853588820606-1.3744213357635755j),(0.09173270962813294+0.09776688136516036j),(-0.5961756668716567-0.30107380483679175j)
"(1.1575757575757577, 3.0)","(1.1575757575757577, 3.0)",(0.22145569959608447-2.569834790264169j),(0.5648772590773988-2.2992484803966904j),(0.1564197435525212+0.10979483935221654j),(-0.49984130303383556-0.3803811492196953j)
"(1.2000000000000002, 3.0)","(1.2000000000000002, 3.0)",(1.9231525372195815+0.08105792694564179j),(2.1328037182297455+0.29597842670167224j),(0.18336344727250564+0.2198155901314195j),(-0.39301462828266964-0.4347360898874499j)
"(1.2424242424242427, 3.0)","(1.2424242424242427, 3.0)",(-0.22638555692335474+2.2855592065527865j),(-0.03551125597523177+2.3887270150928943j),(0.09189788495594364+0.3591263112618301j),(-0.2827721859040666-0.46229411980193763j)
"(1.284848484848485, 3.0)","(1.284848484848485, 3.0)",(-3.0123812466003494+0.6762760158418408j),(-2.723665769124506+0.7277362887745313j),(-0.1119912708381212+0.41206613355582633j),(-0.17672420663772268-0.46352640648851695j)
"(1.3272727272727274, 3.0)","(1.3272727272727274, 3.0)",(-2.2928951567468885-2.657133443643669j),(-1.8854098411763829-2.52226921856367j),(-0.3253020279906553+0.3065923695878387j),(-0.08218328757985012-0.44145659466783754j)
"(1.3696969696969699, 3.0)","(1.3696969696969699, 3.0)",(1.1562667299607559-3.147449089242132j),(1.5816086893325365-2.827391726737901j),(-0.4201361194509836+0.08152651476076112j),(-0.005205839920797053-0.401583877264992j)
"(1.4121212121212123, 3.0)","(1.4121212121212123, 3.0)",(2.763242391541746-0.17515620955607986j),(3.060070939686418+0.3104297711235373j),(-0.3472009797627479-0.13416465347482243j),(0.05037243161807596-0.35142132720479474j)
"(1.4545454545454546, 3.0)","(1.4545454545454546, 3.0)",(0.5914942541801219+2.1226899734834936j),(0.6881375711718932+2.6461422265689416j),(-0.18038978109460152-0.22382678218588903j),(0.08374646410283015-0.2996254708995589j)
"(1.496969696969697, 3.0)","(1.496969696969697, 3.0)",(-2.024489901449717+0.7266381260078092j),(-2.0683687564726605+1.1631007794031616j),(-0.05373632885979028-0.18170115512163662j),(0.09761518388273391-0.2547614982737157j)
"(1.5393939393939395, 3.0)","(1.5393939393939395, 3.0)",(-1.3022002729196218-2.0664129838177927j),(-1.3604205314684235-1.729123860344145j),(-0.03992394398681276-0.1134571914807226j),(0.09814420253561432-0.2238319319929253j)
"(1.581818181818182, 3.0)","(1.581818181818182, 3.0)",(1.6104895827314099-2.0339537522115196j),(1.5999143167374343-1.6933355241611587j),(-0.08371538804229349-0.12983578994428802j),(0.09429065403626898-0.2107824381060728j)
"(1.6242424242424245, 3.0)","(1.6242424242424245, 3.0)",(2.342289055373725+0.8685083953475444j),(2.3067987872437534+1.3152664014857274j),(-0.06096270694171908-0.23148959925379042j),(0.09645297507169037-0.21526840688439255j)
"(1.6666666666666667, 3.0)","(1.6666666666666667, 3.0)",(-0.3613332116075776+2.404402630809331j),(-0.563804687158317+2.9385169369697115j),(0.08793433806823872-0.3021163058628883j),(0.11453713748250074-0.23199800029749232j)
"(1.7090909090909092, 3.0)","(1.7090909090909092, 3.0)",(-2.7180876504751295+0.12853627340018914j),(-3.1573957202885197+0.6044595223325696j),(0.2836255680557157-0.22498317189284506j),(0.15568250175767484-0.2509400770395354j)
"(1.7515151515151517, 3.0)","(1.7515151515151517, 3.0)",(-1.2070543618287515-2.9958480563467j),(-1.8040963582394-2.728207870137546j),(0.375004628106936-0.009056553474084236j),(0.22203736830371246-0.25858363273507j)
"(1.7939393939393942, 3.0)","(1.7939393939393942, 3.0)",(2.3824768528087756-2.6412512615593635j),(1.7872829928804532-2.608823898473236j),(0.2861146891365534+0.20782966836301717j),(0.309079170791769-0.24025703144914468j)
"(1.8363636363636366, 3.0)","(1.8363636363636366, 3.0)",(3.3418595250155967+0.8208732712315893j),(2.845187123631672+0.7160729357343296j),(0.09167604206099118+0.28807757170284687j),(0.4049963593229331-0.1832772362055871j)
"(1.8787878787878791, 3.0)","(1.8787878787878791, 3.0)",(0.5776291302279863+2.803417268834761j),(0.14638114870194058+2.66073271638249j),(-0.060306025896846444+0.22312494976418976j),(0.4915540074228922-0.08044039731191895j)
"(1.9212121212121216, 3.0)","(1.9212121212121216, 3.0)",(-1.9019315184782357+0.9044863160981012j),(-2.351301256621749+0.7121854567030547j),(-0.09726746158441271+0.12544529014317737j),(0.5466371997279263+0.06685556925186911j)
"(1.9636363636363636, 3.0)","(1.9636363636363636, 3.0)",(-0.6669798555102353-1.7724856063708248j),(-1.1343186044217688-2.1139409307531243j),(-0.08098097851923744+0.09477696131197896j),(0.548319727430771+0.2466783630703206j)
"(2.006060606060606, 3.0)","(2.006060606060606, 3.0)",(2.283110026776873-1.0749781467802793j),(1.917551691938131-1.6211965152240309j),(-0.1143343783867514+0.10963862865709188j),(0.47989271322549343+0.43657973978665987j)
"(2.0484848484848484, 3.0)","(2.0484848484848484, 3.0)",(2.3669065307410215+2.238947784839252j),(2.238107765653981+1.5660491460175336j),(-0.20609873233266202+0.06684652472460295j),(0.33489749741970243+0.6060521140971153j)
"(2.090909090909091, 3.0)","(2.090909090909091, 3.0)",(-1.0125670691417494+3.482169056696958j),(-0.8806363912429089+2.839719500778156j),(-0.2528832217834483-0.07898081762088172j),(0.12095254388460763+0.7214303735396838j)
"(2.1333333333333333, 3.0)","(2.1333333333333333, 3.0)",(-3.464051086429553+0.6530643141743508j),(-3.16396397569958+0.1426060210731173j),(-0.16124438331724325-0.24217029058379777j),(-0.1388427274127295+0.7526285836850314j)
"(2.175757575757576, 3.0)","(2.175757575757576, 3.0)",(-1.6786817549205082-2.612815848647683j),(-1.3043645993508504-3.004048369142188j),(0.033509844189390584-0.28924543189653884j),(-0.4078269997590485+0.6804779523910436j)
"(2.2181818181818183, 3.0)","(2.2181818181818183, 3.0)",(1.8897306735222434-1.9873005752639854j),(2.336973235972531-2.3066818665694613j),(0.194030025387563-0.1835970319164382j),(-0.6412725878378503+0.502978323221914j)
"(2.2606060606060607, 3.0)","(2.2606060606060607, 3.0)",(2.3377314021895157+1.5501083382084548j),(2.9091456254135117+1.3333766426395004j),(0.22341411210478548-0.021937823889554234j),(-0.7948283353287815+0.23866951945850867j)
"(2.303030303030303, 3.0)","(2.303030303030303, 3.0)",(-0.9371602976780539+3.0400961126220567j),(-0.25846073181984924+3.036405733967694j),(0.15565486506715126+0.07799223607371238j),(-0.8343544309253559-0.07430185741934929j)
"(2.3454545454545452, 3.0)","(2.3454545454545452, 3.0)",(-3.435910896868757+0.3790365116182349j),(-2.7822374086827746+0.6627379453347663j),(0.09121340422739162+0.10028113494782134j),(-0.7448868924133741-0.3839825686643527j)
"(2.3878787878787877, 3.0)","(2.3878787878787877, 3.0)",(-1.8048174651825633-2.842326027805428j),(-1.3341737683159796-2.3249564236398026j),(0.06560829734005832+0.11725024977884614j),(-0.5362519942066419-0.6346198539444718j)
"(2.43030303030303, 3.0)","(2.43030303030303, 3.0)",(1.5928300563999294-2.403266950887459j),(1.8169662294238311-1.7907240343410096j),(0.019175331199673126+0.1663741865710599j),(-0.24331150422357492-0.7789171031175095j)
"(2.4727272727272727, 3.0)","(2.4727272727272727, 3.0)",(2.111734180010718+0.7089652817405756j),(2.128455076932555+1.3144418514003455j),(-0.0967427820600555+0.18411427109077733j),(0.08002188513821848-0.7895908407505472j)
"(2.515151515151515, 3.0)","(2.515151515151515, 3.0)",(-0.6283447133681792+1.8373536793323384j),(-0.7789216179008304+2.4155300079919115j),(-0.22163111389146226+0.08881091037062026j),(0.3722080184241134-0.6669872390301934j)
"(2.5575757575757576, 3.0)","(2.5575757575757576, 3.0)",(-2.293766629553778-0.6700331675462701j),(-2.637464095761987-0.13734251111889692j),(-0.23473073771957273-0.09252500256406569j),(0.5784282039277815-0.4401656538633074j)
"(2.6, 3.0)","(2.6, 3.0)",(-0.07833484856687722-3.0879621928518914j),(-0.6425337006145716-2.702587871404141j),(-0.09990357180732404-0.22493544534756058j),(0.6641024238550184-0.1604388761001898j)
"(2.6424242424242426, 3.0)","(2.6424242424242426, 3.0)",(3.1979454721220164-1.6013581944745388j),(2.4970693188942508-1.5057585107473954j),(0.07730930101855542-0.20706185393769183j),(0.6235668522092103+0.11146217021054859j)
"(2.684848484848485, 3.0)","(2.684848484848485, 3.0)",(2.957364028030038+2.1935676506175006j),(2.3154067604807156+1.9543199732426566j),(0.16102973142729027-0.08203499421471538j),(0.48092753612203215+0.3212826715895594j)
"(2.727272727272727, 3.0)","(2.727272727272727, 3.0)",(-0.6880543183478359+3.360265319856534j),(-1.101178738135564+2.902265604228527j),(0.13083420171917537+0.022485267572509116j),(0.2822902180685527+0.43551444805549805j)
"(2.7696969696969695, 3.0)","(2.7696969696969695, 3.0)",(-2.969381718789166+0.43849823015476963j),(-3.130823585673349-0.059875710801577185j),(0.0800958773786972+0.04896785798832875j),(0.08134598950548566+0.44940608296801804j)
"(2.812121212121212, 3.0)","(2.812121212121212, 3.0)",(-0.9941742645312142-2.503772046597714j),(-0.991269998522846-2.9494066019232985j),(0.07433398101986413+0.05986767356242095j),(-0.07723824702823223+0.3857668817631636j)
"(2.8545454545454545, 3.0)","(2.8545454545454545, 3.0)",(2.2949284598112514-1.4716352449686565j),(2.404068219420516-1.8769092858505736j),(0.06184947437266546+0.12066692704289643j),(-0.1709892339819304+0.2846071138390208j)
"(2.896969696969697, 3.0)","(2.896969696969697, 3.0)",(2.2331969927566404+1.9813915905273074j),(2.4763646304753077+1.6149060450701962j),(-0.038682878236739195+0.17946536664867632j),(-0.20448475948192854+0.18702017880843488j)
"(2.9393939393939394, 3.0)","(2.9393939393939394, 3.0)",(-1.1237789553292077+2.986589947856743j),(-0.7298364743557663+2.7482681264426163j),(-0.19018114456945337+0.11912303196041646j),(-0.20376133640398802+0.11919878945371003j)
"(2.981818181818182, 3.0)","(2.981818181818182, 3.0)",(-3.16627543087684+0.13283221753710617j),(-2.7230832506426292+0.1221979213314972j),(-0.24112698268968535-0.07231656778540473j),(-0.20206519754452548+0.08295086399101367j)
"(3.0242424242424244, 3.0)","(3.0242424242424244, 3.0)",(-1.185165333090385-2.6573770651493085j),(-0.8602850884723123-2.472612409045785j),(-0.10243042218905563-0.2417886849661198j),(-0.2224498224290172+0.057024028862596464j)
"(3.066666666666667, 3.0)","(3.066666666666667, 3.0)",(1.9300299798940737-1.6712099542481582j),(2.0733228686214398-1.4552321860950552j),(0.12133050872133605-0.22539260469272632j),(-0.26462339744870234+0.009414836539623446j)
"(3.109090909090909, 3.0)","(3.109090909090909, 3.0)",(1.838587793901652+1.4553209007662806j),(1.9121056960363387+1.5796363951865355j),(0.22891570262214936-0.04037824101228781j),(-0.3024336047568362-0.08393725340796718j)
"(3.1515151515151514, 3.0)","(3.1515151515151514, 3.0)",(-1.1656632170514785+2.1504889816541746j),(-1.0161265859818538+2.243758234430598j),(0.14487524220116457+0.1288409537859039j),(-0.29441187327078916-0.22211020656232747j)
"(3.193939393939394, 3.0)","(3.193939393939394, 3.0)",(-2.6587675651903986-0.6170772681777408j),(-2.4489852116946933-0.3880243100794029j),(-0.005622433081263806+0.14315231301593284j),(-0.2041599204144411-0.3722052711142707j)
"(3.2363636363636363, 3.0)","(3.2363636363636363, 3.0)",(-0.3838676922473898-2.925361076011583j),(-0.2981807721648143-2.504647791117121j),(-0.06337132778704876+0.05666627727151984j),(-0.022315592295526737-0.4773795621659818j)
"(3.278787878787879, 3.0)","(3.278787878787879, 3.0)",(2.566168252743059-1.4775400047883247j),(2.373747547295226-1.015269582978315j),(-0.027785892919381376+0.016371499595982525j),(0.22020659836721462-0.4786419214059923j)
"(3.3212121212121213, 3.0)","(3.3212121212121213, 3.0)",(2.135414514834354+1.7349049227532283j),(1.7062342488523434+2.0244565978920215j),(-0.026408233180943187+0.05293102976563275j),(0.455588499162954-0.3424827049044259j)
"(3.3636363636363638, 3.0)","(3.3636363636363638, 3.0)",(-0.9595726333972017+2.2540458273967308j),(-1.451117828385173+2.2896007060730224j),(-0.10894229571396259+0.04681236848129926j),(0.6004874907019337-0.08236724715759097j)
"(3.4060606060606062, 3.0)","(3.4060606060606062, 3.0)",(-2.2424269480299275-0.5325300246159895j),(-2.676992865708251-0.688245760856883j),(-0.15405467217650087-0.08123543935937125j),(0.5886205898548245+0.2369511756002648j)
"(3.4484848484848487, 3.0)","(3.4484848484848487, 3.0)",(0.18138587325907277-2.4975812069252163j),(-0.18806592997452778-2.796274526507245j),(-0.03201736287605362-0.21838397955471783j),(0.40146916610965416+0.5170772991367464j)
"(3.4909090909090907, 3.0)","(3.4909090909090907, 3.0)",(2.8811549190248558-0.5860056326809547j),(2.612059137368184-1.0719314874517085j),(0.18614819123001064-0.1749659999667589j),(0.08294759042666122+0.6608918547375128j)
"(3.533333333333333, 3.0)","(3.533333333333333, 3.0)",(1.8479288348905256+2.808948716435785j),(1.8486539389767815+2.136901782528611j),(0.26994677504455344+0.06060934110833352j),(-0.27067187913080965+0.6114375927988402j)
"(3.5757575757575757, 3.0)","(3.5757575757575757, 3.0)",(-1.872981209292+3.0609884058779695j),(-1.430096198121754+2.4182128273490155j),(0.1011047520877608+0.26480072771432006j),(-0.5439897632580067+0.3779748508146341j)
"(3.618181818181818, 3.0)","(3.618181818181818, 3.0)",(-3.5230867366250633-0.3257393882569958j),(-2.714415641313975-0.5851681170957733j),(-0.1622175546160109+0.22299570908200245j),(-0.6464535406950775+0.036433019756775126j)
"(3.6606060606060606, 3.0)","(3.6606060606060606, 3.0)",(-1.0919314346162992-3.02809581648271j),(-0.2895659802181125-2.714911990286268j),(-0.2538491274930131-0.015218225579892752j),(-0.5485163269051736-0.29796560061654886j)
"(3.703030303030303, 3.0)","(3.703030303030303, 3.0)",(2.0412637971865033-1.800444103675826j),(2.440518223764812-1.091532543120558j),(-0.10573194226683588-0.1934547798793553j),(-0.2935224843114728-0.5154567806759127j)
"(3.7454545454545456, 3.0)","(3.7454545454545456, 3.0)",(1.8490476393672883+1.2382483202573114j),(1.7401972251285747+1.9455453350205232j),(0.08792222125843419-0.1526539191955583j),(0.020928192980279595-0.5546430955676535j)
"(3.787878787878788, 3.0)","(3.787878787878788, 3.0)",(-0.8948944428647788+1.7611143828522797j),(-1.3030615938943977+2.1858159099599064j),(0.12380014953240552-0.0004460999226191197j),(0.2843670014972134-0.4242554271850074j)
"(3.83030303030303, 3.0)","(3.83030303030303, 3.0)",(-1.9617780811935996-0.7242062332371028j),(-2.410000454046419-0.5897342114811214j),(0.029483011965820493+0.05939445695246501j),(0.41873936088699854-0.19386647870844645j)
"(3.872727272727273, 3.0)","(3.872727272727273, 3.0)",(0.26630672474016825-2.3794639607564574j),(-0.12588059997058407-2.4198580545604664j),(-0.01430539266514045-0.0011176320670030658j),(0.40649271737589276+0.04151172587101221j)
"(3.915151515151515, 3.0)","(3.915151515151515, 3.0)",(2.5811106053138633-0.6092572621435113j),(2.2389162485072753-0.7895086134564194j),(0.053418770564868254-0.024836614540088522j),(0.28877558624171995+0.20508796585299677j)
"(3.957575757575758, 3.0)","(3.957575757575758, 3.0)",(1.5865048886235265+2.2426651283273182j),(1.3617769468548708+1.8982761010282585j),(0.08841883936951725+0.07608943294007127j),(0.13630910239913832+0.2682995943589885j)
"(4.0, 3.0)","(4.0, 3.0)",(-1.4560923557590202+2.234060099560796j),(-1.4305806836171202+1.8149699189954218j),(-0.03526135695039512+0.1663119911384964j),(0.009749684808495297+0.2527781894268775j)
"(-0.2, 3.2857142857142847)","(-0.2, 3.2857142857142847)",(-1.7115192876240624+2.931123199325602j),(-1.459239448031779+3.445426208915686j),(0.7061399477960242-0.2539533920358496j),(-0.9584197873883076-0.260349617554234j)
"(-0.1575757575757576, 3.2857142857142847)","(-0.1575757575757576, 3.2857142857142847)",(2.085313144932776+1.908547808118613j),(2.363376306694461+2.4764601395629886j),(0.6896968110154168-0.3341345282007927j),(-0.9677599727771016-0.2337778032435831j)
"(-0.11515151515151516, 3.2857142857142847)","(-0.11515151515151516, 3.2857142857142847)",(2.2633890318595595-2.016839192126628j),(2.5698598674780824-1.408948949350721j),(0.6678936267461368-0.39419258822279885j),(-0.97436446236466-0.21369765455310816j)
"(0.1393939393939394, 3.2857142857142847)","(0.1393939393939394, 3.2857142857142847)",(2.8154588996731995+0.17282262330323891j),(3.130819364919287+0.7718344181719455j),(0.6557215947709477-0.36241195562388673j),(-0.9710820600170351-0.2365998392448199j)
"(0.18181818181818182, 3.2857142857142847)","(0.18181818181818182, 3.2857142857142847)",(0.1410254605498601+3.032465416691533j),(0.4325953729089322+3.5920191133369928j),(0.6710410916242443-0.29532763697079456j),(-0.9626110039833163-0.26422605967466506j)
"(0.22424242424242424, 3.2857142857142847)","(0.22424242424242424, 3.2857142857142847)",(-3.3469197535813686+1.2327165296237221j),(-3.076156014134998+1.7423158862169166j),(0.6799821297061986-0.21136938094853386j),(-0.9507458691525688-0.29822997564466064j)
"(0.26666666666666666, 3.2857142857142847)","(0.26666666666666666, 3.2857142857142847)",(-2.6158639530672065-2.7235170673468536j),(-2.3564381712785174-2.2719320598475425j),(0.6753250206253064-0.11334606984860145j),(-0.9347508024139954-0.3382389376507098j)
"(0.30909090909090914, 3.2857142857142847)","(0.30909090909090914, 3.2857142857142847)",(1.4421890188676705-3.2669975749614935j),(1.706021782699604-2.8763673104087686j),(0.649948222098698-0.006892131310654646j),(-0.9137809859306314-0.3837381332420704j)
"(0.3515151515151515, 3.2857142857142847)","(0.3515151515151515, 3.2857142857142847)",(3.2546754991347027+0.40564300849006096j),(3.543171493537322+0.7406096617898548j),(0.5984137010714683+0.09907356439612351j),(-0.8869096954740878-0.4340402176959173j)
"(0.393939393939394, 3.2857142857142847)","(0.393939393939394, 3.2857142857142847)",(0.4053834995841188+3.2321452306842278j),(0.7395882571682221+3.52767446563817j),(0.518959749983879+0.19272489557966105j),(-0.8531645075679821-0.4882541305336036j)
"(0.43636363636363634, 3.2857142857142847)","(0.43636363636363634, 3.2857142857142847)",(-3.0115536657537776+1.4358269602926168j),(-2.615442246006143+1.7201703381378195j),(0.41546260902219145+0.26091233687083j),(-0.8115740287698263-0.5452557147160326j)
"(0.4787878787878788, 3.2857142857142847)","(0.4787878787878788, 3.2857142857142847)",(-2.2324531341211435-2.181605609542284j),(-1.7698521038238682-1.8700127943294393j),(0.29862510868383846+0.2920706477597989j),(-0.761226138981114-0.6036634629726436j)
"(0.5212121212121212, 3.2857142857142847)","(0.5212121212121212, 3.2857142857142847)",(1.415346051892169-2.2760628246848196j),(1.9311905215148755-1.8943173339836383j),(0.1854935945008372+0.2800779395938254j),(-0.7013380641235438-0.6618234302950067j)
"(0.5636363636363637, 3.2857142857142847)","(0.5636363636363637, 3.2857142857142847)",(2.4047267665804313+1.3903055890884726j),(2.939482082771852+1.8800596915572831j),(0.09658225651628224+0.22805388439841742j),(-0.6313375727077026-0.7178079868672278j)
"(0.6060606060606062, 3.2857142857142847)","(0.6060606060606062, 3.2857142857142847)",(-1.1021942752048042+3.523118546574315j),(-0.6017716944298694+4.142019065625627j),(0.05053061503829629+0.15053300241234308j),(-0.550953195813231-0.7694335214636556j)
"(0.6484848484848484, 3.2857142857142847)","(0.6484848484848484, 3.2857142857142847)",(-4.5176536402767455+0.7438415940293074j),(-4.114634838983649+1.4858060591268383j),(0.057290804256052895+0.07233782319437693j),(-0.4603096055491488-0.8143022882919079j)
"(0.6909090909090909, 3.2857142857142847)","(0.6909090909090909, 3.2857142857142847)",(-3.1613516689423107-3.567261619241807j),(-2.9133477100823364-2.740522001983858j),(0.1120182520785542+0.02313352319417222j),(-0.3600222109385282-0.8498731404521213j)
"(0.7333333333333334, 3.2857142857142847)","(0.7333333333333334, 3.2857142857142847)",(1.2023063444298707-3.885270994396794j),(1.2610387743524722-3.0398609426228984j),(0.1925503427879106+0.028154666930358747j),(-0.2512827727105121-0.8735647187042545j)
"(0.7757575757575759, 3.2857142857142847)","(0.7757575757575759, 3.2857142857142847)",(2.805565182458395-0.17136939023850273j),(2.678518316111913+0.6139223969547526j),(0.2629724866019069+0.09760079896952537j),(-0.13592562025542473-0.8828925861627807j)
"(0.8181818181818183, 3.2857142857142847)","(0.8181818181818183, 3.2857142857142847)",(-0.12377330647943043+2.16275689479451j),(-0.39125774314604483+2.8195211780268172j),(0.28394663378622376+0.2188744051566742j),(-0.016462197119609345-0.8756386883889813j)
"(0.8606060606060608, 3.2857142857142847)","(0.8606060606060608, 3.2857142857142847)",(-3.0116670418278355-0.1337219664868078j),(-3.3431067480210404+0.3601986558807055j),(0.2275102947163875+0.35612671936502904j),(0.10392941147681749-0.8500473417325424j)
"(0.9030303030303031, 3.2857142857142847)","(0.9030303030303031, 3.2857142857142847)",(-1.4690060695544733-3.669004620064154j),(-1.7815033242041134-3.323669295899886j),(0.0910241529164248+0.4597015070210314j),(0.22147310173321516-0.8050368311852992j)
"(0.9454545454545455, 3.2857142857142847)","(0.9454545454545455, 3.2857142857142847)",(2.536739294037725-3.297204242368411j),(2.301340757916122-3.0408899019823523j),(-0.09653408454949224+0.4840956228664614j),(0.3319326206710956-0.74040996325252j)
"(0.987878787878788, 3.2857142857142847)","(0.987878787878788, 3.2857142857142847)",(3.531367700844251+0.588424659158179j),(3.381735278977068+0.8371944557469374j),(-0.2811930045102208+0.4082713619909951j),(0.43082542637740345-0.6570411585797535j)
"(1.0303030303030305, 3.2857142857142847)","(1.0303030303030305, 3.2857142857142847)",(0.3078000875524536+2.652410564829508j),(0.1979086596319864+2.9605362366076386j),(-0.40382085624394154+0.2488870823541154j),(0.5137122841644087-0.5570127541322457j)
"(1.0727272727272728, 3.2857142857142847)","(1.0727272727272728, 3.2857142857142847)",(-2.390207312415965+0.20729651185809322j),(-2.540296667173239+0.5931960779416646j),(-0.42646330487872797+0.05777068164534658j),(0.5765526596360021-0.443670247728918j)
"(1.1151515151515152, 3.2857142857142847)","(1.1151515151515152, 3.2857142857142847)",(-0.6344910877304113-2.9766549640089277j),(-0.8978511985463428-2.5560912781864493j),(-0.3527439061340925-0.09899711794224257j),(0.616104016950024-0.32156656788023613j)
"(1.1575757575757577, 3.2857142857142847)","(1.1575757575757577, 3.2857142857142847)",(3.0747315726105335-2.0423411938646656j),(2.6738943091714873-1.6729014203006345j),(-0.22949265661917426-0.1731693630273044j),(0.6303299200582203-0.19627041053672664j)
"(1.2000000000000002, 3.2857142857142847)","(1.2000000000000002, 3.2857142857142847)",(3.3199006077733952+2.007473190462997j),(2.8253918988618456+2.2429253905670516j),(-0.12426035472112155-0.16142786830383724j),(0.6187690636326711-0.0740243318002177j)
"(1.2424242424242427, 3.2857142857142847)","(1.2424242424242427, 3.2857142857142847)",(-0.541344369616605+3.640023954861173j),(-1.0370918264085784+3.710996116305072j),(-0.08705994787874008-0.10971703256803488j),(0.5828074046707136+0.03874487112413569j)
"(1.284848484848485, 3.2857142857142847)","(1.284848484848485, 3.2857142857142847)",(-3.3818768295146624+0.5602475397923934j),(-3.7901625912925114+0.5111920913990806j),(-0.11750555909412949-0.08698291457086371j),(0.5257913208719786+0.13603836296417654j)
"(1.3272727272727274, 3.2857142857142847)","(1.3272727272727274, 3.2857142857142847)",(-1.4487310790815444-3.036745411514228j),(-1.74092816298992-3.11032123322976j),(-0.16072716458710581-0.13939251199483899j),(0.45292424849548146+0.21296833371037097j)
"(1.3696969696969699, 3.2857142857142847)","(1.3696969696969699, 3.2857142857142847)",(2.4112262876470623-2.3312398099776734j),(2.181467589588408-2.3445485530635892j),(-0.14114650969765494-0.2531241622256842j),(0.3709052077563091+0.26643290531159997j)
"(1.4121212121212123, 3.2857142857142847)","(1.4121212121212123, 3.2857142857142847)",(2.8085180459935684+1.400118693138659j),(2.538652301046023+1.4592595990958377j),(-0.017430758631634992-0.3548216435624348j),(0.2872965035791803+0.2956807376052561j)
"(1.4545454545454546, 3.2857142857142847)","(1.4545454545454546, 3.2857142857142847)",(-0.582361358475448+2.6844001734030445j),(-0.9705262659325407+2.7389773701100597j),(0.1785157394961749-0.35722749958205796j),(0.20964916796091768+0.30265030287504285j)
"(1.496969696969697, 3.2857142857142847)","(1.496969696969697, 3.2857142857142847)",(-2.6182003150059394-0.32258618187155114j),(-3.1146296229254875-0.39088459790747454j),(0.35196426726663343-0.22367421895684841j),(0.14446504065291466+0.2919726349927719j)
"(1.5393939393939395, 3.2857142857142847)","(1.5393939393939395, 3.2857142857142847)",(-0.06612574026297398-3.1678987472683637j),(-0.5684929279102653-3.4344921523469534j),(0.40624009414777873-0.003959116910090045j),(0.09612709349951258+0.27055252198867974j)
"(1.581818181818182, 3.2857142857142847)","(1.581818181818182, 3.2857142857142847)",(3.6742724308108636-1.4089199385978681j),(3.2945753488743-1.8477795407660909j),(0.31372232799616+0.1921649597310497j),(0.06597475394040384+0.24669464243717293j)
"(1.6242424242424245, 3.2857142857142847)","(1.6242424242424245, 3.2857142857142847)",(3.24589664063998+2.981109033415248j),(3.0537519873456866+2.4806734576646114j),(0.14041837572056612+0.2716188837325337j),(0.05172627757372726+0.22881669201810298j)
"(1.6666666666666667, 3.2857142857142847)","(1.6666666666666667, 3.2857142857142847)",(-1.1073188196042245+4.1986996757561075j),(-1.1523874823213913+3.7474170494637247j),(-0.0023742500570174954+0.2273988494708928j),(0.047442912774184276+0.22388377682148997j)
"(1.7090909090909092, 3.2857142857142847)","(1.7090909090909092, 3.2857142857142847)",(-3.744664591861357+0.6479024383068122j),(-3.7427053310643825+0.27126344553181814j),(-0.04613865972009361+0.14084581011147332j),(0.04417939892311929+0.23579318266352067j)
"(1.7515151515151517, 3.2857142857142847)","(1.7515151515151517, 3.2857142857142847)",(-1.3844021987947888-2.8189792215270657j),(-1.3961264836188936-3.191483640366903j),(-0.019643690609468877+0.10848856304683156j),(0.03136797543357353+0.26401585579300524j)
"(1.7939393939393942, 3.2857142857142847)","(1.7939393939393942, 3.2857142857142847)",(2.408741153648126-1.6200309814151708j),(2.4278013412253436-2.0758576660745143j),(-0.017904072833260194+0.1529899576984923j),(-0.0011561147439579905+0.3028367269608512j)
"(1.8363636363636366, 3.2857142857142847)","(1.8363636363636366, 3.2857142857142847)",(2.2606143612667626+2.263116195533512j),(2.4286634085812504+1.721963589941258j),(-0.1073059012339173+0.19964508350975085j),(-0.060743146080570215+0.34150752208250357j)
"(1.8787878787878791, 3.2857142857142847)","(1.8787878787878791, 3.2857142857142847)",(-1.5311752120844364+3.186747740097668j),(-1.1297145343067534+2.6745707322161634j),(-0.2519159986727354+0.14665966717855644j),(-0.14954467910494743+0.3655173407029483j)
"(1.9212121212121216, 3.2857142857142847)","(1.9212121212121216, 3.2857142857142847)",(-3.535317784995498-0.19253341603909518j),(-2.937820514410697-0.5211265005823j),(-0.33481537368528513-0.030403633162599166j),(-0.26268189689951593+0.35899671770580405j)
"(1.9636363636363636, 3.2857142857142847)","(1.9636363636363636, 3.2857142857142847)",(-0.9136642932286544-3.086270840839821j),(-0.2633643993359294-3.1547624818618005j),(-0.2627842835024461-0.2395273509615665j),(-0.38751561039027893+0.3080189919835458j)
"(2.006060606060606, 3.2857142857142847)","(2.006060606060606, 3.2857142857142847)",(2.568058781429949-1.395444548246753j),(3.1314479310070977-1.2565398124247762j),(-0.05892182885868748-0.34319510857281893j),(-0.504467320718461+0.20429037275084205j)
"(2.0484848484848484, 3.2857142857142847)","(2.0484848484848484, 3.2857142857142847)",(1.8706163578516461+2.4599270057384857j),(2.3114780021755474+2.6899789193760526j),(0.14874074589083253-0.2785409562280735j),(-0.5896023902147336+0.04848904259050659j)
"(2.090909090909091, 3.2857142857142847)","(2.090909090909091, 3.2857142857142847)",(-2.1784619206318316+2.9124407651687694j),(-1.7972244783214806+3.172158294993262j),(0.2375885790900741-0.11211383014661254j),(-0.6188260214004251-0.14760369967787967j)
"(2.1333333333333333, 3.2857142857142847)","(2.1333333333333333, 3.2857142857142847)",(-3.986199090405391-0.9332211131027601j),(-3.608175896322051-0.5986345879652842j),(0.19509246812671896+0.026388217145189567j),(-0.5731156622100592-0.36097474228266546j)
"(2.175757575757576, 3.2857142857142847)","(2.175757575757576, 3.2857142857142847)",(-0.9796522394481695-4.018891938188746j),(-0.6504529389077378-3.526060716345352j),(0.11461237498152131+0.06693505932491985j),(-0.443811675521953-0.559766281168314j)
"(2.2181818181818183, 3.2857142857142847)","(2.2181818181818183, 3.2857142857142847)",(2.849415820741995-2.3570478589059185j),(2.9981722741009507-1.7032903786743594j),(0.08797016821914436+0.05444445148050597j),(-0.23672662157810032-0.7082019317120649j)
"(2.2606060606060607, 3.2857142857142847)","(2.2606060606060607, 3.2857142857142847)",(2.5531263355030824+1.5138369514461392j),(2.4187919547544956+2.206445041848716j),(0.10815868645320999+0.08083929112517886j),(0.02617569429537683-0.7734473815277555j)
"(2.303030303030303, 3.2857142857142847)","(2.303030303030303, 3.2857142857142847)",(-0.9500849712445905+2.2260657284982726j),(-1.344820814988241+2.7905273894606135j),(0.08627323922077185+0.16870780158181056j),(0.3084626045228787-0.7331694625441517j)
"(2.3454545454545452, 3.2857142857142847)","(2.3454545454545452, 3.2857142857142847)",(-2.3768735206512925-0.8845087463914127j),(-2.905670165263949-0.5377905182848253j),(-0.03576428666561937+0.2353786607080162j),(0.564560931278276-0.5820968888146036j)
"(2.3878787878787877, 3.2857142857142847)","(2.3878787878787877, 3.2857142857142847)",(0.359475191877106-3.023917197640091j),(-0.18691129249793237-2.868610137107628j),(-0.20174796319452876+0.1804657364179428j),(0.7481344475695672-0.3357727969504059j)
"(2.43030303030303, 3.2857142857142847)","(2.43030303030303, 3.2857142857142847)",(3.27368987839952-0.8953645195175236j),(2.735282660203186-0.8684611654108124j),(-0.2835819259700353+0.0031436246768700394j),(0.8219891441663689-0.030046978783581216j)
"(2.4727272727272727, 3.2857142857142847)","(2.4727272727272727, 3.2857142857142847)",(2.1112223663223535+2.592882219441949j),(1.5524304171900667+2.490040915735364j),(-0.20848406042087295-0.1814594894974565j),(0.7672760095531597+0.28430079320404145j)
"(2.515151515151515, 3.2857142857142847)","(2.515151515151515, 3.2857142857142847)",(-1.5140951627950305+2.538938809717088j),(-2.0697234656272037+2.236537946127106j),(-0.03390163095622314-0.24881561911877198j),(0.5895299337883962+0.5512164827087538j)
"(2.5575757575757576, 3.2857142857142847)","(2.5575757575757576, 3.2857142857142847)",(-2.419195752557173-0.8745743022821767j),(-2.850053374204118-1.4154461951367405j),(0.11134532207323604-0.18056783428074508j),(0.319512299573709+0.7214397271353089j)
"(2.6, 3.2857142857142847)","(2.6, 3.2857142857142847)",(0.6835783101158124-2.574922236947752j),(0.5224031839209332-3.2734520245365135j),(0.1532423836402101-0.06560413343919354j),(0.007932742554669166+0.7641339210279552j)
"(2.6424242424242426, 3.2857142857142847)","(2.6424242424242426, 3.2857142857142847)",(3.2265258940837023+0.14539736349622523j),(3.38493450604802-0.5365542974500845j),(0.12687471745632353+0.007043248956250763j),(-0.2852833294206413+0.674908411990059j)
"(2.684848484848485, 3.2857142857142847)","(2.684848484848485, 3.2857142857142847)",(1.2238610546072684+3.624073204277132j),(1.6223249137040299+3.110131684849058j),(0.10637822582003023+0.03629499279756693j),(-0.5048420849167919+0.47764652663050733j)
"(2.727272727272727, 3.2857142857142847)","(2.727272727272727, 3.2857142857142847)",(-2.9631904802444886+2.866893632247747j),(-2.4532870813725434+2.56815786197987j),(0.10356835116662354+0.07970089834153377j),(-0.6134717500385685+0.21903487192634344j)
"(2.7696969696969695, 3.2857142857142847)","(2.7696969696969695, 3.2857142857142847)",(-3.7676141124990603-1.3898763942827277j),(-3.227371687106549-1.4990965718413627j),(0.06073981644336135+0.15246357741158162j),(-0.6009822418358725-0.04324339985294672j)
"(2.812121212121212, 3.2857142857142847)","(2.812121212121212, 3.2857142857142847)",(-0.15457247552745584-3.5793834628272223j),(0.38780269693483677-3.5111590825619685j),(-0.05635320669728256+0.18739485780954696j),(-0.48602196576501006-0.2556192380748005j)
"(2.8545454545454545, 3.2857142857142847)","(2.8545454545454545, 3.2857142857142847)",(2.908444776079462-0.9948479480884501j),(3.404314904555766-0.7239282169352093j),(-0.18629723409580756+0.11173594431669331j),(-0.30957289438049634-0.3826556754699342j)
"(2.896969696969697, 3.2857142857142847)","(2.896969696969697, 3.2857142857142847)",(1.3593489467176163+2.4901955860624745j),(1.7006418623055681+2.9570767232474044j),(-0.21945572854832318-0.05136577437169695j),(-0.12183718703962872-0.415515362813233j)
"(2.9393939393939394, 3.2857142857142847)","(2.9393939393939394, 3.2857142857142847)",(-2.343407862128961+1.8941840418448737j),(-2.260333041220246+2.451983308547446j),(-0.1165289812183228-0.18589841215015987j),(0.03345416030960757-0.3719008545524127j)
"(2.981818181818182, 3.2857142857142847)","(2.981818181818182, 3.2857142857142847)",(-2.763360742253453-1.8991539275899965j),(-2.9379540584880828-1.4160129681164668j),(0.04254767501378651-0.1959193974982563j),(0.1320456412208435-0.28722156197527327j)
"(3.0242424242424244, 3.2857142857142847)","(3.0242424242424244, 3.2857142857142847)",(0.8287877792541365-3.457182855721405j),(0.5137265728320295-3.1583731379800213j),(0.14030032270772766-0.09891384912932857j),(0.1747608837143794-0.19989586861205477j)
"(3.066666666666667, 3.2857142857142847)","(3.066666666666667, 3.2857142857142847)",(3.4559344790820203-0.5082745371710575j),(3.1344832317499107-0.37995605687260253j),(0.13805641277010686+0.007811658521158142j),(0.18339483456200306-0.13613013881961317j)
"(3.109090909090909, 3.2857142857142847)","(3.109090909090909, 3.2857142857142847)",(1.4988212592064767+2.852380275680154j),(1.2192896390786636+2.8917889130124204j),(0.09135366423579172+0.06075171697895867j),(0.18817795589202135-0.10016035431122525j)
"(3.1515151515151514, 3.2857142857142847)","(3.1515151515151514, 3.2857142857142847)",(-2.1819056797003675+1.976861336501137j),(-2.450773968259511+1.968899030779052j),(0.05725132588940728+0.08222515277580028j),(0.21161696266973595-0.07426284705371554j)
"(3.193939393939394, 3.2857142857142847)","(3.193939393939394, 3.2857142857142847)",(-2.315272988434543-1.7428042920304065j),(-2.592085213582401-1.8277009351363165j),(0.0213098973962501+0.11406818265754076j),(0.2555023277516081-0.029171539551630803j)
"(3.2363636363636363, 3.2857142857142847)","(3.2363636363636363, 3.2857142857142847)",(1.2809382205359099-2.852513281807682j),(1.0432184988559274-3.0441838049039713j),(-0.05952778337479708+0.1327853795315955j),(0.2972475050547797+0.05888514356469358j)
"(3.278787878787879, 3.2857142857142847)","(3.278787878787879, 3.2857142857142847)",(3.4116046212204565+0.39596257360173437j),(3.274337829164266+0.13358639979148587j),(-0.1610770659007923+0.07066326200971254j),(0.2983438579569824+0.19171291180053593j)
"(3.3212121212121213, 3.2857142857142847)","(3.3212121212121213, 3.2857142857142847)",(0.8789588778681954+3.4997547789236734j),(0.8412696923485266+3.235295293482058j),(-0.184924770628392-0.07669252568182058j),(0.2226139561480608+0.341152011123436j)
"(3.3636363636363638, 3.2857142857142847)","(3.3636363636363638, 3.2857142857142847)",(-2.910720690326398+2.0487383120144878j),(-2.897690303357183+1.7971010714577456j),(-0.0701401021686842-0.20310391212743856j),(0.05710971519946889+0.4547411526841807j)
"(3.4060606060606062, 3.2857142857142847)","(3.4060606060606062, 3.2857142857142847)",(-2.6961964250893753-1.9768049314719163j),(-2.6334327732592246-2.2636857683120537j),(0.11108365281150177-0.18785968917145632j),(-0.17384730464165213+0.47474052601159383j)
"(3.4484848484848487, 3.2857142857142847)","(3.4484848484848487, 3.2857142857142847)",(1.1729940356872026-2.9181900117206805j),(1.3751446155282865-3.2487120303970554j),(0.20721302371446085-0.03344852283802863j),(-0.4093636035555448+0.36397054151440345j)
"(3.4909090909090907, 3.2857142857142847)","(3.4909090909090907, 3.2857142857142847)",(3.1323408126414414+0.5661122534908738j),(3.5585595608618097+0.31331354598853245j),(0.14355940056358185+0.12511422637056296j),(-0.56977814878395+0.12768448113177838j)
"(3.533333333333333, 3.2857142857142847)","(3.533333333333333, 3.2857142857142847)",(0.222478530431774+3.4944429289035472j),(0.8104088756667617+3.5123276120827596j),(-0.001481640912489032+0.16136660025692137j),(-0.5864487043224986-0.17925128343613353j)
"(3.5757575757575757, 3.2857142857142847)","(3.5757575757575757, 3.2857142857142847)",(-3.62840009608333+1.4895266306688453j),(-3.103795105313748+1.87055951813882j),(-0.09251912542051173+0.08453919530697607j),(-0.43208586534907034-0.4655720827769506j)
"(3.618181818181818, 3.2857142857142847)","(3.618181818181818, 3.2857142857142847)",(-2.9719409150730773-3.004851150452182j),(-2.746809047721508-2.373560808833456j),(-0.08691615245942175+0.0032057340073513665j),(-0.13821571489214743-0.6344960756260772j)
"(3.6606060606060606, 3.2857142857142847)","(3.6606060606060606, 3.2857142857142847)",(1.5574776014030398-3.982528910129916j),(1.4029021662960102-3.342012799939703j),(-0.05513597778602658-0.019372828768063552j),(0.2097114128930561-0.6211432814221495j)
"(3.703030303030303, 3.2857142857142847)","(3.703030303030303, 3.2857142857142847)",(4.037436096554689-0.14841119761870614j),(3.595492370670388+0.3008871269745245j),(-0.05823480654341072-0.02833383152529116j),(0.5001785324277119-0.4209644930679395j)
"(3.7454545454545456, 3.2857142857142847)","(3.7454545454545456, 3.2857142857142847)",(1.3929616050657387+3.311718188565206j),(0.8121481263492777+3.489383080122424j),(-0.055939513548498444-0.08177018124926082j),(0.6367529922649595-0.09589471030795749j)
"(3.787878787878788, 3.2857142857142847)","(3.787878787878788, 3.2857142857142847)",(-2.4472129193743233+1.9311391528299429j),(-3.047661591577487+1.821250627775378j),(0.02457633614619014-0.1364822364927233j),(0.5758723360569737+0.24637076154728835j)
"(3.83030303030303, 3.2857142857142847)","(3.83030303030303, 3.2857142857142847)",(-2.133650774639897-1.9227106443097741j),(-2.6306212754852942-2.3290677246840525j),(0.15230184146127362-0.08647867314385738j),(0.3446686593841237+0.4928357535181361j)
"(3.872727272727273, 3.2857142857142847)","(3.872727272727273, 3.2857142857142847)",(1.6347756452756106-2.5232239405715253j),(1.4161841182151234-3.1726064298768857j),(0.1884912173434482+0.0806028205876908j),(0.030100309717039222+0.5687796687176692j)
"(3.915151515151515, 3.2857142857142847)","(3.915151515151515, 3.2857142857142847)",(3.204506269798668+1.089506807367818j),(3.411357357573131+0.4032718388597068j),(0.049858105842152+0.22076949264599582j),(-0.25670919361661465+0.4654654758621155j)
"(3.957575757575758, 3.2857142857142847)","(3.957575757575758, 3.2857142857142847)",(0.029439338496303924+3.757524094816777j),(0.614872879466094+3.3418065885889603j),(-0.16002932196450187+0.17616725198398364j),(-0.42540421900528824+0.23955025424383286j)
"(4.0, 3.2857142857142847)","(4.0, 3.2857142857142847)",(-3.6630169695288406+1.5037507671378916j),(-2.985396860404649+1.551565001601777j),(-0.23728369035745414-0.03252774173339024j),(-0.4403364187667374-0.015286492730495229j)
"(-0.2, 3.571428571428571)","(-0.2, 3.571428571428571)",(-1.1011098721794843+1.8325433555430075j),(-1.6873100499793918+1.6958667001389036j),(-0.22326815182456072+0.6810453217425729j),(0.8094683296244684-0.544368666338469j)
"(-0.1575757575757576, 3.571428571428571)","(-0.1575757575757576, 3.571428571428571)",(3.195712420461501+1.8447107607531372j),(2.5636686792910535+1.7044601389550027j),(-0.1641744477315437+0.7076200149219283j),(0.7962181889019916-0.567369393123794j)
"(-0.11515151515151516, 3.571428571428571)","(-0.11515151515151516, 3.571428571428571)",(4.298193269107063-2.6069487541646916j),(3.6284934533308624-2.7450153892890703j),(-0.11624814950502875+0.7224949070607679j),(0.7859479652812296-0.5844282719363891j)
"(0.1393939393939394, 3.571428571428571)","(0.1393939393939394, 3.571428571428571)",(4.4358649668444565+0.3039901699538705j),(3.768176096744802+0.17347191526773678j),(-0.1325134710888458+0.6983493277795356j),(0.8002023411885003-0.5678310730934019j)
"(0.18181818181818182, 3.571428571428571)","(0.18181818181818182, 3.571428571428571)",(0.736131428249656+2.5942770634392516j),(0.10447085678643037+2.463775311167483j),(-0.183042826707606+0.6752684711070972j),(0.8147033981708317-0.5447667188353287j)
"(0.22424242424242424, 3.571428571428571)","(0.22424242424242424, 3.571428571428571)",(-2.397162110484597-0.2715904405647182j),(-2.9863613161430216-0.3970794816552368j),(-0.2425160357227433+0.6408683333009167j),(0.8317152413811679-0.5153792922103981j)
"(0.26666666666666666, 3.571428571428571)","(0.26666666666666666, 3.571428571428571)",(-0.4193025293546222-4.075038118309302j),(-0.9630672928194245-4.187648447465479j),(-0.3067884254421134+0.591991248749787j),(0.8505531889069158-0.4793809195936098j)
"(0.30909090909090914, 3.571428571428571)","(0.30909090909090914, 3.571428571428571)",(3.9759721414958116-3.2456270403233165j),(3.4758025819541816-3.33534658934503j),(-0.3702029930790912+0.5262082085589512j),(0.8703725526207212-0.43648865953723737j)
"(0.3515151515151515, 3.571428571428571)","(0.3515151515151515, 3.571428571428571)",(4.65557983860118+1.2898790586553206j),(4.191116070372499+1.233607914761835j),(-0.4256996212174819+0.4427300549350284j),(0.8901633894461625-0.3864589110415428j)
"(0.393939393939394, 3.571428571428571)","(0.393939393939394, 3.571428571428571)",(0.6833588023435344+3.3982575468827547j),(0.2399820431716768+3.3840129875498817j),(-0.46537268647660907+0.34337282198063024j),(0.9087494456484667-0.32912826264775713j)
"(0.43636363636363634, 3.571428571428571)","(0.43636363636363634, 3.571428571428571)",(-2.3688360974033817+0.37220547454081054j),(-2.8120390457494344+0.4033230623076534j),(-0.48159069430981344+0.23334273910035386j),(0.924793642655866-0.2644603268671968j)
"(0.4787878787878788, 3.571428571428571)","(0.4787878787878788, 3.571428571428571)",(-0.2820315371200396-3.274117057685899j),(-0.7501803499392562-3.2030227905708744j),(-0.46866389748956405+0.12150326434546593j),(0.9368127103087808-0.192597531460491j)
"(0.5212121212121212, 3.571428571428571)","(0.5212121212121212, 3.571428571428571)",(3.8714889977277265-2.197597428259j),(3.3531197843515974-2.103429909496118j),(-0.424834484521355+0.019748565720840605j),(0.9432036978974843-0.11391608448372224j)
"(0.5636363636363637, 3.571428571428571)","(0.5636363636363637, 3.571428571428571)",(4.092040876129125+2.221548321533704j),(3.503857328269974+2.3094279204087877j),(-0.35410146473408527-0.0587981959176945j),(0.9422850125932366-0.029081402957389466j)
"(0.6060606060606062, 3.571428571428571)","(0.6060606060606062, 3.571428571428571)",(-0.045017143941835425+3.8350725035160065j),(-0.7102082310079979+3.876938915202477j),(-0.26716317822307445-0.10276618158310806j),(0.9323542652892369+0.060899769896637444j)
"(0.6484848484848484, 3.571428571428571)","(0.6484848484848484, 3.571428571428571)",(-2.7617369184924874+0.4373992300484195j),(-3.4928064367249556+0.38900958344430525j),(-0.18069493895678773-0.10624582163023967j),(0.911764457189256+0.1546354682343539j)
"(0.6909090909090909, 3.571428571428571)","(0.6909090909090909, 3.571428571428571)",(-0.2330280132316478-3.066840199686157j),(-0.9976300897840343-3.2449214258869623j),(-0.11441675824737273-0.07223760498413018j),(0.8790188347997592+0.25031883118493553j)
"(0.7333333333333334, 3.571428571428571)","(0.7333333333333334, 3.571428571428571)",(3.967594757209085-1.5349578174780607j),(3.2207341518541184-1.8662311696210996j),(-0.08602241130434131-0.01444620219648415j),(0.8328830166593079+0.3457195543395231j)
"(0.7757575757575759, 3.571428571428571)","(0.7757575757575759, 3.571428571428571)",(3.82588230437059+3.1614705626807282j),(3.158334564315743+2.6792901077972258j),(-0.10496299560198528+0.043976593987607j),(0.7725107356568325+0.4382038608958956j)
"(0.8181818181818183, 3.571428571428571)","(0.8181818181818183, 3.571428571428571)",(-0.7075494639365939+4.71299806173756j),(-1.2381000860388065+4.112705336962771j),(-0.16702617549376816+0.07550248474360508j),(0.6975767975959807+0.5247902400311837j)
"(0.8606060606060608, 3.571428571428571)","(0.8606060606060608, 3.571428571428571)",(-3.6707808163769147+1.1536766619830843j),(-4.027018406843665+0.49485569740917773j),(-0.2521701852390888+0.05657382145373548j),(0.6084077757058391+0.602247143120171j)
"(0.9030303030303031, 3.571428571428571)","(0.9030303030303031, 3.571428571428571)",(-1.4332330584978246-2.491407791174415j),(-1.6116513767770626-3.135679581402272j),(-0.3276794884864381-0.022964818150428168j),(0.5060978067656761+0.6672366083782854j)
"(0.9454545454545455, 3.571428571428571)","(0.9454545454545455, 3.571428571428571)",(2.3338691367984086-1.3582776902372813j),(2.298437142961555-1.9218916147356235j),(-0.35716203297224564-0.15289027980006165j),(0.3925940268090992+0.7165042042984041j)
"(0.987878787878788, 3.571428571428571)","(0.987878787878788, 3.571428571428571)",(2.012202037971278+2.444971193395304j),(2.0549293926613053+1.9996899889802746j),(-0.31346157186144613-0.3018294589785071j),(0.27073421717141904+0.7471106633935367j)
"(1.0303030303030305, 3.571428571428571)","(1.0303030303030305, 3.571428571428571)",(-1.9235629960132483+2.9741651053244156j),(-1.8767038094872601+2.64237702444099j),(-0.19107795563668042-0.4249061512550842j),(0.1442187691106925+0.7566942321385096j)
"(1.0727272727272728, 3.571428571428571)","(1.0727272727272728, 3.571428571428571)",(-3.58833862579853-0.9567502286863603j),(-3.593385942719922-1.2216921287434286j),(-0.012453496293978123-0.47880356636510063j),(0.01750081321537015+0.743745466422169j)
"(1.1151515151515152, 3.571428571428571)","(1.1151515151515152, 3.571428571428571)",(-0.13307405523040788-3.944108269667547j),(-0.20500753032349367-4.212608160258255j),(0.17635052757780642-0.4393687646288659j),(-0.10441705248472062+0.707868655219574j)
"(1.1575757575757577, 3.571428571428571)","(1.1575757575757577, 3.571428571428571)",(4.025209359008546-1.5845512308623961j),(3.920301095272699-1.920364400693111j),(0.3211913652158979-0.31418414445639736j),(-0.21628310148005062+0.6499973142871122j)
"(1.2000000000000002, 3.571428571428571)","(1.2000000000000002, 3.571428571428571)",(3.2554362720317696+3.2105729194606107j),(3.186696984506133+2.78096359667767j),(0.38172552264070264-0.14291731884257322j),(-0.31298623511506624+0.5725266416255143j)
"(1.2424242424242427, 3.571428571428571)","(1.2424242424242427, 3.571428571428571)",(-1.4157464308584957+4.142610143862578j),(-1.3758918494383998+3.645930827406947j),(0.35015864159504045+0.01735423881035955j),(-0.3900132230151363+0.4793250776452718j)
"(1.284848484848485, 3.571428571428571)","(1.284848484848485, 3.571428571428571)",(-3.7043155438120885+0.24205858534451064j),(-3.51698570841733-0.25088082637650894j),(0.25660557568383+0.11734761291690889j),(-0.4439354110785882+0.3755917988041107j)
"(1.3272727272727274, 3.571428571428571)","(1.3272727272727274, 3.571428571428571)",(-0.8117591029243132-2.858375704983234j),(-0.4945212872635555-3.265785295411407j),(0.15563317867411058+0.1398711471836039j),(-0.47287099433486823+0.2675384432445693j)
"(1.3696969696969699, 3.571428571428571)","(1.3696969696969699, 3.571428571428571)",(2.7585163289182817-0.878405447492363j),(3.1373603518870943-1.1498201096427039j),(0.0980120494744393+0.10952237412701411j),(-0.47685607244325207+0.16189228802332664j)
"(1.4121212121212123, 3.571428571428571)","(1.4121212121212123, 3.571428571428571)",(1.6534883948668624+3.1215617338303683j),(2.010100625157631+2.976795076771587j),(0.10143902728477866+0.0795226462650071j),(-0.4580512575755471+0.06524401079377416j)
"(1.4545454545454546, 3.571428571428571)","(1.4545454545454546, 3.571428571428571)",(-2.71879171367901+3.135139109954383j),(-2.4359036788706656+3.052255731890323j),(0.13782616634824965+0.09958930195276638j),(-0.4207142011565943-0.016705923888706554j)
"(1.496969696969697, 3.571428571428571)","(1.496969696969697, 3.571428571428571)",(-4.153018200352919-1.2248783416874203j),(-3.9303369573146902-1.3267170510855077j),(0.14820393408110422+0.18175482630147594j),(-0.3708851771193321-0.07991611690338847j)
"(1.5393939393939395, 3.571428571428571)","(1.5393939393939395, 3.571428571428571)",(-0.4231319064064016-4.080098254461985j),(-0.18790067131896218-4.243654973818657j),(0.0805333362912506+0.2862312199789078j),(-0.31576457137869-0.12267450062223606j)
"(1.581818181818182, 3.571428571428571)","(1.581818181818182, 3.571428571428571)",(3.4946891685483665-1.4962642896616452j),(3.8284558197112077-1.6909030922020276j),(-0.07095944547804832+0.34067867589080536j),(-0.262807205684793-0.14603987335042284j)
"(1.6242424242424245, 3.571428571428571)","(1.6242424242424245, 3.571428571428571)",(2.3099309531404595+2.984982399062389j),(2.7806082050556817+2.8531888160040557j),(-0.2520621819468534+0.2857205611771521j),(-0.2186150699683685-0.1539269781188191j)
"(1.6666666666666667, 3.571428571428571)","(1.6666666666666667, 3.571428571428571)",(-2.2437121201244596+3.2618472874173863j),(-1.68100252876247+3.295435794985093j),(-0.37493988799713707+0.11914636830770385j),(-0.18776970336485246-0.15273487587541057j)
"(1.7090909090909092, 3.571428571428571)","(1.7090909090909092, 3.571428571428571)",(-3.893757663423057-0.8763119909501861j),(-3.349445319815388-0.6324512193023945j),(-0.3725153488394792-0.09338652234425801j),(-0.17179699476818988-0.15047424930353356j)
"(1.7515151515151517, 3.571428571428571)","(1.7515151515151517, 3.571428571428571)",(-0.591644874008764-3.600362161373244j),(-0.17768431852046648-3.1905651628275415j),(-0.2454736668932994-0.2543650299469765j),(-0.16848688859499805-0.15543196859872638j)
"(1.7939393939393942, 3.571428571428571)","(1.7939393939393942, 3.571428571428571)",(2.7695023626921973-1.3109544660060297j),(3.0071470152026283-0.8394642230165412j),(-0.06586029120858483-0.2969777215337057j),(-0.17178436130184616-0.17451252145578283j)
"(1.8363636363636366, 3.571428571428571)","(1.8363636363636366, 3.571428571428571)",(1.4144753195662483+2.374004611028195j),(1.516135210085231+2.815573453465019j),(0.07075505342128889-0.23006867483658525j),(-0.17241494394027154-0.21150016760023863j)
"(1.8787878787878791, 3.571428571428571)","(1.8787878787878791, 3.571428571428571)",(-2.5301431342609795+1.895448809192544j),(-2.4836298849468856+2.2898625740403604j),(0.11279037644887631-0.12884294565472565j),(-0.15930362576297014-0.26557081919309056j)
"(1.9212121212121216, 3.571428571428571)","(1.9212121212121216, 3.571428571428571)",(-3.1186202594721277-2.254699725591784j),(-3.0846942623319253-1.850307062532377j),(0.08777032496274445-0.0739697269694143j),(-0.12169632210294686-0.3304229360899927j)
"(1.9636363636363636, 3.571428571428571)","(1.9636363636363636, 3.571428571428571)",(0.874987373862475-4.180189862449413j),(0.8531251382145392-3.700639318667614j),(0.07357969244509575-0.0851827089329185j),(-0.051717456797159854-0.3943678348488804j)
"(2.006060606060606, 3.571428571428571)","(2.006060606060606, 3.571428571428571)",(4.100295246544242-0.9601493070432634j),(3.9217856066177674-0.41290700257290364j),(0.1254377031985157-0.10563672690054694j),(0.05307193672795842-0.4416055775698128j)
"(2.0484848484848484, 3.571428571428571)","(2.0484848484848484, 3.571428571428571)",(2.1347293014817224+3.1171715200271004j),(1.72766766789706+3.627024319415609j),(0.21939011554873203-0.055140489448442874j),(0.1876715180359305-0.4547123099400659j)
"(2.090909090909091, 3.571428571428571)","(2.090909090909091, 3.571428571428571)",(-2.2401703198991143+2.510189596314983j),(-2.844264968935023+2.8388125713888477j),(0.26531764608418135+0.08947627275699069j),(0.33877700295172725-0.4180992478308551j)
"(2.1333333333333333, 3.571428571428571)","(2.1333333333333333, 3.571428571428571)",(-2.888302967924486-1.7935389233227854j),(-3.5588473760609514-1.7299931267504005j),(0.18501120245201153+0.2583711451894727j),(0.4855332056844539-0.3219169417618575j)
"(2.175757575757576, 3.571428571428571)","(2.175757575757576, 3.571428571428571)",(1.0893220343373453-3.6490739968151247j),(0.4971992769371448-3.8192637226764568j),(-0.010014102247623806+0.3358255531666879j),(0.6021368596478243-0.16563582730535595j)
"(2.2181818181818183, 3.571428571428571)","(2.2181818181818183, 3.571428571428571)",(4.114041922114424-0.3693462248233975j),(3.665366378603358-0.6649436333146985j),(-0.2134722131978654+0.2560075083427516j),(0.6621477567089316+0.03958990014854939j)
"(2.2606060606060607, 3.571428571428571)","(2.2606060606060607, 3.571428571428571)",(1.9817563093826562+3.5414346117413773j),(1.6417605466075538+3.2071520502355146j),(-0.3039294117290024+0.06367643989033922j),(0.6439251745041048+0.27060612161552317j)
"(2.303030303030303, 3.571428571428571)","(2.303030303030303, 3.571428571428571)",(-2.265107528188777+2.7745276739634073j),(-2.558691836368183+2.3985510906508574j),(-0.24260751650284978-0.11855867997188108j),(0.5361918246822558+0.49453526328443104j)
"(2.3454545454545452, 3.571428571428571)","(2.3454545454545452, 3.571428571428571)",(-2.7081831771798486-1.3138803028921422j),(-2.9497806773061197-1.7963929946381187j),(-0.10085908476839957-0.19117864038576743j),(0.34245658489467073+0.673691332131744j)
"(2.3878787878787877, 3.571428571428571)","(2.3878787878787877, 3.571428571428571)",(1.0434045603604334-2.6987704405872455j),(0.9508847066676329-3.3156494142934023j),(0.009507338315175968-0.15566257284869384j),(0.08301251537762445+0.7725415465548507j)
"(2.43030303030303, 3.571428571428571)","(2.43030303030303, 3.571428571428571)",(3.321756116188287+0.6972539733528302j),(3.490342293596532+0.028444776912741616j),(0.037872202903741534-0.09667161651931462j),(-0.2064583803119866+0.7654808129594032j)
"(2.4727272727272727, 3.571428571428571)","(2.4727272727272727, 3.571428571428571)",(0.5054030716314939+3.992373586112203j),(0.9549947756567703+3.4358370086459598j),(0.030405333848785018-0.08717825870394562j),(-0.4799970378740613+0.6437148361701885j)
"(2.515151515151515, 3.571428571428571)","(2.515151515151515, 3.571428571428571)",(-3.724956940532726+2.254001923704455j),(-3.1007537856663956+1.946902066568872j),(0.06543589145207959-0.11232346709529369j),(-0.68963904631841+0.4194233242308764j)
"(2.5575757575757576, 3.571428571428571)","(2.5575757575757576, 3.571428571428571)",(-3.490892819517051-2.4174291045628102j),(-2.851516300385346-2.4524109249067716j),(0.15598796288200345-0.09073562323511707j),(-0.7953644820137089+0.1257174435790781j)
"(2.6, 3.571428571428571)","(2.6, 3.571428571428571)",(0.954768478643798-3.706839794127805j),(1.5060527906069159-3.5459821369755997j),(0.2232445880609626+0.027413258258713366j),(-0.7745289000240805-0.18827091541091828j)
"(2.6424242424242426, 3.571428571428571)","(2.6424242424242426, 3.571428571428571)",(3.457158485784463+0.06056153318584068j),(3.911779798424715+0.33834509704564686j),(0.17370817295480664+0.18887120118178483j),(-0.6283294855950583-0.466654765041591j)
"(2.684848484848485, 3.571428571428571)","(2.684848484848485, 3.571428571428571)",(0.5400716200728928+3.482719486926006j),(0.9200506775315741+3.8686907098767844j),(0.0032759879042818466+0.2726688344209719j),(-0.3832550453629631-0.6586400573717507j)
"(2.727272727272727, 3.571428571428571)","(2.727272727272727, 3.571428571428571)",(-3.667432229010004+1.5821340198229124j),(-3.3989648927038605+2.1095762685003088j),(-0.1819408926529231+0.20275900587816525j),(-0.08652644365322065-0.7302012545555618j)
"(2.7696969696969695, 3.571428571428571)","(2.7696969696969695, 3.571428571428571)",(-3.1269551093885153-3.2022793061573736j),(-3.075411494986937-2.554215903590395j),(-0.25547472679349165+0.024417623868270857j),(0.20393111239191325-0.6724810264352493j)
"(2.812121212121212, 3.571428571428571)","(2.812121212121212, 3.571428571428571)",(1.6941472761078804-4.338495617346041j),(1.4442537013718044-3.6987756164016465j),(-0.18291995976775174-0.13539021208550192j),(0.43281353450382776-0.504329788858893j)
"(2.8545454545454545, 3.571428571428571)","(2.8545454545454545, 3.571428571428571)",(4.434224926916975-0.23867053966193819j),(3.9172406577679357+0.21289880205501038j),(-0.04368103800243634-0.18378135220250758j),(0.5606653071514753-0.267787989514441j)
"(2.896969696969697, 3.571428571428571)","(2.896969696969697, 3.571428571428571)",(1.6203528633242124+3.5776680215729715j),(0.9909949235803275+3.7300425442430707j),(0.056097399851139276-0.13509476283331104j),(0.5732605398927455-0.017279759836788165j)
"(2.9393939393939394, 3.571428571428571)","(2.9393939393939394, 3.571428571428571)",(-2.621950192653948+2.1628556705901465j),(-3.1894394917541478+2.0390643771713775j),(0.08331116840579456-0.07092412639216653j),(0.4841781306944053+0.19471541981093538j)
"(2.981818181818182, 3.571428571428571)","(2.981818181818182, 3.571428571428571)",(-2.4246301913508868-2.0917426684866474j),(-2.8397826041481946-2.3829482638258592j),(0.08568374198854796-0.0401771300477596j),(0.3294686708087601+0.33138272538697144j)
"(3.0242424242424244, 3.571428571428571)","(3.0242424242424244, 3.571428571428571)",(1.6780668866847794-2.9777303030704894j),(1.412862386587088-3.3436473207358377j),(0.10943383691220353-0.01447883541898846j),(0.155770663185488+0.38039585308433704j)
"(3.066666666666667, 3.571428571428571)","(3.066666666666667, 3.571428571428571)",(3.6747426475942873+0.7882567615720691j),(3.5387994757950008+0.3787911534874372j),(0.13041766983010794+0.05461531772619293j),(0.005525501969178748+0.354850290358439j)
"(3.109090909090909, 3.571428571428571)","(3.109090909090909, 3.571428571428571)",(0.6205870351468435+3.87800627819468j),(0.6332769475410533+3.4409891239756685j),(0.08309685136197653+0.15120589449854296j),(-0.09578676375618633+0.2858112597204683j)
"(3.1515151515151514, 3.571428571428571)","(3.1515151515151514, 3.571428571428571)",(-3.2750476322334823+1.9547165081341427j),(-3.0824508984895416+1.554681681252012j),(-0.046759330398351825+0.19108942128646503j),(-0.14583740334558848+0.20894540559566557j)
"(3.193939393939394, 3.571428571428571)","(3.193939393939394, 3.571428571428571)",(-2.674297928960114-2.242454980134197j),(-2.332262117265572-2.503364365912047j),(-0.17941262882239772+0.11082854933055489j),(-0.1626231828721439+0.15008083644729503j)
"(3.2363636363636363, 3.571428571428571)","(3.2363636363636363, 3.571428571428571)",(1.3664778424638462-2.859583778512309j),(1.7477362716873652-2.924034081939943j),(-0.20778297620678177-0.0508706394046345j),(-0.1734754530167373+0.11532094283226828j)
"(3.278787878787879, 3.571428571428571)","(3.278787878787879, 3.571428571428571)",(2.9904717697276215+0.7761206175771685j),(3.295514929346618+0.8634989632370437j),(-0.10494909469211437-0.17735811947067334j),(-0.2000940649268823+0.08997977381079822j)
"(3.3212121212121213, 3.571428571428571)","(3.3212121212121213, 3.571428571428571)",(-0.1038013737626356+3.2834669701004633j),(0.09496603808458147+3.418887582389446j),(0.04706582787618046-0.18276591992877878j),(-0.24583323972339752+0.0473453076397962j)
"(3.3636363636363638, 3.571428571428571)","(3.3636363636363638, 3.571428571428571)",(-3.4276160272176193+0.9412853146479653j),(-3.275673108468878+1.064394052328402j),(0.1392175328871772-0.08728750772769328j),(-0.29116045163591814-0.03582122995274327j)
"(3.4060606060606062, 3.571428571428571)","(3.4060606060606062, 3.571428571428571)",(-2.1375870397667645-3.0060903285036993j),(-1.9725875807840068-2.8620404272474302j),(0.13533062963019188+0.019420212699106397j),(-0.30033008861294974-0.1634701139553756j)
"(3.4484848484848487, 3.571428571428571)","(3.4484848484848487, 3.571428571428571)",(2.0393228914954715-2.9776231233684403j),(2.194790440521055-2.7420846770495717j),(0.08223125688907809+0.0760167278520033j),(-0.23769880591466186-0.3115551741708718j)
"(3.4909090909090907, 3.571428571428571)","(3.4909090909090907, 3.571428571428571)",(3.2431576120266707+0.977063103449614j),(3.2975572919079683+1.315675955921054j),(0.0331020984920524+0.0931103998046292j),(-0.08750177837334965-0.43172325227606917j)
"(3.533333333333333, 3.571428571428571)","(3.533333333333333, 3.571428571428571)",(-0.17264811471956745+3.2106853574848753j),(-0.29208558854271993+3.575692953643367j),(-0.012208913573043474+0.10285010015030363j),(0.13164638739619597-0.46785769630879526j)
"(3.5757575757575757, 3.571428571428571)","(3.5757575757575757, 3.571428571428571)",(-3.248005792683686+0.5009631486192607j),(-3.5354648108795907+0.786949527626829j),(-0.07782278693321082+0.09413534901096673j),(0.36528180512911596-0.380121728018535j)
"(3.618181818181818, 3.571428571428571)","(3.618181818181818, 3.571428571428571)",(-1.4244647811893363-3.3066935450256447j),(-1.8192779812307625-3.1664484860536395j),(-0.14293754977109197+0.026581090398835095j),(0.5377507498125182-0.16682614937084062j)
"(3.6606060606060606, 3.571428571428571)","(3.6606060606060606, 3.571428571428571)",(2.9341445163301465-2.668353917954217j),(2.4932102180182674-2.7014159865635015j),(-0.13834336472234077-0.09311076441040923j),(0.5792776630342196+0.1261728330196939j)
"(3.703030303030303, 3.571428571428571)","(3.703030303030303, 3.571428571428571)",(3.7688212961189076+1.8091025486448031j),(3.341569784351995+1.5746242287470067j),(-0.028259676124544143-0.18039229578469398j),(0.4555111878914566+0.4148706156824905j)
"(3.7454545454545456, 3.571428571428571)","(3.7454545454545456, 3.571428571428571)",(-0.1888575777030898+4.129019793586296j),(-0.4980359793222635+3.6715947079364417j),(0.12220911742951861-0.14674415139847866j),(0.18696928418965508+0.6041692370483324j)
"(3.787878787878788, 3.571428571428571)","(3.787878787878788, 3.571428571428571)",(-3.6163097639215485+1.2518488874332134j),(-3.6558429053204935+0.6307942300316441j),(0.1910445897403709-0.00235032090394551j),(-0.15151144834142588+0.6234049783055148j)
"(3.83030303030303, 3.571428571428571)","(3.83030303030303, 3.571428571428571)",(-2.0341274323592264-2.701214141322495j),(-1.7002795048445885-3.2955111596652453j),(0.11980709419245694+0.1381287159968122j),(-0.453655021707095+0.45616830234593825j)
"(3.872727272727273, 3.571428571428571)","(3.872727272727273, 3.571428571428571)",(1.9835885931887232-2.2898633612360393j),(2.6279830779159146-2.6060845774952286j),(-0.02471847912154458+0.1651750921071529j),(-0.6196760056056466+0.15104612415203603j)
"(3.915151515151515, 3.571428571428571)","(3.915151515151515, 3.571428571428571)",(2.5468843757930415+1.60780898242492j),(3.2627257239852825+1.7215548588853455j),(-0.12130325678249751+0.07933253678553812j),(-0.5945380914097432-0.19307841324596373j)
"(3.957575757575758, 3.571428571428571)","(3.957575757575758, 3.571428571428571)",(-1.1730656302738853+3.123549147412589j),(-0.6666560670692061+3.612156631208998j),(-0.1161086294411924-0.02575205732925338j),(-0.39030093376348685-0.46285542646715555j)
"(4.0, 3.571428571428571)","(4.0, 3.571428571428571)",(-3.7669101379382286-0.21244779709825679j),(-3.628460226221788+0.4348949181177212j),(-0.05633618797988347-0.07395826101339475j),(-0.08211372373655684-0.5733844542025832j)
"(-0.2, 3.857142857142856)","(-0.2, 3.857142857142856)",(-4.120635088862388+3.9392648199838556j),(-3.6305196578966403+3.5632424704417516j),(-0.37361527841855086-0.5756360547769963j),(-0.11650015254719635+0.9516584043191002j)
"(-0.1575757575757576, 3.857142857142856)","(-0.1575757575757576, 3.857142857142856)",(0.49147361180129595+5.289877923478621j),(1.0037552495692093+4.883824219244394j),(-0.42041933211674987-0.5502951430400067j),(-0.09186230565116343+0.9563488472742343j)
"(-0.11515151515151516, 3.857142857142856)","(-0.11515151515151516, 3.857142857142856)",(3.1291029417565555+1.5603863601639063j),(3.656665850923883+1.1279655570114955j),(-0.4542358834151293-0.5271044304695937j),(-0.0733270257521984+0.9595252336220045j)
"(0.1393939393939394, 3.857142857142856)","(0.1393939393939394, 3.857142857142856)",(2.17459547980582+4.1013957108993j),(2.697331850773646+3.6678622189905634j),(-0.4286730322555338-0.5258023758335453j),(-0.09406333871229203+0.9593358677422826j)
"(0.18181818181818182, 3.857142857142856)","(0.18181818181818182, 3.857142857142856)",(-2.4395905193806597+5.242004439865108j),(-1.9327234743495425+4.8333574752888575j),(-0.38734488887748986-0.5468099838247026j),(-0.11952215615362748+0.9554569484009526j)
"(0.22424242424242424, 3.857142857142856)","(0.22424242424242424, 3.857142857142856)",(-5.123294643149283+1.2045879417181973j),(-4.6381465933579396+0.8237952783682676j),(-0.33408363266434765-0.5687221817867443j),(-0.15106441712699617+0.9495148451366741j)
"(0.26666666666666666, 3.857142857142856)","(0.26666666666666666, 3.857142857142856)",(-2.288564496393791-2.5444929536401073j),(-1.8313879506662532-2.897531552740928j),(-0.2686896968087483-0.5878302862453737j),(-0.18848684891878975+0.9408688853461946j)
"(0.30909090909090914, 3.857142857142856)","(0.30909090909090914, 3.857142857142856)",(1.880106693701697-0.9740714789708913j),(2.3034354859000303-1.3030659579931931j),(-0.19183734235062774-0.5997755799762069j),(-0.23149144984770553+0.9287700589985088j)
"(0.3515151515151515, 3.857142857142856)","(0.3515151515151515, 3.857142857142856)",(1.3470213063264609+3.387513629396765j),(1.7322107561047753+3.0750029843908857j),(-0.10552966688801822-0.5998658745299489j),(-0.2796597828902962+0.9123765195358282j)
"(0.393939393939394, 3.857142857142856)","(0.393939393939394, 3.857142857142856)",(-3.2355255370576224+4.019719536594374j),(-2.889619367083124+3.712566524111448j),(-0.013480968469034273-0.5836222304791259j),(-0.33242520150546406+0.8907752429620516j)
"(0.43636363636363634, 3.857142857142856)","(0.43636363636363634, 3.857142857142856)",(-5.42561223863527-0.3793756749947754j),(-5.115272279778027-0.6948203657176073j),(0.07870454562267612-0.5475664165119134j),(-0.389044504479919+0.8630111072347453j)
"(0.4787878787878788, 3.857142857142856)","(0.4787878787878788, 3.857142857142856)",(-2.057342054419701-4.0369960876297775j),(-1.7724855618718829-4.374931942710746j),(0.16371450778344232-0.4901886825144546j),(-0.44857100033126057+0.8281245375954233j)
"(0.5212121212121212, 3.857142857142856)","(0.5212121212121212, 3.857142857142856)",(2.3144491379604277-2.2160824973781796j),(2.5910635324447484-2.588343896946392j),(0.233217098831574-0.4129371800493277j),(-0.5098314933158945+0.7851985796175402j)
"(0.5636363636363637, 3.857142857142856)","(0.5636363636363637, 3.857142857142856)",(1.8478527426674187+2.1540588933688314j),(2.1401294749329436+1.7416061970683718j),(0.27913351214615334-0.3209630753817201j),(-0.5714102444116781+0.7334157716821798j)
"(0.6060606060606062, 3.857142857142856)","(0.6060606060606062, 3.857142857142856)",(-2.3663106227024944+2.6711095976710983j),(-2.0300940392891964+2.2222605222668865j),(0.29542687054777916-0.22327538258165872j),(-0.6316434539610774+0.6721244579858706j)
"(0.6484848484848484, 3.857142857142856)","(0.6484848484848484, 3.857142857142856)",(-3.8985671140732174-1.4598152753723461j),(-3.490067905307433-1.928770192438723j),(0.28012896967135054-0.13195827245152686j),(-0.6886281784371352+0.600913189517904j)
"(0.6909090909090909, 3.857142857142856)","(0.6909090909090909, 3.857142857142856)",(-0.12831372734364455-4.286793542009525j),(0.37484541827880974-4.746249842003972j),(0.23709058527687765-0.06023430239831433j),(-0.7402497308993319+0.5196906023927619j)
"(0.7333333333333334, 3.857142857142856)","(0.7333333333333334, 3.857142857142856)",(3.977392004636206-1.5267275694151887j),(4.584858143337604-1.9360446495558348j),(0.17676526524851358-0.01944959139370255j),(-0.784231403949911+0.4287666715343485j)
"(0.7757575757575759, 3.857142857142856)","(0.7757575757575759, 3.857142857142856)",(2.799779439317076+3.3365764903585404j),(3.5026555770966095+3.023133211511147j),(0.11533352844012791-0.015486309590148614j),(-0.8182096662196613+0.32892958843754244j)
"(0.8181818181818183, 3.857142857142856)","(0.8181818181818183, 3.857142857142856)",(-2.049556360290598+3.876917324750106j),(-1.2814687291190914+3.700974738000952j),(0.07174906226041416-0.04556824899455133j),(-0.8398366934319208+0.2215108357437056j)
"(0.8606060606060608, 3.857142857142856)","(0.8606060606060608, 3.857142857142856)",(-3.998280364715739-0.3221020641433737j),(-3.2142489598695843-0.3338011197296446j),(0.06287869751714603-0.09673046815026257j),(-0.8469101023633009+0.1084295237365335j)
"(0.9030303030303031, 3.857142857142856)","(0.9030303030303031, 3.857142857142856)",(-0.7159782079503931-3.185462551384308j),(0.023826669472055438-3.030517051771766j),(0.09772213453219579-0.14715147514455265j),(-0.8375270119546443-0.007794024467989142j)
"(0.9454545454545455, 3.857142857142856)","(0.9454545454545455, 3.857142857142856)",(2.723317127299112-0.7706288324087727j),(3.3610904990415156-0.4756328457325819j),(0.17248272494451986-0.1709302040365161j),(-0.8102560966869237-0.12406578263967473j)
"(0.987878787878788, 3.857142857142856)","(0.987878787878788, 3.857142857142856)",(1.1364968975903191+3.199763604140783j),(1.6321741652669672+3.582300722884543j),(0.26864001189701386-0.14574092085823093j),(-0.764317279573662-0.23679619788552905j)
"(1.0303030303030305, 3.857142857142856)","(1.0303030303030305, 3.857142857142856)",(-3.3643810212610923+2.692379328804538j),(-3.0204021178128806+3.0958142606011063j),(0.355775541587957-0.061398550033980315j),(-0.6997544450361689-0.34203638176258794j)
"(1.0727272727272728, 3.857142857142856)","(1.0727272727272728, 3.857142857142856)",(-4.339041865198257-1.996166529086692j),(-4.121017006549011-1.6342274198759268j),(0.39955766128179987+0.0737365922984751j),(-0.6175825199310452-0.4356757015092402j)
"(1.1151515151515152, 3.857142857142856)","(1.1151515151515152, 3.857142857142856)",(-0.16357880320609425-4.557138907668588j),(-0.016922604600719943-4.275172150460233j),(0.3732309371205404+0.23173155347666727j),(-0.5198871357259147-0.5136983106850225j)
"(1.1575757575757577, 3.857142857142856)","(1.1575757575757577, 3.857142857142856)",(3.5871815107479343-1.5280023440502868j),(3.7281480711790507-1.3268787234195563j),(0.26888709543026357+0.3713648952703478j),(-0.40985365586137973-0.5724885159010784j)
"(1.2000000000000002, 3.857142857142856)","(1.2000000000000002, 3.857142857142856)",(1.9221841822908414+2.809500950626259j),(2.110150935636728+2.967657982337702j),(0.10373676265242339+0.4510088183012207j),(-0.29170351599831007-0.6091658500126638j)
"(1.2424242424242427, 3.857142857142856)","(1.2424242424242427, 3.857142857142856)",(-2.5747973995860476+2.4263511971114777j),(-2.321748525423401+2.604078514687808j),(-0.08252845096386377+0.4441938102909845j),(-0.17052042319878255-0.6219211278673142j)
"(1.284848484848485, 3.857142857142856)","(1.284848484848485, 3.857142857142856)",(-3.407816159526898-1.9957322584965982j),(-3.1157218830112727-1.7370329732348533j),(-0.24013665710372575+0.3516165698575271j),(-0.05195761941189948-0.6103158551192719j)
"(1.3272727272727274, 3.857142857142856)","(1.3272727272727274, 3.857142857142856)",(0.6685063448242603-4.062935939236052j),(0.9381685125290733-3.690857170752709j),(-0.3278318348292871+0.2034220429070503j),(0.05816966712447409-0.5755008113903926j)
"(1.3696969696969699, 3.857142857142856)","(1.3696969696969699, 3.857142857142856)",(3.897936294043911-0.7170212508279159j),(4.073748922978875-0.2455371272680425j),(-0.3301983706522575+0.04882326520792797j),(0.1543857417172939-0.5203073887678014j)
"(1.4121212121212123, 3.857142857142856)","(1.4121212121212123, 3.857142857142856)",(1.6504688794612896+3.42053065254412j),(1.683506340896429+3.933903668636372j),(-0.26514736223189583-0.06420368706743246j),(0.23210990079675645-0.44916932902481976j)
"(1.4545454545454546, 3.857142857142856)","(1.4545454545454546, 3.857142857142856)",(-3.0237308561090384+2.530140876809048j),(-3.135750065704388+3.0086549928031503j),(-0.17618722871446774-0.11066958040663759j),(0.28820643830981774-0.367844535587465j)
"(1.496969696969697, 3.857142857142856)","(1.496969696969697, 3.857142857142856)",(-3.64228371480561-2.226653403778899j),(-3.852655237228487-1.8430192686631224j),(-0.11108205008960645-0.10070662558169176j),(0.3214535725124831-0.2829275095340848j)
"(1.5393939393939395, 3.857142857142856)","(1.5393939393939395, 3.857142857142856)",(0.6476363767650697-4.3332233525486625j),(0.41113804653756747-4.058001894016868j),(-0.09634821704690413-0.07404923224735997j),(0.33284654727440627-0.20117222628443523j)
"(1.581818181818182, 3.857142857142856)","(1.581818181818182, 3.857142857142856)",(3.93376501134118-1.0300853272292243j),(3.7294431780422017-0.8241310229849723j),(-0.12133056103520844-0.0772736102820219j),(0.3256523943341871-0.1286806939622301j)
"(1.6242424242424245, 3.857142857142856)","(1.6242424242424245, 3.857142857142856)",(1.8706743691311911+2.917414771738573j),(1.7082207612814189+3.1219316261490984j),(-0.1426974826715158-0.13446716223587704j),(0.305151090521288-0.07004969217464839j)
"(1.6666666666666667, 3.857142857142856)","(1.6666666666666667, 3.857142857142856)",(-2.298195106347896+2.034719024793126j),(-2.466311152352188+2.2904483792913415j),(-0.10991615277869048-0.2281284464766122j),(0.27803219878298224-0.02760090802160342j)
"(1.7090909090909092, 3.857142857142856)","(1.7090909090909092, 3.857142857142856)",(-2.4710140826930393-2.1547831992489543j),(-2.7232625825086783-1.8499207545751442j),(0.000781541998712783-0.30402248516381764j),(0.2514669578169262-0.0008399595099924453j)
"(1.7515151515151517, 3.857142857142856)","(1.7515151515151517, 3.857142857142856)",(1.607180227922579-3.4106708617145336j),(1.2108674706054512-3.1233783423898753j),(0.16437381371264226-0.30100323255027056j),(0.23193894360448553+0.013710713225612653j)
"(1.7939393939393942, 3.857142857142856)","(1.7939393939393942, 3.857142857142856)",(4.020968663992056+0.25778673730279966j),(3.4834658695182013+0.4261512029898381j),(0.31351936322949253-0.19055296066613117j),(0.22398343124436193+0.02218849497909274j)
"(1.8363636363636366, 3.857142857142856)","(1.8363636363636366, 3.857142857142856)",(1.1778040619649177+3.7067362312624534j),(0.5746951406856454+3.6755577665311643j),(0.37406490026259315-0.0013417284485074984j),(0.2290440210166791+0.03252019317979635j)
"(1.8787878787878791, 3.857142857142856)","(1.8787878787878791, 3.857142857142856)",(-2.9736429764402414+1.9816006317251176j),(-3.528670310772696+1.7384101965107916j),(0.31033750340026417+0.19015261243389825j),(0.24468983093219032+0.05303782278042781j)
"(1.9212121212121216, 3.857142857142856)","(1.9212121212121216, 3.857142857142856)",(-2.4757806889570078-2.5352969447461904j),(-2.8910325923483833-2.927574392521025j),(0.15081967746795794+0.3015530993183022j),(0.26443222592341736+0.0907243484565322j)
"(1.9636363636363636, 3.857142857142856)","(1.9636363636363636, 3.857142857142856)",(2.131793335308438-3.359367406422127j),(1.8794818940101372-3.803038372961467j),(-0.026013142775885144+0.29432366390810366j),(0.27832458407418603+0.14934730263123663j)
"(2.006060606060606, 3.857142857142856)","(2.006060606060606, 3.857142857142856)",(4.411081989296894+0.9466160805247033j),(4.2767868088574605+0.5214318143151037j),(-0.1401222274272551+0.19735233365059351j),(0.27441740786668956+0.22783193255900616j)
"(2.0484848484848484, 3.857142857142856)","(2.0484848484848484, 3.857142857142856)",(1.0060014458605386+4.618484952704049j),(0.9260442093369268+4.214088539074667j),(-0.16102379028549577+0.08512527534410957j),(0.24098102680910755+0.3192711382852718j)
"(2.090909090909091, 3.857142857142856)","(2.090909090909091, 3.857142857142856)",(-3.594004611336324+2.6649875935984877j),(-3.6390864844126685+2.2308808014177552j),(-0.12413819946291803+0.023165740646454255j),(0.16922007253926247+0.4109410515342782j)
"(2.1333333333333333, 3.857142857142856)","(2.1333333333333333, 3.857142857142856)",(-3.2557585536344784-2.1699602074643787j),(-3.2141578100375385-2.67573982237683j),(-0.09762336684391554+0.020207825502544484j),(0.05602262324697577+0.4855717894099067j)
"(2.175757575757576, 3.857142857142856)","(2.175757575757576, 3.857142857142856)",(1.2810732374877338-3.235516709100006j),(1.497733375024815-3.784896964031687j),(-0.12281741722497151+0.02546784811658474j),(-0.09384272031210962+0.5239124068150964j)
"(2.2181818181818183, 3.857142857142856)","(2.2181818181818183, 3.857142857142856)",(3.497158348664796+0.7601106277455849j),(3.9393999636929515+0.27524542395181195j),(-0.17554199502337803-0.02348447473006675j),(-0.2666996200047778+0.5083496785238397j)
"(2.2606060606060607, 3.857142857142856)","(2.2606060606060607, 3.857142857142856)",(0.23801973558864847+4.0227789736946935j),(0.8618268453393262+3.734498778023264j),(-0.18318757967766383-0.1387588656386978j),(-0.44061953007301385+0.4270390613101277j)
"(2.303030303030303, 3.857142857142856)","(2.303030303030303, 3.857142857142856)",(-3.9280651635380144+1.854616298001389j),(-3.251525168287445+1.835848093162104j),(-0.08852259677158539-0.2589825083593891j),(-0.5880173984789843+0.2777507131986741j)
"(2.3454545454545452, 3.857142857142856)","(2.3454545454545452, 3.857142857142856)",(-3.2010477645832376-2.786646166139268j),(-2.611846160925933-2.5668392638185593j),(0.09085726084975085-0.29030782821526796j),(-0.6800588645070554+0.07050092589455903j)
"(2.3878787878787877, 3.857142857142856)","(2.3878787878787877, 3.857142857142856)",(1.3067232027633713-3.5321108444354214j),(1.7380084651771621-3.1768757688331015j),(0.26100869863750886-0.18333346745767j),(-0.6922939610512997-0.17190160814464975j)
"(2.43030303030303, 3.857142857142856)","(2.43030303030303, 3.857142857142856)",(3.226485524460746+0.40795616395173406j),(3.5203485948687514+0.8062743731224487j),(0.31664018261593835+0.01765810583490951j),(-0.6105032530239434-0.41597631500562404j)
"(2.4727272727272727, 3.857142857142856)","(2.4727272727272727, 3.857142857142856)",(-0.02178654351298065+3.2007689677305056j),(0.190636370068503+3.623917681464326j),(0.22303653529976936+0.19928460689012967j),(-0.43545944888125304-0.62243332062395j)
"(2.515151515151515, 3.857142857142856)","(2.515151515151515, 3.857142857142856)",(-3.603599005398175+0.7134204281099693j),(-3.463694935997414+1.204089099803586j),(0.04538003616307506+0.26253665345236704j),(-0.18528410556383584-0.7532053251459837j)
"(2.5575757575757576, 3.857142857142856)","(2.5575757575757576, 3.857142857142856)",(-2.1634326156338712-3.604878333294404j),(-2.1661674211881663-3.0220471253486787j),(-0.10287687603410513+0.1965914598306578j),(0.10561168158839986-0.7794226677763827j)
"(2.6, 3.857142857142856)","(2.6, 3.857142857142856)",(2.543916339975231-3.6011760547990495j),(2.302835196242438-2.991371160186025j),(-0.15029092366690078+0.07881739321451899j),(0.39137206739969405-0.6886222878275436j)
"(2.6424242424242426, 3.857142857142856)","(2.6424242424242426, 3.857142857142856)",(4.093569250768252+0.85477407487502j),(3.588031785335129+1.3434058900746946j),(-0.11727998013589064+0.0007102738778722192j),(0.6228174455690138-0.4893420890775467j)
"(2.684848484848485, 3.857142857142856)","(2.684848484848485, 3.857142857142856)",(0.4576244755658957+3.6515809320106802j),(-0.2184870921190554+3.8755999207698015j),(-0.08129368095004691-0.012442432731672554j),(0.757405248634998-0.2115765560274491j)
"(2.727272727272727, 3.857142857142856)","(2.727272727272727, 3.857142857142856)",(-3.125148457632022+1.0502967324203933j),(-3.8023031714201547+0.9657167358633427j),(-0.09171464950570561-0.013048989268400752j),(0.7688693632938385+0.09762898582545128j)
"(2.7696969696969695, 3.857142857142856)","(2.7696969696969695, 3.857142857142856)",(-1.5497804427809483-3.0386414529675547j),(-2.085734191140579-3.358004568044916j),(-0.11815262019472886-0.06365140663307715j),(0.6541063685543593+0.38301452171043854j)
"(2.812121212121212, 3.857142857142856)","(2.812121212121212, 3.857142857142856)",(2.929107089890243-2.5851653872951257j),(2.5789252087411643-3.019576770367641j),(-0.08505295726076026-0.1582854951751354j),(0.4352348384098389+0.5926968782476505j)
"(2.8545454545454545, 3.857142857142856)","(2.8545454545454545, 3.857142857142856)",(3.861102177087498+2.0183230144275237j),(3.6654115191675336+1.5434044836353211j),(0.039928595906520516-0.2149379784055692j),(0.15576206201344373+0.6898565091977716j)
"(2.896969696969697, 3.857142857142856)","(2.896969696969697, 3.857142857142856)",(-0.29510984927741246+4.464828146484954j),(-0.3602169680685972+3.9560771173185714j),(0.19383315226373513-0.15272890515888624j),(-0.1287260334725504+0.6614799343252686j)
"(2.9393939393939394, 3.857142857142856)","(2.9393939393939394, 3.857142857142856)",(-3.9687519226657075+1.38865637258055j),(-3.8668796227797784+0.8474672598324042j),(0.2614740842404426+0.019615614767617983j),(-0.3633463841263713+0.5215734979805278j)
"(2.981818181818182, 3.857142857142856)","(2.981818181818182, 3.857142857142856)",(-2.287215710187283-2.913645053760987j),(-1.958871403548361-3.41600292341082j),(0.17860061665919483+0.19479639044804034j),(-0.5069449232981171+0.3075614792017928j)
"(3.0242424242424244, 3.857142857142856)","(3.0242424242424244, 3.857142857142856)",(2.1128647119465547-2.5461912203771524j),(2.6585791344429053-2.8699977727389077j),(-0.003975617559900233+0.25335355188073116j),(-0.5417388049364503+0.07045300048102404j)
"(3.066666666666667, 3.857142857142856)","(3.066666666666667, 3.857142857142856)",(2.8663822165728385+1.703733820839866j),(3.503574901997661+1.676585117016069j),(-0.16056329514492917+0.1658538067620658j),(-0.4766293902798932-0.13870510293826888j)
"(3.109090909090909, 3.857142857142856)","(3.109090909090909, 3.857142857142856)",(-1.1085030862358545+3.5444416454126326j),(-0.5671020787532516+3.813885526819566j),(-0.19844688644111264+0.012765352588503132j),(-0.3429541210414903-0.28220923399543657j)
"(3.1515151515151514, 3.857142857142856)","(3.1515151515151514, 3.857142857142856)",(-4.1001215098475+0.12876550393403413j),(-3.786994765016791+0.5688352711017355j),(-0.12936115852066046-0.09528064232953579j),(-0.18376558631004816-0.34478912483816554j)
"(3.193939393939394, 3.857142857142856)","(3.193939393939394, 3.857142857142856)",(-1.7137449576026962-3.8880508745219196j),(-1.635333858191276-3.437672019229998j),(-0.038473160441783005-0.11497219323881377j),(-0.03993793896963733-0.3354066620531079j)
"(3.2363636363636363, 3.857142857142856)","(3.2363636363636363, 3.857142857142856)",(2.876583387623858-2.9183752375367016j),(2.804546963262266-2.5481259779545185j),(0.00973949594201898-0.08919551479499306j),(0.0622969284195726-0.2810537447871902j)
"(3.278787878787879, 3.857142857142856)","(3.278787878787879, 3.857142857142856)",(3.3835234474183116+1.6532161794323574j),(3.2386703756527058+1.944817907705355j),(0.026862297944609384-0.07697414434248145j),(0.1179907738209964-0.21462758393051615j)
"(3.3212121212121213, 3.857142857142856)","(3.3212121212121213, 3.857142857142856)",(-0.725027169093684+3.4164033920057126j),(-0.9293111626922415+3.6565721755488267j),(0.06252411875164036-0.0788920061243955j),(0.14175987484691713-0.1612767774187186j)
"(3.3636363636363638, 3.857142857142856)","(3.3636363636363638, 3.857142857142856)",(-3.4890773081728845-0.00976074535551627j),(-3.7711199058434124+0.1619094541459692j),(0.12385576651845617-0.043167840955714555j),(0.1581868311520717-0.1285023585457709j)
"(3.4060606060606062, 3.857142857142856)","(3.4060606060606062, 3.857142857142856)",(-0.9048978035666863-3.6199830987962556j),(-1.243664186186999-3.5725099920749455j),(0.1507763012540225+0.05674321809134566j),(0.18799008136629036-0.10421632481265591j)
"(3.4484848484848487, 3.857142857142856)","(3.4484848484848487, 3.857142857142856)",(3.389585675596817-2.127469723293073j),(3.072910118831942-2.2300212622198j),(0.08100438776981113+0.16661045189085702j),(0.23567116899506418-0.06405891296413044j)
"(3.4909090909090907, 3.857142857142856)","(3.4909090909090907, 3.857142857142856)",(3.2569331973872764+2.5114985960866076j),(3.0393540583327017+2.3070701386989616j),(-0.06672670791235265+0.18990770394445278j),(0.2843058469669276+0.014520753443193073j)
"(3.533333333333333, 3.857142857142856)","(3.533333333333333, 3.857142857142856)",(-1.2207834511745765+3.8234584632322353j),(-1.331875166865761+3.6002393881040646j),(-0.1896069573050057+0.08606419771887722j),(0.30069867299618996+0.13715487740929352j)
"(3.5757575757575757, 3.857142857142856)","(3.5757575757575757, 3.857142857142856)",(-3.7987278492851835-0.018544057514706058j),(-3.8579108323174864-0.22415010043819134j),(-0.19076231992221337-0.07776441288247454j),(0.24994530295451664+0.2833704558059598j)
"(3.618181818181818, 3.857142857142856)","(3.618181818181818, 3.857142857142856)",(-0.8808419431255674-3.5538040380627187j),(-0.9238037830405252-3.7805551092453196j),(-0.07111311674036278-0.18188198898675367j),(0.11407495665532064+0.4086330601693546j)
"(3.6606060606060606, 3.857142857142856)","(3.6606060606060606, 3.857142857142856)",(3.3445500460551205-1.7139458306536408j),(3.3644501793094523-2.0110743109799794j),(0.0733408586512966-0.16155237581752727j),(-0.0932409919056285+0.4586808561438658j)
"(3.703030303030303, 3.857142857142856)","(3.703030303030303, 3.857142857142856)",(2.7574331475903575+2.9724953379599217j),(2.9370381134808574+2.636878401417836j),(0.14386296820291808-0.056198062536421775j),(-0.32346793409341823+0.39181499907850736j)
"(3.7454545454545456, 3.857142857142856)","(3.7454545454545456, 3.857142857142856)",(-2.0394987874823967+3.8562561998247515j),(-1.6559352677828136+3.6114307419043263j),(0.12154708244496934+0.04433649251906072j),(-0.5051106021445524+0.20048896540136468j)
"(3.787878787878788, 3.857142857142856)","(3.787878787878788, 3.857142857142856)",(-4.4737354532458005-0.4953158338374785j),(-3.9643519973381838-0.5067618598740188j),(0.05880917913221089+0.08904507133898382j),(-0.568192635039828-0.07759904530244356j)
"(3.83030303030303, 3.857142857142856)","(3.83030303030303, 3.857142857142856)",(-1.1734083824860473-4.227740942514403j),(-0.7057242251556322-3.9548117828774982j),(0.005054324495531917+0.09270111995156392j),(-0.47273848182594697-0.36563027958846894j)
"(3.872727272727273, 3.857142857142856)","(3.872727272727273, 3.857142857142856)",(3.3081352703173192-2.3532864406264435j),(3.576513810054093-1.8669486750302635j),(-0.03881637940976246+0.08481901260066257j),(-0.22956216032701124-0.5711567781968427j)
"(3.915151515151515, 3.857142857142856)","(3.915151515151515, 3.857142857142856)",(2.8720614346907087+2.2987302712234134j),(2.8645073865302497+2.8599045165080472j),(-0.08912643690362534+0.05831644827922589j),(0.09668048506408433-0.6194906935638596j)
"(3.957575757575758, 3.857142857142856)","(3.957575757575758, 3.857142857142856)",(-1.5892967194653218+3.1037955875676935j),(-1.8700223968411034+3.600240018775382j),(-0.12511073119024482-0.012280384725389691j),(0.4058364085660264-0.48416404648229855j)
"(4.0, 3.857142857142856)","(4.0, 3.857142857142856)",(-3.498993394591672-1.0114310710594774j),(-4.001004397167774-0.7002768216356517j),(-0.09477563302746303-0.10985253419869467j),(0.5967866356035649-0.20130171522513096j)
"(-0.2, 4.142857142857142)","(-0.2, 4.142857142857142)",(-3.3875502040908416+0.8329803275274911j),(-3.410378547884236+1.4584627037312898j),(0.6550226533798437+0.07407522613450397j),(-0.6321943095864495-0.6995576023383027j)
"(-0.1575757575757576, 4.142857142857142)","(-0.1575757575757576, 4.142857142857142)",(0.7045210299214457+3.168417320062754j),(0.6925801666735212+3.823385994266291j),(0.6627327384204021+0.02981379332845411j),(-0.6507918751724777-0.684782467531991j)
"(-0.11515151515151516, 4.142857142857142)","(-0.11515151515151516, 4.142857142857142)",(4.182773873058325-0.1688644331513689j),(4.181828390690737+0.5091589395619985j),(0.6654793282685495-0.0045588027745824215j),(-0.6645338459009612-0.673464569938785j)
"(0.1393939393939394, 4.142857142857142)","(0.1393939393939394, 4.142857142857142)",(2.7570817904004388+2.3002976680942213j),(2.758037101275107+2.9757124691860746j),(0.650475409057082+0.012757196460971091j),(-0.6514307199317504-0.6881719975528243j)
"(0.18181818181818182, 4.142857142857142)","(0.18181818181818182, 4.142857142857142)",(-1.982537365539385+2.4524526087116323j),(-1.9917341186614985+3.1049561575380116j),(0.6420718979444654+0.05151192849164745j),(-0.632875144822352-0.7040154773180272j)
"(0.22424242424242424, 4.142857142857142)","(0.22424242424242424, 4.142857142857142)",(-3.397740908841091-2.005375416394498j),(-3.416984800807392-1.3813569756336945j),(0.6283416235169874+0.09895508526529628j),(-0.6090977315506862-0.7229735260260997j)
"(0.26666666666666666, 4.142857142857142)","(0.26666666666666666, 4.142857142857142)",(0.5590141031412189-4.63023276596271j),(0.5318303906217124-4.039287686710646j),(0.6069590587110586+0.1535825046045645j),(-0.5797753461915521-0.7445275838566275j)
"(0.30909090909090914, 4.142857142857142)","(0.30909090909090914, 4.142857142857142)",(4.334610758333112-1.5606295895726636j),(4.303659025871317-1.0057370089302997j),(0.5755155942775585+0.21313816043849673j),(-0.5445638618157626-0.7680307410808607j)
"(0.3515151515151515, 4.142857142857142)","(0.3515151515151515, 4.142857142857142)",(2.6042530991687887+3.036108699169817j),(2.575529728941826+3.554338966040571j),(0.5318461759687693+0.2744689707268304j),(-0.5031228057418066-0.7926992375975845j)
"(0.393939393939394, 4.142857142857142)","(0.393939393939394, 4.142857142857142)",(-2.223590972883046+2.843727406732723j),(-2.242899926132522+3.32785433984289j),(0.4744541661511898+0.3334789256873144j),(-0.4551452129017133-0.8176058587974815j)
"(0.43636363636363634, 4.142857142857142)","(0.43636363636363634, 4.142857142857142)",(-3.41259710370474-1.6991388796480749j),(-3.4152127082238106-1.2427120392231266j),(0.403008319759346+0.3852500054286773j),(-0.4003927152402749-0.8416768458536256j)
"(0.4787878787878788, 4.142857142857142)","(0.4787878787878788, 4.142857142857142)",(0.5911878830685828-4.032420473993863j),(0.6110756253301641-3.5931210104399427j),(0.3188478426407907+0.42439472339458806j),(-0.338735584902372-0.8636941869485084j)
"(0.5212121212121212, 4.142857142857142)","(0.5212121212121212, 4.142857142857142)",(3.9661875070219894-0.7515855764452066j),(4.010996893985491-0.3149622940871579j),(0.22538762354107728+0.4456820705001079j),(-0.27019701050457895-0.8823053528581566j)
"(0.5636363636363637, 4.142857142857142)","(0.5636363636363637, 4.142857142857142)",(1.7388931136698238+3.56369485603636j),(1.8056166683864874+4.01480953361532j),(0.12827676044950712+0.4449279674509495j),(-0.19500031516617072-0.8960426450299093j)
"(0.6060606060606062, 4.142857142857142)","(0.6060606060606062, 4.142857142857142)",(-3.1754389337671167+2.7885349769675094j),(-3.096968343555045+3.271828090881031j),(0.03514653764437845+0.4200611725212738j),(-0.11361712785645058-0.9033542864347953j)
"(0.6484848484848484, 4.142857142857142)","(0.6484848484848484, 4.142857142857142)",(-4.050070050527964-2.117705217783633j),(-3.9780664380061506-1.587230364933146j),(-0.04518989433220849+0.3721742941719546j),(-0.026813718189604662-0.9026491470224415j)
"(0.6909090909090909, 4.142857142857142)","(0.6909090909090909, 4.142857142857142)",(0.20564514484800495-4.460698543650472j),(0.24547270605888663-3.874612004594031j),(-0.1041357180839137+0.3062699558751137j),(0.064308156873032-0.8923564949315549j)
"(0.7333333333333334, 4.142857142857142)","(0.7333333333333334, 4.142857142857142)",(3.550701525405867-1.2314940571975865j),(3.527619849553721-0.5918450835287522j),(-0.13519872110247974+0.23135236952700602j),(0.15828039695462545-0.8710013431958403j)
"(0.7757575757575759, 4.142857142857142)","(0.7757575757575759, 4.142857142857142)",(1.3693526790578097+2.694715241151307j),(1.2521514115421872+3.372467853811136j),(-0.13605166680038452+0.15954216103593868j),(0.253252934316007-0.837294773695768j)
"(0.8181818181818183, 4.142857142857142)","(0.8181818181818183, 4.142857142857142)",(-3.0044269426880645+1.5023225236209352j),(-3.2411929253321157+2.188510014318846j),(-0.11023309497939263+0.10404955438589333j),(0.3469990776234439-0.7902370450838043j)
"(0.8606060606060608, 4.142857142857142)","(0.8606060606060608, 4.142857142857142)",(-3.011978199211794-3.2859696551538673j),(-3.3811042124463935-2.6328824661492014j),(-0.06782163431933994+0.07614216042201383j),(0.4369476475539394-0.7292293494266798j)
"(0.9030303030303031, 4.142857142857142)","(0.9030303030303031, 4.142857142857142)",(1.8161377379899153-4.894543343052065j),(1.3203491558898115-4.322005183643774j),(-0.024458650019217584+0.0816496912603497j),(0.5202472321193214-0.6541878506686409j)
"(0.9454545454545455, 4.142857142857142)","(0.9454545454545455, 4.142857142857142)",(5.1039741201276705-0.825042195144304j),(4.508500000863034-0.37734207694505995j),(0.0016074909854558621+0.11795114904135516j),(0.593866628279181-0.5656512672405992j)
"(0.987878787878788, 4.142857142857142)","(0.987878787878788, 4.142857142857142)",(2.5186813256174387+3.5952289140267717j),(1.8697326675523358+3.8874776142759306j),(-0.0057846967398789105+0.1726222869944522j),(0.6547333548049816-0.4648709872436111j)
"(1.0303030303030305, 4.142857142857142)","(1.0303030303030305, 4.142857142857142)",(-2.2049110008169377+2.6463349119005146j),(-2.8495685623132756+2.775407450311004j),(-0.0552513631117242+0.22479831514440216j),(0.6999089246080622-0.35387085355489156j)
"(1.0727272727272728, 4.142857142857142)","(1.0727272727272728, 4.142857142857142)",(-2.5677787344787815-1.8430647101634345j),(-3.1512923083114264-1.857310496309015j),(-0.14328178727635485+0.24970852151619513j),(0.7267953611089994-0.23546273537061466j)
"(1.1151515151515152, 4.142857142857142)","(1.1151515151515152, 4.142857142857142)",(1.5698138101960568-3.213428705445372j),(1.0889092415391748-3.326027207793352j),(-0.25245782182410853+0.22580277703554844j),(0.7333623904809905-0.11320427468756838j)
"(1.1575757575757577, 4.142857142857142)","(1.1575757575757577, 4.142857142857142)",(3.9160428970569385+0.5355440562197744j),(3.551662388273308+0.3841567916334369j),(-0.35399868159120085+0.14267449448877467j),(0.7183791903748316+0.008712770097562855j)
"(1.2000000000000002, 4.142857142857142)","(1.2000000000000002, 4.142857142857142)",(0.7915978296537247+3.9190709858326733j),(0.5249280095225309+3.7863631658192713j),(-0.4149592800051172+0.00705685560326686j),(0.681629100136311+0.1256509644101353j)
"(1.2424242424242427, 4.142857142857142)","(1.2424242424242427, 4.142857142857142)",(-3.5359219872882326+1.8090514190922242j),(-3.751369738128381+1.7321900452649566j),(-0.4086333497829507-0.15593183165385008j),(0.6240811006230997+0.23279320548111762j)
"(1.284848484848485, 4.142857142857142)","(1.284848484848485, 4.142857142857142)",(-2.822249130149201-3.1526771501644912j),(-3.0452924144677374-3.1701347646790383j),(-0.32494586782360235-0.3080205119902146j),(0.5479891521421387+0.3254781265047619j)
"(1.3272727272727274, 4.142857142857142)","(1.3272727272727274, 4.142857142857142)",(2.2668912657775135-4.105088448037772j),(1.9866951137698772-4.095683460783373j),(-0.17669459349049468-0.4089908352594876j),(0.45689074549813113+0.3995858480050894j)
"(1.3696969696969699, 4.142857142857142)","(1.3696969696969699, 4.142857142857142)",(4.9165763024094735+0.4389568056835388j),(4.559257013058129+0.41765480017684603j),(0.0018389431553931658-0.430641151842505j),(0.35548034619595104+0.45194315734919777j)
"(1.4121212121212123, 4.142857142857142)","(1.4121212121212123, 4.142857142857142)",(1.5820039252502687+4.440004421657825j),(1.1677429523495844+4.327554771082485j),(0.1649183489280525-0.36825615429293057j),(0.24934262397263168+0.48070580486827025j)
"(1.4545454545454546, 4.142857142857142)","(1.4545454545454546, 4.142857142857142)",(-3.119089406459868+2.6777792095149784j),(-3.5350092123978722+2.4363028231468986j),(0.2713750191200249-0.24419028164807385j),(0.1445447868179792+0.4856666680161537j)
"(1.496969696969697, 4.142857142857142)","(1.496969696969697, 4.142857142857142)",(-2.8793825004730684-2.086913192899404j),(-3.2270934534812987-2.4547448388717994j),(0.30060442122224845-0.10060274330505505j),(0.04710653178598198+0.4684343892774506j)
"(1.5393939393939395, 4.142857142857142)","(1.5393939393939395, 4.142857142857142)",(1.5714641247896894-3.122332530608729j),(1.3478331655369182-3.571851881757879j),(0.2612423455408654+0.01708920748010383j),(-0.03761138628809416+0.432430143669046j)
"(1.581818181818182, 4.142857142857142)","(1.581818181818182, 4.142857142857142)",(3.6969000956334015+0.8188047785632523j),(3.6151001272612833+0.3565343581995596j),(0.18733579077596071+0.07960794340549815j),(-0.1055358224038426+0.38266247695819455j)
"(1.6242424242424245, 4.142857142857142)","(1.6242424242424245, 4.142857142857142)",(0.480943987485147+3.9116192207166764j),(0.5132508149697117+3.499408282503636j),(0.12213615165880265+0.08694814015700247j),(-0.15444297914336735+0.3252627980560381j)
"(1.6666666666666667, 4.142857142857142)","(1.6666666666666667, 4.142857142857142)",(-3.3718165554761983+1.6670036099435264j),(-3.2835804393869554+1.3325157639431675j),(0.0961206738789235+0.0676911362656828j),(-0.18435678996816623+0.266796709734676j)
"(1.7090909090909092, 4.142857142857142)","(1.7090909090909092, 4.142857142857142)",(-2.248688380420507-2.6521679707331796j),(-2.1611640189168813-2.9285836045415956j),(0.11016357130672554+0.0630091743070995j),(-0.19768793281035119+0.21340645950131643j)
"(1.7515151515151517, 4.142857142857142)","(1.7515151515151517, 4.142857142857142)",(2.2791122488040205-2.710949567158699j),(2.3442576029572963-2.9829417623745766j),(0.13388945042299374+0.10210966065967074j),(-0.19903480457626993+0.16988253455620694j)
"(1.7939393939393942, 4.142857142857142)","(1.7939393939393942, 4.142857142857142)",(3.61996099084009+1.7827206866351297j),(3.692212923689366+1.4619256461962415j),(0.12235261603584309+0.18199441410066552j),(-0.194604548885119+0.13880062633822263j)
"(1.8363636363636366, 4.142857142857142)","(1.8363636363636366, 4.142857142857142)",(-0.4404925284989213+4.515184636880341j),(-0.29317978697401115+4.131097469420386j),(0.04395511353012914+0.26420222593901865j),(-0.19126785505503927+0.11988494152093648j)
"(1.8787878787878791, 4.142857142857142)","(1.8787878787878791, 4.142857142857142)",(-4.443948442184886+1.4537811548983153j),(-4.153049455554332+1.0507697232893356j),(-0.0955679069094756+0.29325067184524517j),(-0.19533107972107838+0.10976075976373437j)
"(1.9212121212121216, 4.142857142857142)","(1.9212121212121216, 4.142857142857142)",(-2.8427350128789284-3.3508916684298096j),(-2.3829474050147015-3.68207550892968j),(-0.24860365557736303+0.22895356355121962j),(-0.21118395228686357+0.10223027694865063j)
"(1.9636363636363636, 4.142857142857142)","(1.9636363636363636, 4.142857142857142)",(2.157556464462775-3.329249265165929j),(2.744235741701794-3.4930456115499644j),(-0.34663227892187626+0.0746544238256832j),(-0.24004699831714268+0.08914192255835217j)
"(2.006060606060606, 4.142857142857142)","(2.006060606060606, 4.142857142857142)",(3.588751155043113+1.4077916888919284j),(4.205383411068416+1.4630879382783053j),(-0.3375490437461052-0.11712268908913064j),(-0.2790832122791981+0.061826439702753686j)
"(2.0484848484848484, 4.142857142857142)","(2.0484848484848484, 4.142857142857142)",(-0.564731140196157+4.165942136571489j),(-0.025553320955235513+4.42155856700819j),(-0.21804119982841763-0.26856944089488016j),(-0.3211366194125039+0.012953010458178371j)
"(2.090909090909091, 4.142857142857142)","(2.090909090909091, 4.142857142857142)",(-4.531207211433367+0.9860380855826156j),(-4.136283161001676+1.366184684958827j),(-0.039620965212486606-0.31868078827455165j),(-0.3553030852192042-0.061465811101659704j)
"(2.1333333333333333, 4.142857142857142)","(2.1333333333333333, 4.142857142857142)",(-2.789342697942806-3.8448529820001167j),(-2.5395417355262913-3.426159892419003j),(0.11862019917625151-0.2583984383175859j),(-0.36842116159276633-0.16029465126352813j)
"(2.175757575757576, 4.142857142857142)","(2.175757575757576, 4.142857142857142)",(2.268363792105381-3.7917709789744944j),(2.419949451563922-3.3805532030229526j),(0.19581470513188748-0.13507029459318734j),(-0.3474003645904284-0.2761474813583543j)
"(2.2181818181818183, 4.142857142857142)","(2.2181818181818183, 4.142857142857142)",(3.744426756119871+0.8466372942457788j),(3.8421591828400836+1.262840482567683j),(0.18437104803045637-0.020892631990657797j),(-0.2821034747506688-0.39531055633124657j)
"(2.2606060606060607, 4.142857142857142)","(2.2606060606060607, 4.142857142857142)",(-0.1251213291200004+3.4704364071803653j),(-0.08624996090022045+3.9343615204349733j),(0.1294339225131129+0.0350666491837799j),(-0.16830529073289285-0.498991762438388j)
"(2.303030303030303, 4.142857142857142)","(2.303030303030303, 4.142857142857142)",(-3.6225618927337586+0.48155928964446837j),(-3.703794806245487+1.0097238673716513j),(0.09134308590448638+0.03778729328898362j),(-0.010110172392757886-0.5659518710161665j)
"(2.3454545454545452, 4.142857142857142)","(2.3454545454545452, 4.142857142857142)",(-1.6835961733257263-3.7516611021965702j),(-1.9596878765116634-3.211678779788742j),(0.09726557798464708+0.03629785105445257j),(0.17882612520129015-0.5762801734622806j)
"(2.3878787878787877, 4.142857142857142)","(2.3878787878787877, 4.142857142857142)",(3.0122647061540113-3.16298589846117j),(2.517420427844703-2.725464148667297j),(0.11902467921227013+0.07823866750518123j),(0.37581959909703816-0.5157604172990543j)
"(2.43030303030303, 4.142857142857142)","(2.43030303030303, 4.142857142857142)",(3.93242509098411+1.45476098029784j),(3.2836966504096137+1.6715497374484773j),(0.09701509766757858+0.1632145850201238j),(0.5517133429069173-0.3800033421707611j)
"(2.4727272727272727, 4.142857142857142)","(2.4727272727272727, 4.142857142857142)",(-0.047737878064140316+3.6712648310873126j),(-0.7177114004058119+3.614762418708988j),(-0.005380894256639913+0.2338815105875756j),(0.6753544165983115-0.17737909820925118j)
"(2.515151515151515, 4.142857142857142)","(2.515151515151515, 4.142857142857142)",(-3.137747126700039+0.5866720271917687j),(-3.697427971714464+0.2996310586142257j),(-0.15972950380546733+0.21687768868977084j),(0.7194103488198922+0.07016327988777211j)
"(2.5575757575757576, 4.142857142857142)","(2.5575757575757576, 4.142857142857142)",(-0.9407172632673564-3.0966947632000332j),(-1.3265582535555691-3.5108533910283715j),(-0.2806577057882365+0.0851460419415879j),(0.6664986960764492+0.32901258588675014j)
"(2.6, 4.142857142857142)","(2.6, 4.142857142857142)",(3.272778523836089-1.8445846185103005j),(3.042677712344314-2.29459531918213j),(-0.2842051450087569-0.10864872872114646j),(0.5143059565005317+0.5586594293929762j)
"(2.6424242424242426, 4.142857142857142)","(2.6424242424242426, 4.142857142857142)",(3.246538289147283+2.7589883523151326j),(3.121962677589742+2.2998607107093703j),(-0.15376148955749458-0.25963310973811365j),(0.2783371011150362+0.718760751343876j)
"(2.684848484848485, 4.142857142857142)","(2.684848484848485, 4.142857142857142)",(-1.2864871553847905+4.215780326016802j),(-1.3181654813175856+3.721677972345891j),(0.04044069883699681-0.2831897384249865j),(-0.008762372904201638+0.7772920920958977j)
"(2.727272727272727, 4.142857142857142)","(2.727272727272727, 4.142857142857142)",(-4.12809275901479+0.3746784060876933j),(-4.014788429580729-0.1666753779497469j),(0.18842960442656434-0.1767226235226947j),(-0.30173393386062597+0.7180764075601349j)
"(2.7696969696969695, 4.142857142857142)","(2.7696969696969695, 4.142857142857142)",(-1.3857773227977925-3.4191974425636236j),(-1.0547703358583782-3.94547593860037j),(0.2196214370548227-0.01954238115093555j),(-0.550628423994237+0.5458208771876822j)
"(2.812121212121212, 4.142857142857142)","(2.812121212121212, 4.142857142857142)",(2.9335092168087464-1.847387712615773j),(3.4942442569273635-2.2253863565078693j),(0.150003204330624+0.09090259996124433j),(-0.7107382444492409+0.28709604393085175j)
"(2.8545454545454545, 4.142857142857142)","(2.8545454545454545, 4.142857142857142)",(2.5244211164656565+2.785989732587512j),(3.2188053706284716+2.68588420855416j),(0.0580329611845939+0.1136360879929723j),(-0.7524172153474092-0.01353056395962015j)
"(2.896969696969697, 4.142857142857142)","(2.896969696969697, 4.142857142857142)",(-2.2475038975062316+3.7049668145951746j),(-1.5901795934648235+3.9209941517266835j),(0.011046536916137113+0.0858354688482227j),(-0.6683708409575453-0.30186280597973114j)
"(2.9393939393939394, 4.142857142857142)","(2.9393939393939394, 4.142857142857142)",(-4.714944418343016-0.7664042167204609j),(-4.247205819902283-0.314971750729662j),(0.008580394666723626+0.07393952211796782j),(-0.4763189931074569-0.5253719881087667j)
"(2.981818181818182, 4.142857142857142)","(2.981818181818182, 4.142857142857142)",(-1.228530994078141-4.698500007972915j),(-1.0071825614896996-4.154764221096739j),(-0.0054572502947216675+0.1011201521680128j),(-0.21589118229371979-0.644855939044189j)
"(3.0242424242424244, 4.142857142857142)","(3.0242424242424244, 4.142857142857142)",(3.6355028125304147-2.7582550295078248j),(3.6494495908478615-2.2363043776321088j),(-0.073902106737899+0.12153364879895624j),(0.0599553284204522-0.6434843006746722j)
"(3.066666666666667, 4.142857142857142)","(3.066666666666667, 4.142857142857142)",(3.3716617391378185+2.322750248816466j),(3.243174165649729+2.7846006372450818j),(-0.16866345399031535+0.068795003081443j),(0.2971510274784054-0.5306453915100585j)
"(3.109090909090909, 4.142857142857142)","(3.109090909090909, 4.142857142857142)",(-1.4050662991078158+3.519826433509737j),(-1.6534384347902613+3.925398951247047j),(-0.20492809563948666-0.06635119251600516j),(0.45330023132193203-0.3392213252213047j)
"(3.1515151515151514, 4.142857142857142)","(3.1515151515151514, 4.142857142857142)",(-3.8314382457847556-0.7001024932762272j),(-4.218991493394641-0.3762619468633767j),(-0.11997208369976718-0.20713969116566852j),(0.5075253313096518-0.11670085524718193j)
"(3.193939393939394, 4.142857142857142)","(3.193939393939394, 4.142857142857142)",(-0.39403595925030016-4.262824244440272j),(-0.9151320745917193-4.104085701622533j),(0.0566553805500798-0.24632714870459027j),(0.46444073479133935+0.0875886058868509j)
"(3.2363636363636363, 4.142857142857142)","(3.2363636363636363, 4.142857142857142)",(4.168374751848082-1.9982478934319803j),(3.6045316456205887-2.0932658990335025j),(0.2129350485099817-0.14046825592210857j),(0.3509080577175112+0.23548626152363086j)
"(3.278787878787879, 4.142857142857142)","(3.278787878787879, 4.142857142857142)",(3.4976909857586436+3.136335154001165j),(3.0487850886251344+2.7821216331956706j),(0.2424911616902701+0.04493982625511592j),(0.20641473544323888+0.3092736945503787j)
"(3.3212121212121213, 4.142857142857142)","(3.3212121212121213, 4.142857142857142)",(-1.5238785558426533+4.200316483983915j),(-1.7269229878117094+3.7006372027131014j),(0.13299017075943764+0.18545411841171516j),(0.0700542612096185+0.3142251628590986j)
"(3.3636363636363638, 4.142857142857142)","(3.3636363636363638, 4.142857142857142)",(-4.06039840024908-0.07249900445648921j),(-4.001818445373691-0.5455452779263457j),(-0.02699103509430707+0.19950963693541549j),(-0.03158891978108286+0.273536636534441j)
"(3.4060606060606062, 4.142857142857142)","(3.4060606060606062, 4.142857142857142)",(-0.8705742349641777-3.6147549681239695j),(-0.6508500588966905-3.9406792339998535j),(-0.12830638824179272+0.10856121758382062j),(-0.0914177878256945+0.21736304829206354j)
"(3.4484848484848487, 4.142857142857142)","(3.4484848484848487, 4.142857142857142)",(3.285945162338977-1.5849174236512007j),(3.5384222981331948-1.7573085807313433j),(-0.1314194087238149+0.0024455029308884917j),(-0.12105772707040303+0.169945654149254j)
"(3.4909090909090907, 4.142857142857142)","(3.4909090909090907, 4.142857142857142)",(2.458992231156948+2.9331328623163317j),(2.683620719294083+2.843826025915106j),(-0.08211505711991271-0.05048386921734625j),(-0.1425134310172218+0.13979070561857207j)
"(3.533333333333333, 4.142857142857142)","(3.533333333333333, 4.142857142857142)",(-2.1473016068930106+3.4202360269287277j),(-1.9263574957787826+3.3601980659223183j),(-0.04553151240222549-0.05697917769716752j),(-0.17541259871200235+0.11701713870357688j)
"(3.5757575757575757, 4.142857142857142)","(3.5757575757575757, 4.142857142857142)",(-4.000253950289133-0.8562048506375091j),(-3.7413296539426213-0.8687381448351785j),(-0.03385296490104099-0.06687635027008539j),(-0.22507133144547095+0.07940964446775486j)
"(3.618181818181818, 4.142857142857142)","(3.618181818181818, 4.142857142857142)",(-0.52222649255444-3.899309771345877j),(-0.24023483389230815-3.806195958689098j),(-0.005203381173745152-0.09830934266567992j),(-0.27678827748838664+0.005195530008900906j)
"(3.6606060606060606, 4.142857142857142)","(3.6606060606060606, 4.142857142857142)",(3.327769379968086-1.5325867565664375j),(3.5581753913591827-1.3121337135643238j),(0.06929735492783705-0.10787969130184964j),(-0.2997033663189339-0.112573351700264j)
"(3.703030303030303, 4.142857142857142)","(3.703030303030303, 4.142857142857142)",(2.1550794209999+2.7243145889758678j),(2.2644372402392796+3.0229681159271595j),(0.15042065475672864-0.04212032878205176j),(-0.25977847399610837-0.25653319816923975j)
"(3.7454545454545456, 4.142857142857142)","(3.7454545454545456, 4.142857142857142)",(-2.226561719590113+2.7259771645430595j),(-2.245931932145922+3.025199079134951j),(0.15669205654612148+0.08645863237091235j),(-0.1373218439903129-0.3856805469628037j)
"(3.787878787878788, 4.142857142857142)","(3.787878787878788, 4.142857142857142)",(-3.428132480903899-1.5484166214795336j),(-3.5369807569299963-1.2888405591913201j),(0.050564818040978836+0.18816514813549506j),(0.05828345798511829-0.44774121042370857j)
"(3.83030303030303, 4.142857142857142)","(3.83030303030303, 4.142857142857142)",(0.4028133191373998-3.9874575807691697j),(0.2261033485758191-3.7601567061914323j),(-0.10723826725659187+0.17247714036237594j),(0.2839482378181726-0.39977801494011345j)
"(3.872727272727273, 4.142857142857142)","(3.872727272727273, 4.142857142857142)",(3.9479706334547426-1.050752374507281j),(3.675586456145252-0.8596189038185471j),(-0.1999838210774876+0.038176613748383846j),(0.4723679983869785-0.22931008443711778j)
"(3.915151515151515, 4.142857142857142)","(3.915151515151515, 4.142857142857142)",(2.278573553857907+3.2026278126955865j),(1.8824748564065523+3.2864997122705835j),(-0.15797141870130726-0.1171920752395331j),(0.5540701161526619+0.033320175664536114j)
"(3.957575757575758, 4.142857142857142)","(3.957575757575758, 4.142857142857142)",(-2.15497238063342+2.8953432873955505j),(-2.6193096451915725+2.7591417238978666j),(-0.020319906799932175-0.18207390688308728j),(0.48465717135808495+0.31827547038077125j)
"(4.0, 4.142857142857142)","(4.0, 4.142857142857142)",(-3.043183183303741-1.3127096362236763j),(-3.415017925662579-1.7230060805353862j),(0.10539529298255308-0.12613763010853524j),(0.26643944937628483+0.5364340744202453j)
"(-0.2, 4.428571428571427)","(-0.2, 4.428571428571427)",(-3.3389235488478115-0.03761317211097448j),(-3.807601104226371-0.4576947070682443j),(-0.45893908813971174+0.4390855497396387j),(0.9276166435182716-0.01900401478236891j)
"(-0.1575757575757576, 4.428571428571427)","(-0.1575757575757576, 4.428571428571427)",(-0.062424216501661633+3.3168267434360197j),(-0.5575028278707169+2.890123441108941j),(-0.4334493786960827+0.4682315031999064j),(0.928527990065138-0.041528200872827645j)
"(-0.11515151515151516, 4.428571428571427)","(-0.11515151515151516, 4.428571428571427)",(4.113358526762522+1.0214206297275972j),(3.5965811314230947+0.5910042069178023j),(-0.41214833759206304+0.48882991156066324j),(0.9289257329314909-0.05841348875086841j)
"(0.1393939393939394, 4.428571428571427)","(0.1393939393939394, 4.428571428571427)",(2.046066680356043+3.0286047943080554j),(1.5307013875453315+2.6000179982216856j),(-0.4158877389560506+0.46839835420868986j),(0.9312530317667626-0.039811558122320276j)
"(0.18181818181818182, 4.428571428571427)","(0.18181818181818182, 4.428571428571427)",(-2.520328944162552+1.944592758345694j),(-3.0141964394207275+1.5200223210309118j),(-0.4372344714629442+0.44121633946726135j),(0.93110196672112-0.01664590215247933j)
"(0.22424242424242424, 4.428571428571427)","(0.22424242424242424, 4.428571428571427)",(-2.6769207263424715-2.804571429468524j),(-3.1450883924432245-3.222570795163469j),(-0.4618123995768058+0.4057942870006899j),(0.929980065677559+0.012205078694255005j)
"(0.26666666666666666, 4.428571428571427)","(0.26666666666666666, 4.428571428571427)",(1.947407607175503-4.423604796874856j),(1.5076819851176415-4.831664630986725j),(-0.48761028568305487+0.36140177167175036j),(0.9273359077409165+0.046658062440118546j)
"(0.30909090909090914, 4.428571428571427)","(0.30909090909090914, 4.428571428571427)",(5.011847523792117-0.54318668516121j),(4.601450677168913-0.9373080102842324j),(-0.5121193536551917+0.30755132359022924j),(0.9225162002783959+0.08657000153279311j)
"(0.3515151515151515, 4.428571428571427)","(0.3515151515151515, 4.428571428571427)",(2.3920666089153997+3.4900420756546984j),(2.009665715372705+3.1140872536164332j),(-0.5323730361238882+0.2442379810321778j),(0.9147739296665827+0.13171684100608752j)
"(0.393939393939394, 4.428571428571427)","(0.393939393939394, 4.428571428571427)",(-2.0184347399901856+2.177892123480788j),(-2.376645042973739+1.8239218230182057j),(-0.5450702831061748+0.17220053413431044j),(0.9032805860897284+0.18176976632827185j)
"(0.43636363636363634, 4.428571428571427)","(0.43636363636363634, 4.428571428571427)",(-1.829621044960587-2.3586977306605657j),(-2.1699547165504574-2.688139235885295j),(-0.5468098517107677+0.09317168981357063j),(0.8871435233006382+0.23626981541115885j)
"(0.4787878787878788, 4.428571428571427)","(0.4787878787878788, 4.428571428571427)",(2.790884278228645-3.3731684583795736j),(2.4599070657619535-3.677837241959656j),(-0.5344523038514267+0.010066770876612806j),(0.8654295163181182+0.2946020127034696j)
"(0.5212121212121212, 4.428571428571427)","(0.5212121212121212, 4.428571428571427)",(5.314487601332971+0.9653232842819606j),(4.982897089245532+0.6823081697144894j),(-0.5056049758539107-0.07295544535747672j),(0.8371954879413486+0.3559705599249478j)
"(0.5636363636363637, 4.428571428571427)","(0.5636363636363637, 4.428571428571427)",(2.0341487220711594+4.945486783303103j),(1.6918133925697023+4.676744149870971j),(-0.45919183174640865-0.1506343988656208j),(0.801527161247866+0.41937703229775286j)
"(0.6060606060606062, 4.428571428571427)","(0.6060606060606062, 4.428571428571427)",(-2.7140901499253536+3.314953742159023j),(-3.075649218171478+3.0483689427872016j),(-0.39602696370375495-0.21701915491598744j),(0.7575860319498794+0.48360395428780917j)
"(0.6484848484848484, 4.428571428571427)","(0.6484848484848484, 4.428571428571427)",(-2.6525074335620893-1.3719500626650376j),(-3.037907399049059-1.6529710473652186j),(-0.31926455100784085-0.2661855400562871j),(0.70466451649481+0.547206524756468j)
"(0.6909090909090909, 4.428571428571427)","(0.6909090909090909, 4.428571428571427)",(1.6274647756238845-2.4172109532653225j),(1.2197786051326598-2.7324919786202226j),(-0.23456223106063193-0.29323454789682163j),(0.6422484015518565+0.6085155732517219j)
"(0.7333333333333334, 4.428571428571427)","(0.7333333333333334, 4.428571428571427)",(3.5791180948727463+1.5313378384608458j),(3.158820496635551+1.1611421317224266j),(-0.14978719578080288-0.2954592807027833j),(0.5700847940179983+0.6656549874412026j)
"(0.7757575757575759, 4.428571428571427)","(0.7757575757575759, 4.428571428571427)",(0.041317534551535195+4.575253075958302j),(-0.37280028693632694+4.132140375498994j),(-0.07413484312031346-0.2734640736573342j),(0.4882526646081756+0.7165767741166416j)
"(0.8181818181818183, 4.428571428571427)","(0.8181818181818183, 4.428571428571427)",(-4.1991333182146375+1.9507887742881858j),(-4.579731630186265+1.4235990490142323j),(-0.016633525683732036-0.23192678716348233j),(0.3972318376553592+0.7591165124374356j)
"(0.8606060606060608, 4.428571428571427)","(0.8606060606060608, 4.428571428571427)",(-3.099874202270529-3.1285272911818667j),(-3.41366263950803-3.739946066689298j),(0.015823451101302195-0.1796523623935068j),(0.297964986136199+0.7910711379009379j)
"(0.9030303030303031, 4.428571428571427)","(0.9030303030303031, 4.428571428571427)",(2.096800021147335-3.855433617848983j),(1.8843247347628012-4.537117087685708j),(0.02056931905827869-0.1286162113219568j),(0.19190596732625526+0.8102996811586813j)
"(0.9454545454545455, 4.428571428571427)","(0.9454545454545455, 4.428571428571427)",(4.512123238078345+0.6957770065129021j),(4.4302422320834705-0.027195646302296976j),(0.000834157405219775-0.09187307556513148j),(0.0810468485896551+0.8148457283803305j)
"(0.987878787878788, 4.428571428571427)","(0.987878787878788, 4.428571428571427)",(1.162505963629799+4.315917853933429j),(1.22824482581142+3.5933528111764854j),(-0.033654296136691506-0.08051292696332359j),(-0.032084566044929555+0.8030779697202667j)
"(1.0303030303030305, 4.428571428571427)","(1.0303030303030305, 4.428571428571427)",(-3.018694476685631+2.3600890686122504j),(-2.8065167548861907+1.686478674282006j),(-0.06771297219289232-0.10023193722278449j),(-0.1444647496065483+0.7738423315530292j)
"(1.0727272727272728, 4.428571428571427)","(1.0727272727272728, 4.428571428571427)",(-2.267304232601921-1.872578791649465j),(-1.9309965118337387-2.450748967547859j),(-0.08364875869335622-0.14844583641117726j),(-0.25265896207482635+0.7266160123095714j)
"(1.1151515151515152, 4.428571428571427)","(1.1151515151515152, 4.428571428571427)",(1.8840403532773198-2.0251616977223876j),(2.302815410648803-2.473760323158008j),(-0.06582009406806641-0.2130519129567214j),(-0.35295496330341675+0.6616505383923417j)
"(1.1575757575757577, 4.428571428571427)","(1.1575757575757577, 4.428571428571427)",(2.9258913013954437+2.156508506711866j),(3.373295294468447+1.8502096073368794j),(-0.005856929269921189-0.27378922352016444j),(-0.4415470638030821+0.580088122895151j)
"(1.2000000000000002, 4.428571428571427)","(1.2000000000000002, 4.428571428571427)",(-1.186011823928013+4.413380592384734j),(-0.7642456803978348+4.235913139557897j),(0.09300057277327907-0.3065662018445311j),(-0.5147667163034573+0.4840336546713685j)
"(1.2424242424242427, 4.428571428571427)","(1.2424242424242427, 4.428571428571427)",(-4.90489777580643+0.9363029950405208j),(-4.549747133251528+0.84991368049833j),(0.21419906208475065-0.2901748443957544j),(-0.569349704639652+0.37656415893794515j)
"(1.284848484848485, 4.428571428571427)","(1.284848484848485, 4.428571428571427)",(-2.8193796386986927-3.9928915277901886j),(-2.5468212451796695-4.040818033336655j),(0.3301646165760826-0.21373266031501026j),(-0.6027230100951055+0.2616591658614763j)
"(1.3272727272727274, 4.428571428571427)","(1.3272727272727274, 4.428571428571427)",(2.6070111984888706-3.7715300077204676j),(2.8114287294292915-3.8331766793249256j),(0.40886976276146064-0.08239297405561503j),(-0.6132872937018818+0.14403964566007266j)
"(1.3696969696969699, 4.428571428571427)","(1.3696969696969699, 4.428571428571427)",(4.249782533435748+1.3397203732329257j),(4.427059178126443+1.2296024172299602j),(0.423387937388568+0.08120758039003859j),(-0.6006645820792629+0.02891037561292698j)
"(1.4121212121212123, 4.428571428571427)","(1.4121212121212123, 4.428571428571427)",(0.09472647881077845+4.503086935152205j),(0.2989977402321118+4.340137681120158j),(0.3616051328161703+0.24133842807761158j),(-0.5658763942375036-0.07838917404556388j)
"(1.4545454545454546, 4.428571428571427)","(1.4545454545454546, 4.428571428571427)",(-4.065965496848237+1.7017585748151927j),(-3.7869822433678646+1.5155134165559299j),(0.2324333075992088+0.3590527128027809j),(-0.5114165610795803-0.17280755454351826j)
"(1.496969696969697, 4.428571428571427)","(1.496969696969697, 4.428571428571427)",(-2.738381267925318-2.867498334643182j),(-2.362574603720395-3.022315107975038j),(0.06538004674270106+0.4048622159647708j),(-0.44118671094762374-0.25004544263291434j)
"(1.5393939393939395, 4.428571428571427)","(1.5393939393939395, 4.428571428571427)",(1.756076384553844-2.8589626657939j),(2.213977929697268-2.92165019179333j),(-0.09762964820517157+0.36970227643738235j),(-0.3602718969382521-0.30701475043795257j)
"(1.581818181818182, 4.428571428571427)","(1.581818181818182, 4.428571428571427)",(2.8126317616045555+1.3322657061490837j),(3.3033783319539003+1.4050930593257565j),(-0.21619694817787302+0.2694073005541209j),(-0.27454962217147144-0.34223465373079354j)
"(1.6242424242424245, 4.428571428571427)","(1.6242424242424245, 4.428571428571427)",(-1.011783126972568+3.345538095764458j),(-0.5554211244081595+3.5618595751232336j),(-0.2662148320533452+0.1397784975667667j),(-0.19014717051106317-0.35609997692554224j)
"(1.6666666666666667, 4.428571428571427)","(1.6666666666666667, 4.428571428571427)",(-4.030308522232578+0.05613390204564461j),(-3.6683571591817246+0.38407664950250864j),(-0.24916329352961733+0.02301624761096835j),(-0.11278806952123593-0.35095899506783235j)
"(1.7090909090909092, 4.428571428571427)","(1.7090909090909092, 4.428571428571427)",(-1.6483841489504696-3.9201591474995796j),(-1.4102677006406197-3.5396749289163973j),(-0.19102072137675186-0.04953431905614448j),(-0.047095726933098006-0.33094989952703774j)
"(1.7515151515151517, 4.428571428571427)","(1.7515151515151517, 4.428571428571427)",(2.966862055954263-2.818252805439428j),(3.09281022042562-2.4459631681278715j),(-0.13000168212579302-0.07072028480877954j),(0.004053517654436015-0.3015693525027771j)
"(1.7939393939393942, 4.428571428571427)","(1.7939393939393942, 4.428571428571427)",(3.2998253705568104+1.9657977346928932j),(3.3575523702326575+2.2948173799024034j),(-0.09774681562571469-0.06003722798662744j),(0.04001981594986766-0.268982417222883j)
"(1.8363636363636366, 4.428571428571427)","(1.8363636363636366, 4.428571428571427)",(-1.228241044012131+3.7044054591368147j),(-1.188137593000674+3.9961884385039674j),(-0.10272516192787386-0.05265494674224711j),(0.06262171091641693-0.23912803262490526j)
"(1.8787878787878791, 4.428571428571427)","(1.8787878787878791, 4.428571428571427)",(-4.29107987984546-0.1826680367709854j),(-4.242183143291207+0.11320353540443279j),(-0.12489428732335098-0.07914885369263519j),(0.0759975507690976-0.216722718482783j)
"(1.9212121212121216, 4.428571428571427)","(1.9212121212121216, 4.428571428571427)",(-1.4894987694430304-4.387025932197661j),(-1.4495205312206718-4.036882872245177j),(-0.1260305864588051-0.1458337383621648j),(0.08605234823644664-0.20430932159031934j)
"(1.9636363636363636, 4.428571428571427)","(1.9636363636363636, 4.428571428571427)",(3.4221121392380534-3.079678808025234j),(3.394714118133999-2.6512229804619967j),(-0.07209828475251587-0.22692845297978023j),(0.09949630585657011-0.201527374583457j)
"(2.006060606060606, 4.428571428571427)","(2.006060606060606, 4.428571428571427)",(3.7385319634615617+1.9163473238351156j),(3.5724607320849238+2.396035426977659j),(0.04351336062495556-0.27490156032100777j),(0.1225578707516825-0.20478654282153558j)
"(2.0484848484848484, 4.428571428571427)","(2.0484848484848484, 4.428571428571427)",(-0.8176295939036612+3.6612018229932866j),(-1.166658637274477+4.114475675549j),(0.18949209005410597-0.24577807866998558j),(0.15953695331670983-0.20749577388572812j)
"(2.090909090909091, 4.428571428571427)","(2.090909090909091, 4.428571428571427)",(-3.716724575142294-0.179546570707548j),(-4.2353573205046935+0.1480919849061903j),(0.3071949433874404-0.1267051671779589j),(0.21143780197495876-0.2009333884357794j)
"(2.1333333333333333, 4.428571428571427)","(2.1333333333333333, 4.428571428571427)",(-0.7932793663371511-4.072536886932512j),(-1.4075840259024974-3.947243588124849j),(0.3393369018597291+0.05044616216819982j),(0.27496775770561727-0.17573946097586246j)
"(2.175757575757576, 4.428571428571427)","(2.175757575757576, 4.428571428571427)",(3.9092800300200405-2.3976183916902003j),(3.304878609124427-2.493511407871438j),(0.26221204802367054+0.21977517971802027j),(0.34218937287194273-0.12388216353678223j)
"(2.2181818181818183, 4.428571428571427)","(2.2181818181818183, 4.428571428571427)",(3.82261995657016+2.6629404664780543j),(3.319128917024634+2.3905146247316496j),(0.10243611682352718+0.313240195548096j),(0.40105492272199855-0.04081435380169097j)
"(2.2606060606060607, 4.428571428571427)","(2.2606060606060607, 4.428571428571427)",(-0.9365156854194463+4.200466546810884j),(-1.299590939201334+3.8309618621684676j),(-0.07385357609186981+0.29692821971730204j),(0.43692882987375753+0.07257646492511378j)
"(2.303030303030303, 4.428571428571427)","(2.303030303030303, 4.428571428571427)",(-3.7661123745810716+0.26862172139778395j),(-4.005606283749596-0.12996503569297382j),(-0.1955290069604129+0.18990602871263132j),(0.435022916128937+0.20868072837812646j)
"(2.3454545454545452, 4.428571428571427)","(2.3454545454545452, 4.428571428571427)",(-0.8663077567430812-3.439248072517426j),(-1.024569505212431-3.8447215240006076j),(-0.22519380866958982+0.052500045986943286j),(0.3834555571389398+0.35297340549623857j)
"(2.3878787878787877, 4.428571428571427)","(2.3878787878787877, 4.428571428571427)",(3.4693445163780625-1.642704657001493j),(3.370670046963134-2.0774601067094003j),(-0.17776354481874743-0.0504638573163056j),(0.2764380142336761+0.48521930702421295j)
"(2.43030303030303, 4.428571428571427)","(2.43030303030303, 4.428571428571427)",(2.962264735645783+3.1174769582347213j),(2.95115342001946+2.6239268477435975j),(-0.10582813180724027-0.08860261332302088j),(0.1169394474335639+0.582152723814145j)
"(2.4727272727272727, 4.428571428571427)","(2.4727272727272727, 4.428571428571427)",(-1.8043441346234266+4.119866014946263j),(-1.6619561031936145+3.579268497388967j),(-0.06052598032720056-0.08080300531152657j),(-0.08186205110261165+0.6214005228688227j)
"(2.515151515151515, 4.428571428571427)","(2.515151515151515, 4.428571428571427)",(-4.2619121402369755-0.04684250669736001j),(-3.9102094595245687-0.5582610182294071j),(-0.05477149724052441-0.07466696521944906j),(-0.2969311834718823+0.5860854767514961j)
"(2.5575757575757576, 4.428571428571427)","(2.5575757575757576, 4.428571428571427)",(-1.1539404246589193-3.5472113989596705j),(-0.5999554665554936-3.9121019493268085j),(-0.056133446263622086-0.10437100274500347j),(-0.4978515118398037+0.46926155311214146j)
"(2.6, 4.428571428571427)","(2.6, 4.428571428571427)",(2.910024150077251-1.5977651665719945j),(3.577939064992729-1.716633333726695j),(-0.016576261354759505-0.15830925947192065j),(-0.651338653560719+0.2771774266266211j)
"(2.6424242424242426, 4.428571428571427)","(2.6424242424242426, 4.428571428571427)",(2.048970802845229+2.776387535159019j),(2.6944059965638867+2.9293158454398167j),(0.0817820550548097-0.1833391530738111j),(-0.7272172487734672+0.030410842793013496j)
"(2.684848484848485, 4.428571428571427)","(2.684848484848485, 4.428571428571427)",(-2.5212192035363117+3.0800823398008865j),(-2.017245379468488+3.4440672486848842j),(0.20085311740079628-0.1261892881773426j),(-0.7048269414686197-0.2377956207066551j)
"(2.727272727272727, 4.428571428571427)","(2.727272727272727, 4.428571428571427)",(-4.208044553994728-1.38782923028125j),(-3.894430898881265-0.9191844791795865j),(0.2648954507863224+0.017505821785918307j),(-0.5785091058997861-0.48615057288758196j)
"(2.7696969696969695, 4.428571428571427)","(2.7696969696969695, 4.428571428571427)",(-0.41427536047776437-4.486987809460574j),(-0.2677039847172568-4.00080255212207j),(0.21420518801119345+0.18618248685273214j),(-0.360776563771701-0.672367744191236j)
"(2.812121212121212, 4.428571428571427)","(2.812121212121212, 4.428571428571427)",(3.7237407016382744-1.9116440416941916j),(3.750530579897397-1.436164307903294j),(0.05526777432174722+0.28598469951370403j),(-0.08205765258086992-0.7614644333046017j)
"(2.8545454545454545, 4.428571428571427)","(2.8545454545454545, 4.428571428571427)",(2.559738973985044+2.6858077767815205j),(2.479870682082607+3.164723862314666j),(-0.1335975085114704+0.2546791859016085j),(0.21346580041390728-0.7335952714347538j)
"(2.896969696969697, 4.428571428571427)","(2.896969696969697, 4.428571428571427)",(-2.071065510152826+2.823160813262163j),(-2.2959960833712962+3.304216725549883j),(-0.2506027293175622+0.10847776631977124j),(0.47553330253603227-0.5895336786074914j)
"(2.9393939393939394, 4.428571428571427)","(2.9393939393939394, 4.428571428571427)",(-3.417314782070767-1.641448519517111j),(-3.835435354291511-1.2227941370209376j),(-0.23954486606766404-0.06646243849381078j),(0.6576654382884083-0.3521919440023624j)
"(2.981818181818182, 4.428571428571427)","(2.981818181818182, 4.428571428571427)",(0.6416566088128999-4.264760545896136j),(0.04133024851841267-4.027077667878038j),(-0.12680320750371876-0.1743599049849594j),(0.7271295677982059-0.06332297303313905j)
"(3.0242424242424244, 4.428571428571427)","(3.0242424242424244, 4.428571428571427)",(4.539606802004267-1.0954694897475912j),(3.8634330216570056-1.1436975477224054j),(0.003563453993331908-0.17611644603496515j),(0.6726103263539291+0.22434450400977937j)
"(3.066666666666667, 4.428571428571427)","(3.066666666666667, 4.428571428571427)",(2.8128279089831705+3.7090172610147403j),(2.2285080535463586+3.3599581760159016j),(0.0768574046414255-0.10900785749960037j),(0.5074624507953861+0.4580669424984389j)
"(3.109090909090909, 4.428571428571427)","(3.109090909090909, 4.428571428571427)",(-2.212260025923958+3.6708134863299167j),(-2.5611033560785397+3.118930575768288j),(0.08151203488847608-0.04479261880951108j),(0.2673312952661054+0.5966755293711398j)
"(3.1515151515151514, 4.428571428571427)","(3.1515151515151514, 4.428571428571427)",(-3.6707464442333486-0.9398676102332336j),(-3.7378537363326436-1.5360540747430929j),(0.06480085992551295-0.023694208388952066j),(0.00230643217378188+0.6198806728988112j)
"(3.193939393939394, 4.428571428571427)","(3.193939393939394, 4.428571428571427)",(0.21454650552036952-3.5217118909103724j),(0.37289151218300676-4.031131398226088j),(0.07636218201679981-0.023288163091416396j),(-0.23470718867943702+0.5327076704071322j)
"(3.2363636363636363, 4.428571428571427)","(3.2363636363636363, 4.428571428571427)",(3.6842360256650957-0.45525354235332793j),(3.9717778549511906-0.828410113651515j),(0.11295547240799167+0.009548397963638735j),(-0.40049730169408687+0.3636081733345483j)
"(3.278787878787879, 4.428571428571427)","(3.278787878787879, 4.428571428571427)",(1.6105437791565014+3.812700288984433j),(1.963801851173464+3.562312451719119j),(0.11827508497701389+0.0938971418649065j),(-0.4715331569939764+0.15649069540040714j)
"(3.3212121212121213, 4.428571428571427)","(3.3212121212121213, 4.428571428571427)",(-3.2424113684469438+3.0729374622668484j),(-2.8350876194320596+2.9334489634485195j),(0.04120321288476344+0.1807604589992514j),(-0.4485269618996477-0.04127196018092247j)
"(3.3636363636363638, 4.428571428571427)","(3.3636363636363638, 4.428571428571427)",(-4.105532106449788-1.8541066566399045j),(-3.650065219245376-1.8504204171637497j),(-0.10135182479332998+0.18775393197831003j),(-0.35411506241108137-0.1914401714544649j)
"(3.4060606060606062, 4.428571428571427)","(3.4060606060606062, 4.428571428571427)",(0.24763174347186834-4.244927567641069j),(0.6924049052929364-4.046732538345808j),(-0.2204977064039041+0.07610183017111538j),(-0.22427545541716398-0.2742968594663756j)
"(3.4484848484848487, 4.428571428571427)","(3.4484848484848487, 4.428571428571427)",(3.764965659923794-0.9303382808171556j),(4.083513961660314-0.537558456234849j),(-0.2223865019697986-0.10093322953410555j),(-0.09616179976672169-0.2918465950482011j)
"(3.4909090909090907, 4.428571428571427)","(3.4909090909090907, 4.428571428571427)",(1.642293156818392+3.259678986591626j),(1.7292271615481445+3.7521038831792737j),(-0.09055868164717326-0.22865724237719795j),(0.0036246769174209-0.26376765421044995j)
"(3.533333333333333, 4.428571428571427)","(3.533333333333333, 4.428571428571427)",(-2.9196457500515995+2.3356644964309528j),(-3.0778157450438104+2.7733814312548004j),(0.09191687531269277-0.2201832539140206j),(0.06625311967951777-0.21753368090982714j)
"(3.5757575757575757, 4.428571428571427)","(3.5757575757575757, 4.428571428571427)",(-3.266436690338307-2.381945782207791j),(-3.572207022677743-2.118407020386016j),(0.2050516156160257-0.08722840881143491j),(0.10071871672340987-0.1763103530103399j)
"(3.618181818181818, 4.428571428571427)","(3.618181818181818, 4.428571428571427)",(1.272679483674422-4.126969577523007j),(0.9595709286014149-4.049110771610748j),(0.1864783812095692+0.07142369777843562j),(0.12663017386343778-0.14928250369069407j)
"(3.6606060606060606, 4.428571428571427)","(3.6606060606060606, 4.428571428571427)",(4.393738459875573-0.2675561767124214j),(4.156824201646539-0.2926631209634161j),(0.07444949798700104+0.15353725302344437j),(0.16246476024203263-0.12843030877244963j)
"(3.703030303030303, 4.428571428571427)","(3.703030303030303, 4.428571428571427)",(1.6993703275243812+3.922002470355324j),(1.5219526387860125+3.8827643277407655j),(-0.036671170847047435+0.13271535616667826j),(0.21408885958541632-0.09347721355211976j)
"(3.7454545454545456, 4.428571428571427)","(3.7454545454545456, 4.428571428571427)",(-3.064757754020712+2.652642789109475j),(-3.2509024972680236+2.6130586830718547j),(-0.08254795531330208+0.06305604921367199j),(0.26869269856061373-0.02347194317605191j)
"(3.787878787878788, 4.428571428571427)","(3.787878787878788, 4.428571428571427)",(-3.2397503806609547-2.2179279151775715j),(-3.463393824599206-2.3198030469903665j),(-0.07389995041353398+0.012314141369632263j),(0.29754339435178573+0.08956099044316272j)
"(3.83030303030303, 4.428571428571427)","(3.83030303030303, 4.428571428571427)",(1.3821252011510896-3.767012735557961j),(1.1769700417967257-3.993380671027596j),(-0.06238572644516647-0.004602416680209302j),(0.2675408857995302+0.23097035214984407j)
"(3.872727272727273, 4.428571428571427)","(3.872727272727273, 4.428571428571427)",(4.241313462893635+0.26819720203286174j),(4.154427240812726-0.06989300073729515j),(-0.07077145109858331-0.024917578768638773j),(0.15765767317949203+0.36300778153879565j)
"(3.915151515151515, 4.428571428571427)","(3.915151515151515, 4.428571428571427)",(1.2115177364896552+4.292401854870493j),(1.3037211383513854+3.9336179975034713j),(-0.0657519984012881-0.07666659879857116j),(-0.026451403460441888+0.43545045616559325j)
"(3.957575757575758, 4.428571428571427)","(3.957575757575758, 4.428571428571427)",(-3.6048638484569944+2.6852633334640132j),(-3.35463009622662+2.4097888550710356j),(-0.003546767683004848-0.12913748758233037j),(-0.24668698454737004+0.40461196597530813j)
"(4.0, 4.428571428571427)","(4.0, 4.428571428571427)",(-3.623786935287379-2.33640718560154j),(-3.286963228191171-2.474849077145049j),(0.10306454142043937-0.11541827724516822j),(-0.43988824851664776+0.2538601687886774j)
"(-0.2, 4.7142857142857135)","(-0.2, 4.7142857142857135)",(-5.221430636279401+1.1166525676207542j),(-4.597935621060856+1.0269793931014553j),(-0.039159435917013964-0.6124236525178043j),(-0.5843355793015312+0.7020968270371032j)
"(-0.1575757575757576, 4.7142857142857135)","(-0.1575757575757576, 4.7142857142857135)",(-2.657467542386256+5.295092748829445j),(-2.015720232620413+5.189709636859722j),(-0.07305756907752772-0.6113672687562086j),(-0.5686897406883152+0.7167503807259316j)
"(-0.11515151515151516, 4.7142857142857135)","(-0.11515151515151516, 4.7142857142857135)",(1.7933433591418706+4.741477954493975j),(2.4489402966535163+4.622528326311929j),(-0.09880254021059048-0.6085847050748954j),(-0.5567943973010551+0.7275343332569421j)
"(0.1393939393939394, 4.7142857142857135)","(0.1393939393939394, 4.7142857142857135)",(-0.5550893325800202+5.688857751714373j),(0.09867077129422282+5.5707403945205165j),(-0.08215342509018507-0.5994129832133456j),(-0.571606678784058+0.7175303404072019j)
"(0.18181818181818182, 4.7142857142857135)","(0.18181818181818182, 4.7142857142857135)",(-4.809224256651861+3.3000384132061074j),(-4.16945073779852+3.195502481573367j),(-0.0515995420824939-0.5984614789085066j),(-0.5881739767708464+0.7029974105412472j)
"(0.22424242424242424, 4.7142857142857135)","(0.22424242424242424, 4.7142857142857135)",(-4.146160376998381-1.4801294145090955j),(-3.5243501058697575-1.5690875238301756j),(-0.013562783908969856-0.5952919273231082j),(-0.6082474872196536+0.6842500366441884j)
"(0.26666666666666666, 4.7142857142857135)","(0.26666666666666666, 4.7142857142857135)",(0.3137566273157072-2.2613797565089144j),(0.9137660529924213-2.3340468410542683j),(0.03143126076656351-0.5882870278863209j),(-0.6314406864432777+0.660954112431675j)
"(0.30909090909090914, 4.7142857142857135)","(0.30909090909090914, 4.7142857142857135)",(2.0548635743896737+1.7190881727210399j),(2.629637438598823+1.6619667980048702j),(0.08249189311291084-0.5756176197206742j),(-0.65726575732206+0.6327389944368439j)
"(0.3515151515151515, 4.7142857142857135)","(0.3515151515151515, 4.7142857142857135)",(-1.5620712417591485+4.432705492473115j),(-1.0151876491279495+4.388853394493892j),(0.1382402928951768-0.5553629331862828j),(-0.6851238855263758+0.5992150311655058j)
"(0.393939393939394, 4.7142857142857135)","(0.393939393939394, 4.7142857142857135)",(-5.527761438352539+1.5690151420305558j),(-5.01016855801868+1.534704586097497j),(0.19670322742537968-0.5256846264305033j),(-0.7142961077592382+0.559995182363562j)
"(0.43636363636363634, 4.7142857142857135)","(0.43636363636363634, 4.7142857142857135)",(-4.2155843830938595-3.355319610015254j),(-3.726898456115654-3.3849819254842886j),(0.2552498934438879-0.4850586569844587j),(-0.7439358204220933+0.5147209724534934j)
"(0.4787878787878788, 4.7142857142857135)","(0.4787878787878788, 4.7142857142857135)",(0.7071443541607609-3.915278657661007j),(1.1696045344431873-3.9458128683669385j),(0.31060408570263925-0.4325586485365231j),(-0.7730642659850657+0.4630928592424552j)
"(0.5212121212121212, 4.7142857142857135)","(0.5212121212121212, 4.7142857142857135)",(2.645011933586072+0.21941823327885251j),(3.086616299964692+0.1826825780361297j),(0.3589661431258459-0.3681691952351791j),(-0.8005705095044662+0.4049048504779019j)
"(0.5636363636363637, 4.7142857142857135)","(0.5636363636363637, 4.7142857142857135)",(-0.6380176901319411+2.8973702393006304j),(-0.20907487769876343+2.8503757720417457j),(0.39627476413832097-0.2930883900423577j),(-0.8252175765714986+0.34008285730124227j)
"(0.6060606060606062, 4.7142857142857135)","(0.6060606060606062, 4.7142857142857135)",(-3.9307442198432434+0.23890586836342284j),(-3.5037122674494254+0.1801384754235876j),(0.4186245644587919-0.20995843770044198j),(-0.8456565168526099+0.2687258306402772j)
"(0.6484848484848484, 4.7142857142857135)","(0.6484848484848484, 4.7142857142857135)",(-2.0397491323913446-3.856661679639309j),(-1.602127734490183-3.9248634645549196j),(0.4228287500352985-0.12294640252409039j),(-0.86045014793646+0.19114818743970116j)
"(0.6909090909090909, 4.7142857142857135)","(0.6909090909090909, 4.7142857142857135)",(2.756872980196338-3.2486280814338535j),(3.217903756600333-3.3189584863489525j),(0.4070773042209298-0.037591007980614655j),(-0.8681080806249248+0.10792141289571368j)
"(0.7333333333333334, 4.7142857142857135)","(0.7333333333333334, 4.7142857142857135)",(3.8299892315242707+1.6744529636602294j),(4.325530183164598+1.6148852076262268j),(0.3715933328173232+0.03965570420702919j),(-0.8671342844576498+0.019912051826973566j)
"(0.7757575757575759, 4.7142857142857135)","(0.7757575757575759, 4.7142857142857135)",(-0.46919599557030794+4.3941303252240225j),(0.06774923456619818+4.363594159129045j),(0.3191426477411064+0.10222354168502545j),(-0.8560878778776125-0.07168737559004738j)
"(0.8181818181818183, 4.7142857142857135)","(0.8181818181818183, 4.7142857142857135)",(-4.415399234885224+1.3160388312963784j),(-3.8369611959442538+1.3368593234544002j),(0.25521894630452263+0.14451812092979333j),(-0.8336569852454926-0.1653386130878152j)
"(0.8606060606060608, 4.7142857142857135)","(0.8606060606060608, 4.7142857142857135)",(-2.8435427228371712-3.2415348822605985j),(-2.232526178445253-3.1455612977096687j),(0.18772782820402487+0.16318001875413155j),(-0.7987443725959432-0.25915360330506165j)
"(0.9030303030303031, 4.7142857142857135)","(0.9030303030303031, 4.7142857142857135)",(1.7357424482551231-3.1201470390496793j),(2.3602585885762286-2.927506223103863j),(0.1260460202370635+0.1582700412661412j),(-0.7505621605581692-0.35091085721195747j)
"(0.9454545454545455, 4.7142857142857135)","(0.9454545454545455, 4.7142857142857135)",(2.8036874123865734+1.1181190545661235j),(3.4129697216893407+1.4221608268543537j),(0.07944894798516541+0.13405503374473537j),(-0.6887312572879325-0.4380968060329657j)
"(0.987878787878788, 4.7142857142857135)","(0.987878787878788, 4.7142857142857135)",(-0.9600994931933773+3.1667924552254556j),(-0.40179565130021666+3.585728442166685j),(0.0550755027311109+0.09903998715636622j),(-0.6133793446242715-0.5179759740975958j)
"(1.0303030303030305, 4.7142857142857135)","(1.0303030303030305, 4.7142857142857135)",(-3.936054066526225+0.011991790288926718j),(-3.466629379417378+0.53472306650428j),(0.055804744042141974+0.06496118589200653j),(-0.5252294311509886-0.5876924621073598j)
"(1.0727272727272728, 4.7142857142857135)","(1.0727272727272728, 4.7142857142857135)",(-1.6769516066862116-3.80708010566814j),(-1.3298818797635907-3.2073244070231652j),(0.07859963489210894+0.04464745438665281j),(-0.4256693618147298-0.6444031530316275j)
"(1.1151515151515152, 4.7142857142857135)","(1.1151515151515152, 4.7142857142857135)",(2.6907755630095007-2.7334862791344605j),(2.8936152831731987-2.0970113629866587j),(0.11395178988343219+0.04896529966674233j),(-0.3167915100471302-0.6854402158145441j)
"(1.1575757575757577, 4.7142857142857135)","(1.1575757575757577, 4.7142857142857135)",(2.8975473891087646+1.786415187427509j),(2.9519769309726+2.4114781197399213j),(0.14696194549137587+0.08343400901136891j),(-0.2013914873552114-0.7084969413237813j)
"(1.2000000000000002, 4.7142857142857135)","(1.2000000000000002, 4.7142857142857135)",(-1.4688659081049629+3.2440577610191585j),(-1.546217631086824+3.8104625333390563j),(0.16026714516045829+0.1454221016436239j),(-0.08291542217859703-0.7118268739635212j)
"(1.2424242424242427, 4.7142857142857135)","(1.2424242424242427, 4.7142857142857135)",(-4.201773767315932-0.6887114720170696j),(-4.374923208011178-0.21724570144197156j),(0.13849694293829715+0.22297614650782105j),(0.0346524977569486-0.6944419170829191j)
"(1.284848484848485, 4.7142857142857135)","(1.284848484848485, 4.7142857142857135)",(-1.1607011830003884-4.6903462141392485j),(-1.3809858517146594-4.330208796238795j),(0.07331795625206987+0.2961536447277458j),(0.14696671246220108-0.6562910626281998j)
"(1.3272727272727274, 4.7142857142857135)","(1.3272727272727274, 4.7142857142857135)",(3.789310666308192-3.1140736528665243j),(3.5721419870920057-2.8568441574901464j),(-0.032391433321807106+0.3411687515581098j),(0.2495601125379936-0.5983982469344874j)
"(1.3696969696969699, 4.7142857142857135)","(1.3696969696969699, 4.7142857142857135)",(4.019227259116771+2.097480226363751j),(3.843950401482423+2.2836385358000157j),(-0.16286180171296433+0.33677799252849694j),(0.3381386593473119-0.5229363019647618j)
"(1.4121212121212123, 4.7142857142857135)","(1.4121212121212123, 4.7142857142857135)",(-0.700723083333413+4.0282777334507855j),(-0.8181482026670684+4.1901335538837365j),(-0.2914888473310604+0.27135901690879266j),(0.40891396666471586-0.4332148373417439j)
"(1.4545454545454546, 4.7142857142857135)","(1.4545454545454546, 4.7142857142857135)",(-3.9171344821134726+0.3160392978050004j),(-3.989207204192952+0.5011753743516169j),(-0.38687528866821175+0.14842779664880731j),(0.4589480107476912-0.3335638731954238j)
"(1.496969696969697, 4.7142857142857135)","(1.496969696969697, 4.7142857142857135)",(-1.4560592213195065-3.706426185227108j),(-1.5208307357011297-3.46560881769459j),(-0.4217042412586859-0.011714708374255249j),(0.48647575564030904-0.22910265915826258j)
"(1.5393939393939395, 4.7142857142857135)","(1.5393939393939395, 4.7142857142857135)",(2.926784681770406-2.5636039223716467j),(2.8175340777271685-2.262541356152229j),(-0.381914555419424-0.17566807324521963j),(0.4911651594626615-0.1253944929741978j)
"(1.581818181818182, 4.7142857142857135)","(1.581818181818182, 4.7142857142857135)",(3.0277142623263313+1.7911438439201235j),(2.8263405844288134+2.12487148263089j),(-0.2728977384666915-0.30572457026585365j),(0.4742714163642092-0.028003068444912824j)
"(1.6242424242424245, 4.7142857142857135)","(1.6242424242424245, 4.7142857142857135)",(-1.041047609062999+2.964760387238099j),(-1.3598591776450863+3.2782230335822202j),(-0.11983347378449266-0.37147984108829873j),(0.4386450423665799+0.058017194744177554j)
"(1.6666666666666667, 4.7142857142857135)","(1.6666666666666667, 4.7142857142857135)",(-3.167433674756155-0.6969444000458183j),(-3.5949961111541677-0.4652590196784908j),(0.038999540331007464-0.3603325567434119j),(0.3885628960670055+0.12864717637608442j)
"(1.7090909090909092, 4.7142857142857135)","(1.7090909090909092, 4.7142857142857135)",(-0.07190903887448502-3.78562377071938j),(-0.5657242464579751-3.684419590718881j),(0.1644470588288024-0.28258512504829436j),(0.32936814875468773+0.18138094504779562j)
"(1.7515151515151517, 4.7142857142857135)","(1.7515151515151517, 4.7142857142857135)",(3.9466340037795735-1.6088037581991597j),(3.4495883737299766-1.6560799907148325j),(0.23011637662218498-0.16830556346923486j),(0.2669292534274119+0.2155817959849078j)
"(1.7939393939393942, 4.7142857142857135)","(1.7939393939393942, 4.7142857142857135)",(3.1053475566513042+3.026555853074268j),(2.6664516746710065+2.850085028221155j),(0.23193848768447767-0.05617165880797465j),(0.20695739429582005+0.23264248366108775j)
"(1.8363636363636366, 4.7142857142857135)","(1.8363636363636366, 4.7142857142857135)",(-1.5842864591397579+3.705044623747562j),(-1.9275822036887258+3.447301044535976j),(0.18904232227768386+0.021856178631606195j),(0.1542534222712842+0.2358874005799797j)
"(1.8787878787878791, 4.7142857142857135)","(1.8787878787878791, 4.7142857142857135)",(-3.6418727810981446-0.5077059009547962j),(-3.8884343998385176-0.7915160645362872j),(0.13457758267450093+0.05363026937725447j),(0.11198403606587229+0.2301798942042366j)
"(1.9212121212121216, 4.7142857142857135)","(1.9212121212121216, 4.7142857142857135)",(-0.23738618150527724-3.6711861606656617j),(-0.4181862943971279-3.9437471809661915j),(0.09969320466500005+0.05132409944028398j),(0.08110690822685064+0.22123692086024577j)
"(1.9636363636363636, 4.7142857142857135)","(1.9636363636363636, 4.7142857142857135)",(3.7856791378149395-1.309610942686654j),(3.6278679802429195-1.5685500289012575j),(0.09774203099976694+0.04423611274403268j),(0.06006912657225309+0.2147029734705708j)
"(2.006060606060606, 4.7142857142857135)","(2.006060606060606, 4.7142857142857135)",(2.7174303459630824+3.2729277183666783j),(2.555785267814118+2.995605341777645j),(0.11675804736915915+0.06223260056739956j),(0.04488703077980522+0.2150897760216337j)
"(2.0484848484848484, 4.7142857142857135)","(2.0484848484848484, 4.7142857142857135)",(-1.9643923839181128+3.651442237015644j),(-2.119242714435441+3.309266771112664j),(0.12517552470181773+0.11743675017884704j),(0.029674805815510324+0.2247387157241327j)
"(2.090909090909091, 4.7142857142857135)","(2.090909090909091, 4.7142857142857135)",(-3.686754064496364-0.637365119615565j),(-3.7838012976136577-1.0742840264904865j),(0.08942287399567879+0.1939206097960926j),(0.007624359121614925+0.24299829707882897j)
"(2.1333333333333333, 4.7142857142857135)","(2.1333333333333333, 4.7142857142857135)",(-0.09609437727498496-3.43182781086709j),(-0.06370635779917698-3.949972128111246j),(-0.004743463987709157+0.25232695378208536j),(-0.027644555488098826+0.26581736346207047j)
"(2.175757575757576, 4.7142857142857135)","(2.175757575757576, 4.7142857142857135)",(3.57063487335054-0.6801165819270367j),(3.7899185554156616-1.2151367837828608j),(-0.13874749242106035+0.24909371120303286j),(-0.08053618964406117+0.2859264906527912j)
"(2.2181818181818183, 4.7142857142857135)","(2.2181818181818183, 4.7142857142857135)",(1.8754468048851973+3.7560111775156377j),(2.292007538610583+3.3007517007758813j),(-0.26457347154375926+0.1615500569341992j),(-0.15198726218162673+0.29370941980555726j)
"(2.2606060606060607, 4.7142857142857135)","(2.2606060606060607, 4.7142857142857135)",(-3.067119202192569+3.482790049172889j),(-2.503005990983597+3.1987274651806916j),(-0.3257727568629244+0.00530694301863017j),(-0.23834045434604756+0.27875564097356686j)
"(2.303030303030303, 4.7142857142857135)","(2.303030303030303, 4.7142857142857135)",(-4.457924550919581-1.3843394046813204j),(-3.8403614082868125-1.4489613512454618j),(-0.2866665853837998-0.16732376574015292j),(-0.330896557248969+0.23194571230429434j)
"(2.3454545454545452, 4.7142857142857135)","(2.3454545454545452, 4.7142857142857135)",(-0.3446631647117827-4.2787368259041125j),(0.2257585153433213-4.136811141834417j),(-0.15402170222453884-0.2896998079079467j),(-0.41639997783056515+0.147774123838251j)
"(2.3878787878787877, 4.7142857142857135)","(2.3878787878787877, 4.7142857142857135)",(3.582543420984138-1.3369231249265552j),(4.038803045327112-1.0496862537243195j),(0.022323756544184982-0.3137273054277993j),(-0.47858338088715907+0.026490434225563634j)
"(2.43030303030303, 4.7142857142857135)","(2.43030303030303, 4.7142857142857135)",(1.9158656407122745+3.1809820133166067j),(2.244005628729739+3.540705900929412j),(0.17256662098922654-0.2352959741585776j),(-0.5007066090066911-0.12442791345422743j)
"(2.4727272727272727, 4.7142857142857135)","(2.4727272727272727, 4.7142857142857135)",(-2.912519462718713+2.839625307078255j),(-2.6860939020668684+3.226261923388107j),(0.24237232308420925-0.09669968768782497j),(-0.46879788373605386-0.28993692862202675j)
"(2.515151515151515, 4.7142857142857135)","(2.515151515151515, 4.7142857142857135)",(-4.042651816913715-1.9756444823177763j),(-3.8880083137892845-1.564074631439607j),(0.22043957262160702+0.03698864676441465j),(-0.3750830757460375-0.44855849764258404j)
"(2.5575757575757576, 4.7142857142857135)","(2.5575757575757576, 4.7142857142857135)",(0.21711675815542278-4.620386593986725j),(0.2969541776371115-4.159858362962871j),(0.14108670240455395+0.11455535205458867j),(-0.2209241218862427-0.575083583078442j)
"(2.6, 4.7142857142857135)","(2.6, 4.7142857142857135)",(4.061808654926681-1.4967164718820092j),(4.020928256064433-0.9779610860435826j),(0.059414935843684326+0.12587081056091629j),(-0.01853453698143733-0.6446261963993428j)
"(2.6424242424242426, 4.7142857142857135)","(2.6424242424242426, 4.7142857142857135)",(2.351990245633931+2.963893881731938j),(2.128316801170654+3.4994701626691764j),(0.014514171626687644+0.10188326598684642j),(0.20915927283658922-0.6374595469240849j)
"(2.684848484848485, 4.7142857142857135)","(2.684848484848485, 4.7142857142857135)",(-2.229044089234545+2.587325041045182j),(-2.6652612315718347+3.0441971865074477j),(0.005345707209362902+0.08689191472775333j),(0.4308714351279267-0.543764060190019j)
"(2.727272727272727, 4.7142857142857135)","(2.727272727272727, 4.7142857142857135)",(-3.0417723603157865-1.8813770335363584j),(-3.649935938210374-1.6162007327004217j),(-0.003303082127557351+0.10207080787192178j),(0.611466660022145-0.36724710870785837j)
"(2.7696969696969695, 4.7142857142857135)","(2.7696969696969695, 4.7142857142857135)",(1.1327051171463518-3.9084133731425883j),(0.4626069224511486-3.908781613774986j),(-0.047969682580082634+0.1269990077354644j),(0.718067877275286-0.12663076710306703j)
"(2.812121212121212, 4.7142857142857135)","(2.812121212121212, 4.7142857142857135)",(4.4171628847621305-0.42683382962623106j),(3.8208525635429735-0.6873054392534312j),(-0.13041305480831442+0.11475938825550618j),(0.7267233760274714+0.14571222137169407j)
"(2.8545454545454545, 4.7142857142857135)","(2.8545454545454545, 4.7142857142857135)",(2.159670773849131+3.856395933428145j),(1.7382203477467422+3.4163281086336323j),(-0.20681307529361662+0.031892298176008624j),(0.6282635013960056+0.4081755266185039j)
"(2.896969696969697, 4.7142857142857135)","(2.896969696969697, 4.7142857142857135)",(-2.528965045775517+3.12459024974224j),(-2.746558303855184+2.6137141470492002j),(-0.21431707570680114-0.10603909380615273j),(0.43191033378646815+0.6169151964991925j)
"(2.9393939393939394, 4.7142857142857135)","(2.9393939393939394, 4.7142857142857135)",(-3.211322815989469-1.3741843282212363j),(-3.257880127766746-1.8756269384555593j),(-0.11892120692978612-0.23281419921282098j),(0.16547851870706312+0.734256809447144j)
"(2.981818181818182, 4.7142857142857135)","(2.981818181818182, 4.7142857142857135)",(0.7961195431106998-3.167716049968255j),(0.8740435099142919-3.634106038757025j),(0.05045257890433602-0.27042123632269766j),(-0.12837654570792817+0.7368112251114678j)
"(3.0242424242424244, 4.7142857142857135)","(3.0242424242424244, 4.7142857142857135)",(3.5340004712756063+0.25264701771825826j),(3.722928861975475-0.1849631413221886j),(0.2106089797295487-0.18378409731898107j),(-0.3995373704294174+0.6213942563594279j)
"(3.066666666666667, 4.7142857142857135)","(3.066666666666667, 4.7142857142857135)",(0.9014305892383472+3.9165821770974043j),(1.2271981329087296+3.5205831186476417j),(0.27439770311355716-0.011098053451417502j),(-0.6001652467839396+0.40709711190118003j)
"(3.109090909090909, 4.7142857142857135)","(3.109090909090909, 4.7142857142857135)",(-3.5248967907414537+2.4671679109740663j),(-3.0390393262338065+2.178642579846279j),(0.20891462908622563+0.15594648403985753j),(-0.6947720935938732+0.13257884708792972j)
"(3.1515151515151514, 4.7142857142857135)","(3.1515151515151514, 4.7142857142857135)",(-3.5772224480800157-2.2273880861494844j),(-2.967421048729615-2.307330972447429j),(0.05843949476869319+0.23120551044687757j),(-0.668240894119094-0.15126262414893316j)
"(3.193939393939394, 4.7142857142857135)","(3.193939393939394, 4.7142857142857135)",(0.7566305866600495-3.729260678638589j),(1.373140145814306-3.5275635293837584j),(-0.08686073490237874+0.19018058361234516j),(-0.5296488242518779-0.39187773286717603j)
"(3.2363636363636363, 4.7142857142857135)","(3.2363636363636363, 4.7142857142857135)",(3.339982854917661-0.162376046721034j),(3.8047066228092707+0.3032105656002429j),(-0.15411958411236928+0.08095544780751011j),(-0.31060418377924054-0.546542060128787j)
"(3.278787878787879, 4.7142857142857135)","(3.278787878787879, 4.7142857142857135)",(0.6260102075359795+3.1530074343549916j),(0.8187184571366165+3.762990435895383j),(-0.13456929489810618-0.018109141173665428j),(-0.058138954702530846-0.5918738603667258j)
"(3.3212121212121213, 4.7142857142857135)","(3.3212121212121213, 4.7142857142857135)",(-3.293356944617892+1.3089219907219614j),(-3.3917391040910507+1.8971810115378824j),(-0.07793287318950778-0.05944726815450378j),(0.17631503266266665-0.5288117526614173j)
"(3.3636363636363638, 4.7142857142857135)","(3.3636363636363638, 4.7142857142857135)",(-2.5254222917986935-3.1477994070054187j),(-2.833336374047462-2.710256809813451j),(-0.04120582971472014-0.05602251572801655j),(0.34911991196348857-0.3815200814639508j)
"(3.4060606060606062, 4.7142857142857135)","(3.4060606060606062, 4.7142857142857135)",(2.1665625518057574-3.7818154900965264j),(1.7692858894312213-3.5354313854852877j),(-0.03723333287713535-0.056076654857665956j),(0.43450999525167155-0.19030744975357297j)
"(3.4484848484848487, 4.7142857142857135)","(3.4484848484848487, 4.7142857142857135)",(4.3305365386334955+0.5605855008335304j),(3.9297747056052272+0.6482824908711335j),(-0.028908745308093835-0.08729331817953732j),(0.4296705783363625-0.0004036718580657326j)
"(3.4909090909090907, 4.7142857142857135)","(3.4909090909090907, 4.7142857142857135)",(0.9305079365506985+3.9975607664206554j),(0.5515065062804672+3.9703760949947053j),(0.02572990391826084-0.12301755454385224j),(0.3532715263519705+0.1502022259698021j)
"(3.533333333333333, 4.7142857142857135)","(3.533333333333333, 4.7142857142857135)",(-3.2879725516964733+1.8528728296882728j),(-3.6455757132969064+1.7173489142428988j),(0.11973796287890878-0.10467661959299844j),(0.23786519872152456+0.2402005350383724j)
"(3.5757575757575757, 4.7142857142857135)","(3.5757575757575757, 4.7142857142857135)",(-2.4304298018007735-2.71472314071218j),(-2.737256438956378-2.9805137921280953j),(0.18827460827782955-0.0029254223162587818j),(0.11855202887777463+0.26871607373217427j)
"(3.618181818181818, 4.7142857142857135)","(3.618181818181818, 4.7142857142857135)",(2.216025781290365-3.1209734323867484j),(2.03502602524027-3.512356183545816j),(0.15933045483186595+0.13919845006976178j),(0.021669301218228555+0.25218430108930573j)
"(3.6606060606060606, 4.7142857142857135)","(3.6606060606060606, 4.7142857142857135)",(3.9479052626483764+1.3394468446405279j),(3.9676593854854296+0.8973188189169525j),(0.02282909539614194+0.2266442402989331j),(-0.042583218233195295+0.2154837854246424j)
"(3.703030303030303, 4.7142857142857135)","(3.703030303030303, 4.7142857142857135)",(0.09896644962619255+4.4265480064465175j),(0.3255800579581757+4.0598324404030866j),(-0.14571106653705576+0.18613074132099294j),(-0.08090254179492737+0.18058482472243845j)
"(3.7454545454545456, 4.7142857142857135)","(3.7454545454545456, 4.7142857142857135)",(-4.126855591312244+1.7079610145642024j),(-3.7811312868916467+1.5191970306188796j),(-0.2350366162634188+0.031683814061398474j),(-0.11068768815717864+0.15708016988392437j)
"(3.787878787878788, 4.7142857142857135)","(3.787878787878788, 4.7142857142857135)",(-2.9068072647922927-3.1589214487306077j),(-2.573295221114932-3.1592867297457907j),(-0.184268600951638-0.13814172640417696j),(-0.1492434427257227+0.13850700741935984j)
"(3.83030303030303, 4.7142857142857135)","(3.83030303030303, 4.7142857142857135)",(2.018826271264694-3.500039541403511j),(2.253697534432016-3.3924829915694845j),(-0.032093010648617366-0.2138856454129221j),(-0.20277825251870432+0.1063290955788957j)
"(3.872727272727273, 4.7142857142857135)","(3.872727272727273, 4.7142857142857135)",(3.7594596476779554+1.0304488091585802j),(3.90469307270289+1.148707395431247j),(0.11485698115354454-0.15868456085515542j),(-0.2600904061784794+0.04042597458248866j)
"(3.915151515151515, 4.7142857142857135)","(3.915151515151515, 4.7142857142857135)",(-0.0718380869061227+3.968646439015103j),(0.055032425623441614+4.0668932626462375j),(0.16750712336049486-0.0302683381456741j),(-0.29437763589005916-0.06797848548546004j)
"(3.957575757575758, 4.7142857142857135)","(3.957575757575758, 4.7142857142857135)",(-4.022404678245809+1.1187161944668826j),(-3.8678033150916153+1.250075324339928j),(0.11890932767713246+0.07524837441735138j),(-0.27351069083132545-0.20660750429039687j)
"(4.0, 4.7142857142857135)","(4.0, 4.7142857142857135)",(-2.473419320000653-3.564312775486922j),(-2.3316341845807376-3.3277326981287207j),(0.03364739067675484+0.10412937754585821j),(-0.1754325260966701-0.34070945490405946j)
"(-0.2, 5.0)","(-0.2, 5.0)",(-2.49327101560596-2.3694916017118555j),(-2.825379903329679-1.8359081362911596j),(0.47713562486773287+0.354400823484109j),(-0.14502673714401376-0.887984288904805j)
"(-0.1575757575757576, 5.0)","(-0.1575757575757576, 5.0)",(-1.239920990505078+1.8021846911448742j),(-1.5702160745235982+2.357357553670312j),(0.4956294732182434+0.3306602448641819j),(-0.16533438919972332-0.8858331073896196j)
"(-0.11515151515151516, 5.0)","(-0.11515151515151516, 5.0)",(3.47323912186851+1.4924095887888722j),(3.145345696370486+2.0647800444529625j),(0.508406791243239+0.31161453795066074j),(-0.18051336574521498-0.8839849936147514j)
"(0.1393939393939394, 5.0)","(0.1393939393939394, 5.0)",(0.7601210767215894+2.421242925880798j),(0.4320199877783954+2.991532650761119j),(0.4921109647256621+0.31805688065544613j),(-0.1640098757824682-0.8883466055357674j)
"(0.18181818181818182, 5.0)","(0.18181818181818182, 5.0)",(-2.584192509789233-0.43082934439152976j),(-2.914819916067384+0.12197404603141855j),(0.473830965912344+0.33840911156050596j),(-0.14320355963419246-0.8912125019834543j)
"(0.22424242424242424, 5.0)","(0.22424242424242424, 5.0)",(-0.5745168806695868-4.31726068871002j),(-0.9071817998211128-3.7860113440829077j),(0.44984200226480536+0.3627531706431275j),(-0.11717708311327943-0.894002515270239j)
"(0.26666666666666666, 5.0)","(0.26666666666666666, 5.0)",(3.9463780851083183-3.363622801116603j),(3.612924648077988-2.8573109770291243j),(0.4193819888036053+0.3899351711344553j),(-0.08592855177327571-0.8962469952219344j)
"(0.30909090909090914, 5.0)","(0.30909090909090914, 5.0)",(4.545320877505195+1.472066742365408j),(4.213093512507322+1.950980296091989j),(0.3817172260279635+0.41847013784072234j),(-0.04948986103009017-0.8973836915673037j)
"(0.3515151515151515, 5.0)","(0.3515151515151515, 5.0)",(0.210572295662026+3.751335829067649j),(-0.11775038962347471+4.201576021988953j),(0.33626675354493163+0.44652099688679553j),(-0.00794406825943088-0.8967611898081002j)
"(0.393939393939394, 5.0)","(0.393939393939394, 5.0)",(-3.234503888775295+0.5811221319232235j),(-3.555809878696697+1.0028599277398031j),(0.28275122082242854+0.47190717268129584j),(0.038554769098973714-0.8936449684978754j)
"(0.43636363636363634, 5.0)","(0.43636363636363634, 5.0)",(-1.3257461568221367-3.375553816033487j),(-1.6368649825988677-2.98048565095002j),(0.22135909823399827+0.4921587686710455j),(0.08975972754273276-0.8872269337545122j)
"(0.4787878787878788, 5.0)","(0.4787878787878788, 5.0)",(2.8096736462106984-2.5406371250778106j),(2.511450042161605-2.168629805051207j),(0.1529158294187363+0.5046320181270822j),(0.14530777463035702-0.8766393381536858j)
"(0.5212121212121212, 5.0)","(0.5212121212121212, 5.0)",(2.9735060431366453+1.6867602098915517j),(2.689777098822969+2.0410359750952836j),(0.07903288411572622+0.5066982252675369j),(0.20469606019795034-0.8609739904712691j)
"(0.5636363636363637, 5.0)","(0.5636363636363637, 5.0)",(-1.2352803595402133+2.9533061117718225j),(-1.5047441652119762+3.2966031779007388j),(0.002204851138105885+0.49601052538493345j),(0.26725895453365706-0.8393075915138496j)
"(0.6060606060606062, 5.0)","(0.6060606060606062, 5.0)",(-3.768684199069943-0.954463458489333j),(-4.026647392403009-0.6145691627358718j),(-0.0741841854223073+0.4708395732712976j),(0.33214737875537376-0.8107338690247589j)
"(0.6484848484848484, 5.0)","(0.6484848484848484, 5.0)",(-0.6719870546119197-4.808220731895217j),(-0.9243136021419764-4.464268514682886j),(-0.14598576860429766+0.43045069325690916j),(0.39831231613435436-0.7744029104692398j)
"(0.6909090909090909, 5.0)","(0.6909090909090909, 5.0)",(4.205711803838608-3.1623643111717685j),(3.9497952125393025-2.8082691838409506j),(-0.20857812773587595+0.3754725599946456j),(0.46449471903518114-0.7295676873254635j)
"(0.7333333333333334, 5.0)","(0.7333333333333334, 5.0)",(4.426388479987436+2.002112033325887j),(4.154503745128072+2.3695645790900457j),(-0.25733956066375135+0.3081846684899357j),(0.5292242955231155-0.6756372142540944j)
"(0.7757575757575759, 5.0)","(0.7757575757575759, 5.0)",(-0.15724038749369496+3.956173983531122j),(-0.45978146449179924+4.335775478061457j),(-0.2882887461042166+0.23263359157061428j),(0.5908298231023209-0.6122350861009497j)
"(0.8181818181818183, 5.0)","(0.8181818181818183, 5.0)",(-3.2748579809487595+0.48423914937628776j),(-3.623489700300731+0.8690162156135556j),(-0.2988319163707776+0.1544842275336357j),(0.6474636357227495-0.5392612937709035j)
"(0.8606060606060608, 5.0)","(0.8606060606060608, 5.0)",(-0.9872213030145061-3.2238097304885542j),(-1.3958594874153731-2.847386024532511j),(-0.2885045144406362+0.0805305583103014j),(0.6971426988415033-0.456954264266345j)
"(0.9030303030303031, 5.0)","(0.9030303030303031, 5.0)",(2.989822343863926-2.0015356575259573j),(2.511559998086254-1.6534244325453384j),(-0.2595458134014431+0.017837827471229917j),(0.7378081591791152-0.36594905245184883j)
"(0.9454545454545455, 5.0)","(0.9454545454545455, 5.0)",(2.769824622405483+2.0882130599829334j),(2.2195353549286003+2.3829733275743448j),(-0.21711510279233198-0.027433654790925258j),(0.7674043702692148-0.2673266128004861j)
"(0.987878787878788, 5.0)","(0.987878787878788, 5.0)",(-1.2869507443761048+2.887207980368996j),(-1.9019612694049821+3.101226929212602j),(-0.1689665828617433-0.051370738910329374j),(0.7839771078906205-0.1626482099332771j)
"(1.0303030303030305, 5.0)","(1.0303030303030305, 5.0)",(-3.157696325732875-0.9424853948496649j),(-3.819021000469336-0.8349607145115812j),(-0.12446431166991723-0.05355625136496392j),(0.785788986406378-0.053968428973119785j)
"(1.0727272727272728, 5.0)","(1.0727272727272728, 5.0)",(0.14305962497516833-3.9346393396516186j),(-0.5354418480849038-3.952935503560275j),(-0.09294652451077014-0.0378837487027412j),(0.7714479975708423+0.056179912611397265j)
"(1.1151515151515152, 5.0)","(1.1151515151515152, 5.0)",(4.161778498413378-1.6073759777124392j),(3.5033669201073177-1.7596303423742004j),(-0.08163112833935603-0.01258082589040887j),(0.7400427066454162+0.16483519055216983j)
"(1.1575757575757577, 5.0)","(1.1575757575757577, 5.0)",(3.2305128236467566+3.0422629077394125j),(2.6326958985440307+2.7627349045497835j),(-0.09345819365901045+0.01083228104491922j),(0.6912751187617366+0.26869572214471016j)
"(1.2000000000000002, 5.0)","(1.2000000000000002, 5.0)",(-1.4518963478968785+3.635702822919797j),(-1.9520426782126408+3.2517344988583012j),(-0.1254334848500643+0.01971769226698827j),(0.6255798151658266+0.3642506317945077j)
"(1.2424242424242427, 5.0)","(1.2424242424242427, 5.0)",(-3.3791353782552966-0.5912451128892586j),(-3.755254803446695-1.0425843804603214j),(-0.16809655480720165+0.0033868464186948494j),(0.5442159799985999+0.447952421152368j)
"(1.284848484848485, 5.0)","(1.284848484848485, 5.0)",(0.14127116931947714-3.6114783195292723j),(-0.1014274466263631-4.084365580040438j),(-0.20661917312419847-0.04353937365347786j),(0.4493177890700387+0.5164266341646436j)
"(1.3272727272727274, 5.0)","(1.3272727272727274, 5.0)",(4.127541984797422-1.0202392499627693j),(4.0073630743561015-1.4685729715861815j),(-0.22370983868138505-0.11837526819416712j),(0.34388874912270595+0.5667089898175796j)
"(1.3696969696969699, 5.0)","(1.3696969696969699, 5.0)",(2.836937160086304+3.7327789527896944j),(2.809196493567505+3.3455122564581297j),(-0.20398672230462214-0.2092281689580401j),(0.23172738882342117+0.5964948652896046j)
"(1.4121212121212123, 5.0)","(1.4121212121212123, 5.0)",(-2.1813766188864925+4.086883523804644j),(-2.1597558796006138+3.778786804072849j),(-0.13889630489482774-0.2962838768426197j),(0.11727556560894921+0.6043805965744147j)
"(1.4545454545454546, 5.0)","(1.4545454545454546, 5.0)",(-4.1885979923345245-0.500296841823844j),(-4.16319917159673-0.7345804987816417j),(-0.030785580265860462-0.35578780818361616j),(0.005386759528065743+0.5900714651414138j)
"(1.496969696969697, 5.0)","(1.496969696969697, 5.0)",(-0.5960488295004167-3.8010587425826667j),(-0.6024674767581147-3.9894238171371095j),(0.10539863294357245-0.366163284388066j),(-0.09897998568587442+0.5545283589425087j)
"(1.5393939393939395, 5.0)","(1.5393939393939395, 5.0)",(3.507801615899589-1.4752553479315869j),(3.4549904829419376-1.6604661501629316j),(0.24393588699667132-0.31481411060768066j),(-0.19112475403902002+0.5000249128390254j)
"(1.581818181818182, 5.0)","(1.581818181818182, 5.0)",(2.5195780661113725+2.9900894509507308j),(2.432660316420299+2.7635185967300133j),(0.3539211120829491-0.2035195208557301j),(-0.26700336239187566+0.4300903750764476j)
"(1.6242424242424245, 5.0)","(1.6242424242424245, 5.0)",(-1.9212856902720246+3.307182615595329j),(-2.0052423149069063+3.008145184888119j),(0.40757513027353764-0.050283784521549364j),(-0.3236185056386559+0.3493212152287593j)
"(1.6666666666666667, 5.0)","(1.6666666666666667, 5.0)",(-3.4144378734661562-0.7796988785236907j),(-3.4440671086483037-1.1564946978758277j),(0.3889886840949038+0.113738964486984j),(-0.3593594489127562+0.263056854865153j)
"(1.7090909090909092, 5.0)","(1.7090909090909092, 5.0)",(0.0953104996495891-3.2711321720898936j),(0.16923374601876773-3.7001848408278666j),(0.300316412640329+0.2521211815032636j),(-0.3742396590095076+0.17693148723470914j)
"(1.7515151515151517, 5.0)","(1.7515151515151517, 5.0)",(3.4621616823078725-0.5049284596074137j),(3.6693980646927304-0.9351333864780845j),(0.1627467833948679+0.33387137978051745j),(-0.36998316577972584+0.09633354709015342j)
"(1.7939393939393942, 5.0)","(1.7939393939393942, 5.0)",(1.6976678955225257+3.632667306821597j),(2.0365420098979903+3.2633365210240965j),(0.011045446402580629+0.3435059332174973j),(-0.349919560778045+0.02582485258000332j)
"(1.8363636363636366, 5.0)","(1.8363636363636366, 5.0)",(-2.9197164044413144+3.2165203351118996j),(-2.4838369995584575+2.9613345447557036j),(-0.11721405466990403+0.2865960662579874j),(-0.318665350212953-0.031410275901791546j)
"(1.8787878787878791, 5.0)","(1.8787878787878791, 5.0)",(-4.0362033115516915-1.3213822827683261j),(-3.56035185662744-1.4354214458628927j),(-0.19425578217939884+0.18804239331177003j),(-0.2815956727448527-0.07400323021720359j)
"(1.9212121212121216, 5.0)","(1.9212121212121216, 5.0)",(-0.17502426759920459-3.7865971687868867j),(0.28082952476495815-3.7668615577060334j),(-0.21171042031392173+0.08290582468715522j),(-0.244143372050241-0.10264143576800859j)
"(1.9636363636363636, 5.0)","(1.9636363636363636, 5.0)",(3.211150355921972-0.9415762659567971j),(3.605063169071842-0.8243419920072296j),(-0.18291436504063027+0.002802098356564488j),(-0.21099844810923982-0.12003637230613205j)
"(2.006060606060606, 5.0)","(2.006060606060606, 5.0)",(1.456465372426821+2.9880833463097547j),(1.7779572786465812+3.155359880396316j),(-0.1361773382465833-0.036705250107456164j),(-0.185314567973177-0.13057128397910545j)
"(2.0484848484848484, 5.0)","(2.0484848484848484, 5.0)",(-2.774695547948402+2.357397038074575j),(-2.5054541417809606+2.5389596962670256j),(-0.10118762387882474-0.0419400895974768j),(-0.16805378228861695-0.13962256859497407j)
"(2.090909090909091, 5.0)","(2.090909090909091, 5.0)",(-3.354699989730788-1.9063451212749871j),(-3.1028030557860835-1.7169586478041432j),(-0.09428839069227361-0.036783002871142986j),(-0.15760854325243095-0.15260347059970106j)
"(2.1333333333333333, 5.0)","(2.1333333333333333, 5.0)",(0.5618293645364192-3.6901988023047365j),(0.8213891228172769-3.467090079507214j),(-0.10973472631046859-0.04926918159223448j),(-0.14982503197038918-0.17383954120528816j)
"(2.175757575757576, 5.0)","(2.175757575757576, 5.0)",(3.349102013741881-0.46020211208454764j),(3.6096706681401356-0.15981150371311284j),(-0.12205905323989828-0.09494801965418997j),(-0.13850960115835598-0.20544258871724486j)
"(2.2181818181818183, 5.0)","(2.2181818181818183, 5.0)",(0.972101694503282+3.077968868352116j),(1.1882063241722767+3.489752830872774j),(-0.09967372075890539-0.16539269372707208j),(-0.1164309089100893-0.24639126879358614j)
"(2.2606060606060607, 5.0)","(2.2606060606060607, 5.0)",(-3.1689913037390616+1.6706416352099305j),(-3.068370855963942+2.1914858435844375j),(-0.02388070561723838-0.22880510982620064j),(-0.07673974215788076-0.29203909854830634j)
"(2.303030303030303, 5.0)","(2.303030303030303, 5.0)",(-2.9840225324198455-2.913869684685262j),(-3.065799261531725-2.335426434024029j),(0.09640530454674276-0.24419982279680288j),(-0.014628575434863556-0.3342434278644299j)
"(2.3454545454545452, 5.0)","(2.3454545454545452, 5.0)",(1.6235448989571608-4.2413714898249415j),(1.3293842560258466-3.6957353459201943j),(0.22312199142277225-0.18340051968551302j),(0.07103865150854194-0.36223562421923444j)
"(2.3878787878787877, 5.0)","(2.3878787878787877, 5.0)",(4.462945598649765-0.27304461706173944j),(3.982785863971231+0.14097299811364167j),(0.3037020548994456-0.049782338566891036j),(0.1764576797790879-0.3642352766084901j)
"(2.43030303030303, 5.0)","(2.43030303030303, 5.0)",(1.688560008274569+3.6585461569941065j),(1.0999896404097518+3.8709572405132224j),(0.2962532317027276+0.11725061031681916j),(0.2923171361620897-0.3296616938359353j)
"(2.4727272727272727, 5.0)","(2.4727272727272727, 5.0)",(-2.763939201613796+2.254094953319698j),(-3.3609442337107094+2.249048957379261j),(0.1927886545442055+0.25668328857357525j),(0.4042163775527076-0.25163729263313794j)
"(2.515151515151515, 5.0)","(2.515151515151515, 5.0)",(-2.652691130957827-2.325233052578937j),(-3.1742128435776302-2.5096297080464685j),(0.02730489012270678+0.3137382478292009j),(0.4942168224970963-0.12934159236166956j)
"(2.5575757575757576, 5.0)","(2.5575757575757576, 5.0)",(1.8228984943803055-3.480175251668503j),(1.4170087766345119-3.7777223014602j),(-0.13758550034714523+0.26724483204952565j),(0.5434752180929389+0.030302217742171605j)
"(2.6, 5.0)","(2.6, 5.0)",(4.303239977420582+0.5594003652065137j),(4.007698695318206+0.20609159070661948j),(-0.24012536064629392+0.14119838431585618j),(0.5356666427486706+0.21211039018403802j)
"(2.6424242424242426, 5.0)","(2.6424242424242426, 5.0)",(1.2087913798460057+4.245317004710954j),(0.9977815788525113+3.8588872663759184j),(-0.24965785752166392-0.007234118732080331j),(0.4606676585151584+0.39366385706711565j)
"(2.684848484848485, 5.0)","(2.684848484848485, 5.0)",(-3.2276787765521346+2.51337456569256j),(-3.365046194029817+2.0831382689690003j),(-0.1804236681495904-0.1177672723853459j),(0.3177910856272729+0.5480035691089057j)
"(2.727272727272727, 5.0)","(2.727272727272727, 5.0)",(-2.9240850171891393-2.097751349721768j),(-2.9616403709861876-2.587267246821443j),(-0.0802447164459762-0.15827551833923917j),(0.11780007024302447+0.6477914154389142j)
"(2.7696969696969695, 5.0)","(2.7696969696969695, 5.0)",(1.4851429999304033-3.0389401282756676j),(1.6024662417558875-3.5707432070365694j),(-0.00034810894730653613-0.13856395020618378j),(-0.1169751328781777+0.6703670289670856j)
"(2.812121212121212, 5.0)","(2.812121212121212, 5.0)",(3.552310096407586+0.9997641517219668j),(3.8720527187333493+0.4948556345136555j),(0.03507904978815701-0.09790274321785859j),(-0.35482167211392046+0.6028112604261698j)
"(2.8545454545454545, 5.0)","(2.8545454545454545, 5.0)",(0.1295536407592568+4.2200318722736885j),(0.6488371419600532+3.8483906686560596j),(0.03982310751770607-0.07429976995738725j),(-0.5591066087185024+0.44594097357501583j)
"(2.896969696969697, 5.0)","(2.896969696969697, 5.0)",(-4.147078695126804+1.881379131583764j),(-3.502009729419181+1.7414989610896117j),(0.049409818368590194-0.0763038331162506j),(-0.6944787840762127+0.21618400361040302j)
"(2.9393939393939394, 5.0)","(2.9393939393939394, 5.0)",(-3.342381566743745-2.9880699538116624j),(-2.6972476066891873-2.8549766430092762j),(0.08864003312716587-0.07765381835589329j),(-0.7337739931817235-0.05543949244649255j)
"(2.981818181818182, 5.0)","(2.981818181818182, 5.0)",(1.433303385143334-3.80216925293989j),(1.9511023388099038-3.4346500726314293j),(0.14643648650582392-0.04003494465850382j),(-0.6642354401723939-0.3274842356499568j)
"(3.0242424242424244, 5.0)","(3.0242424242424244, 5.0)",(3.5693696391290937+0.35391256150509176j),(3.8826936186773064+0.8575756852662385j),(0.1782511741499968+0.05130466410567605j),(-0.49157515369820987-0.5549677878668228j)
"(3.066666666666667, 5.0)","(3.066666666666667, 5.0)",(0.23275666600321188+3.4571679147246j),(0.33592546427795655+3.989199639597316j),(0.13749082958687922+0.1658121015401078j),(-0.24065962786162387-0.697843826412824j)
"(3.109090909090909, 5.0)","(3.109090909090909, 5.0)",(-3.666995259943164+1.032097239629865j),(-3.729983115752144+1.522320961414936j),(0.015196290035312997+0.23914619960361086j),(0.047791565773667-0.7293699213886816j)
"(3.1515151515151514, 5.0)","(3.1515151515151514, 5.0)",(-2.4045998056517504-3.5445029954314666j),(-2.58683446303488-3.116248707413607j),(-0.14200683248155854+0.21419674655975193j),(0.32424148986468804-0.6424510345776118j)
"(3.193939393939394, 5.0)","(3.193939393939394, 5.0)",(2.484615091665427-3.787966755173634j),(2.1977516143407065-3.4202392613635024j),(-0.2530468313740415+0.08453447837238866j),(0.539910308698762-0.4522619721825198j)
"(3.2363636363636363, 5.0)","(3.2363636363636363, 5.0)",(4.337886532532583+0.7736744251784821j),(3.9333229569108057+1.0601118128223574j),(-0.2523464008544571-0.09229074271388013j),(0.656909976476234-0.19414664492999525j)
"(3.278787878787879, 5.0)","(3.278787878787879, 5.0)",(0.7054190763759287+3.9275146207794305j),(0.18393610947095435+4.069662227336423j),(-0.13509607650943198-0.22529485427161847j),(0.6565790434144063+0.0831472477146263j)
"(3.3212121212121213, 5.0)","(3.3212121212121213, 5.0)",(-3.2344603512831127+1.4891982075577026j),(-3.8140272476202917+1.408088501586773j),(0.03571644784515454-0.24653509657852243j),(0.5438504484920242+0.32764480254945205j)
"(3.3636363636363638, 5.0)","(3.3636363636363638, 5.0)",(-1.9737230439466724-2.8537424366152924j),(-2.4884029962643015-3.1946818259106466j),(0.16838917988184304-0.1545252490994825j),(0.346290772435786+0.49546463839483673j)
"(3.4060606060606062, 5.0)","(3.4060606060606062, 5.0)",(2.588453160071338-2.7709118007081908j),(2.2792059458319334-3.3187091279993295j),(0.20151609641388066-0.012704559056343682j),(0.10773111782552387+0.5605018863474823j)
"(3.4484848484848487, 5.0)","(3.4484848484848487, 5.0)",(3.841163331448634+1.781341139465526j),(3.8228372332525367+1.1648442056321218j),(0.14046243730176577+0.09659757448458134j),(-0.12213633910566823+0.519899359348823j)
"(3.4909090909090907, 5.0)","(3.4909090909090907, 5.0)",(-0.22022880268607697+4.483924483402301j),(0.0345874172202803+3.961854587585248j),(0.044787880275486296+0.1283671120310007j),(-0.2996041001818436+0.3937027837860523j)
"(3.533333333333333, 5.0)","(3.533333333333333, 5.0)",(-4.1549619937578095+1.52006725788553j),(-3.735674180140388+1.2027511110818243j),(-0.022223400193749996+0.0986799647266455j),(-0.3970644134236716+0.21863618207706043j)
"(3.5757575757575757, 5.0)","(3.5757575757575757, 5.0)",(-2.682743193858986-3.082715341619283j),(-2.2334742862846975-3.1795657578280268j),(-0.04073029534158181+0.059210322685902504j),(-0.4085386122327066+0.037640093522841124j)
"(3.618181818181818, 5.0)","(3.618181818181818, 5.0)",(1.9679698229418536-3.1062061116474866j),(2.35696099359069-3.040411971885357j),(-0.03999826594426265+0.04603751032292769j),(-0.34899290470457367-0.1118316500850572j)
"(3.6606060606060606, 5.0)","(3.6606060606060606, 5.0)",(3.255568342384114+1.1910858905908575j),(3.5629267543382612+1.3503376727768286j),(-0.05969835101312676+0.04799037059009431j),(-0.24766006094102036-0.20724215277606553j)
"(3.703030303030303, 5.0)","(3.703030303030303, 5.0)",(-0.4924006154469941+3.5460545235264256j),(-0.2518760517221466+3.7683091989306177j),(-0.10301208329171584+0.02294417411738176j),(-0.13751248043313166-0.2451988495215739j)
"(3.7454545454545456, 5.0)","(3.7454545454545456, 5.0)",(-3.821789842968904+0.5533202145529131j),(-3.6510981751957394+0.8448783457789022j),(-0.1263011423186292-0.052395296952396565j),(-0.04439052545453531-0.23916283427359256j)
"(3.787878787878788, 5.0)","(3.787878787878788, 5.0)",(-1.9097294109931464-3.5880383506389566j),(-1.851739638771792-3.2305364147104174j),(-0.07844703655526857-0.14597966045380853j),(0.020457264333914142-0.2115222754747307j)
"(3.83030303030303, 5.0)","(3.83030303030303, 5.0)",(2.6521154309419384-3.0593766127160658j),(2.5471161032917276-2.6909763414790184j),(0.04326540324737439-0.18542860150570808j),(0.061733924402836246-0.18297166973133894j)
"(3.872727272727273, 5.0)","(3.872727272727273, 5.0)",(3.5673558724742134+1.3777691126740466j),(3.299144270093852+1.658836876822808j),(0.17339686728292072-0.11777909565583167j),(0.0948147350974407-0.1632886684929297j)
"(3.915151515151515, 5.0)","(3.915151515151515, 5.0)",(-0.28185735068084317+3.5189640370984443j),(-0.6373740642865983+3.6301355356161173j),(0.21967841057047055+0.0361293158958748j),(0.13583830303528455-0.1473008144135477j)
"(3.957575757575758, 5.0)","(3.957575757575758, 5.0)",(-3.3301502338612154+0.5019954980160238j),(-3.65777478334243+0.43600030556485975j),(0.13643175110290023+0.18401933799368644j),(0.19119279837831424-0.11802414554252237j)
"(4.0, 5.0)","(4.0, 5.0)",(-1.2556969093609531-3.207476809667206j),(-1.4750709783937765-3.3779864263670705j),(-0.0316688856497935+0.22666404565557677j),(0.2510429546826169-0.056154428955712266j)
"(-0.2, 5.285714285714285)","(-0.2, 5.285714285714285)",(-2.9603821000019015-2.4033571407007654j),(-3.1527636745557577-2.9988395601626556j),(-0.5620909215626474+0.12971085131610363j),(0.7544724961165036+0.4657715681457867j)
"(-0.1575757575757576, 5.285714285714285)","(-0.1575757575757576, 5.285714285714285)",(-3.0782794181533357+2.029715042253078j),(-3.28745930688657+1.4238495534815439j),(-0.5564143805010976+0.1560951508059458j),(0.7655942692343318+0.44977033796558796j)
"(-0.11515151515151516, 5.285714285714285)","(-0.11515151515151516, 5.285714285714285)",(0.862104327011821+3.4318668908783234j),(0.6391396142007204+2.8183578974126773j),(-0.5507736912388597+0.1758408897840821j),(0.7737384040499603+0.437668103681564j)
"(0.1393939393939394, 5.285714285714285)","(0.1393939393939394, 5.285714285714285)",(-1.661265741135908+3.2537296932694577j),(-1.8820776946464337+2.641020254735069j),(-0.5456785375983906+0.1604109557342321j),(0.7664904911089162+0.4522984828001567j)
"(0.18181818181818182, 5.285714285714285)","(0.18181818181818182, 5.285714285714285)",(-3.8069097147014794-0.5500119971673757j),(-4.01344243400461-1.1550310338612912j),(-0.5490171805662691+0.13591951800305052j),(0.7555498998694006+0.46909951869086497j)
"(0.22424242424242424, 5.285714285714285)","(0.22424242424242424, 5.285714285714285)",(-0.7414405329850194-3.9632985946398955j),(-0.9308358383004749-4.558095324202172j),(-0.5519165715071952+0.10516396485369371j),(0.7413118768226507+0.48963276470858197j)
"(0.26666666666666666, 5.285714285714285)","(0.26666666666666666, 5.285714285714285)",(3.588373101231521-2.306514163280256j),(3.418162620851882-2.888386775516476j),(-0.5532362000774053+0.06825516061988257j),(0.7234466804570444+0.5136174516163374j)
"(0.30909090909090914, 5.285714285714285)","(0.30909090909090914, 5.285714285714285)",(3.5571818447041896+2.088747947289864j),(3.407235090966242+1.5225740465055575j),(-0.5516325617253077+0.02547952540228148j),(0.7015793154632552+0.5406943753820252j)
"(0.3515151515151515, 5.285714285714285)","(0.3515151515151515, 5.285714285714285)",(-0.27296806075898616+3.246275132044205j),(-0.4026670666832988+2.69847549481472j),(-0.5456028209094059-0.022616450683188734j),(0.6753018268337185+0.5704160879126738j)
"(0.393939393939394, 5.285714285714285)","(0.393939393939394, 5.285714285714285)",(-2.092817397464109+0.015814757189357986j),(-2.203450546576446-0.5112830319505903j),(-0.5335555944574655-0.07513907536877246j),(0.6441887435698028+0.6022368645087207j)
"(0.43636363636363634, 5.285714285714285)","(0.43636363636363634, 5.285714285714285)",(0.7913189892522474-2.3717292584348146j),(0.6974181022299399-2.8764645882978175j),(-0.5139151086422415-0.13076787161819076j),(0.607815995664549+0.6355032014811934j)
"(0.4787878787878788, 5.285714285714285)","(0.4787878787878788, 5.285714285714285)",(4.054474995172919+0.13104928867828625j),(3.9739537923470216-0.3506990004026205j),(-0.4852623478062533-0.1876974736623071j),(0.5657835506321509+0.6694457627432139j)
"(0.5212121212121212, 5.285714285714285)","(0.5212121212121212, 5.285714285714285)",(2.498204190869232+4.441359581389021j),(2.4269743770417063+3.9818041382885037j),(-0.4465120674593188-0.2436184196592106j),(0.5177418812868444+0.7031738627597275j)
"(0.5636363636363637, 5.285714285714285)","(0.5636363636363637, 5.285714285714285)",(-2.412876118935741+4.528802135717144j),(-2.479180860195055+4.088884894657419j),(-0.39711743442303477-0.29575649167720525j),(0.46342217568234867+0.7356737327369308j)
"(0.6060606060606062, 5.285714285714285)","(0.6060606060606062, 5.285714285714285)",(-4.343102355443713-0.069447800615277j),(-4.4084875611863765-0.4942698240601161j),(-0.3372847201854826-0.34098992678894824j),(0.4026699259281457+0.7658119502337873j)
"(0.6484848484848484, 5.285714285714285)","(0.6484848484848484, 5.285714285714285)",(-0.8238109470627526-3.4048506887792085j),(-0.8911224416097241-3.821136740207498j),(-0.268169686773298-0.376059445890269j),(0.33548118132026966+0.7923454973185591j)
"(0.6909090909090909, 5.285714285714285)","(0.6909090909090909, 5.285714285714285)",(3.2785608315347314-1.2395961406267184j),(3.2085372067012714-1.6556598366820745j),(-0.19201669984785616-0.3978762258751017j),(0.26204032468131633+0.8139399219304576j)
"(0.7333333333333334, 5.285714285714285)","(0.7333333333333334, 5.285714285714285)",(2.456724152604777+3.1677329369560265j),(2.3861601995881525+2.7424527923165383j),(-0.11219378563307164-0.40391683555835367j),(0.18275773864969602+0.8291969801978419j)
"(0.7757575757575759, 5.285714285714285)","(0.7757575757575759, 5.285714285714285)",(-1.9096646489245326+3.6680854287130655j),(-1.974894555414829+3.224064610359572j),(-0.0330752843693597-0.3926720823916109j),(0.09830519085965601+0.8366929007451043j)
"(0.8181818181818183, 5.285714285714285)","(0.8181818181818183, 5.285714285714285)",(-3.656393869994621-0.26514807872280044j),(-3.706307767596951-0.7360852782223912j),(0.04026768142773361-0.36409080310048114j),(0.009646216174596815+0.8350280026000718j)
"(0.8606060606060608, 5.285714285714285)","(0.8606060606060608, 5.285714285714285)",(-0.5086205573022335-3.0013706170609424j),(-0.5292654387320501-3.504324070682123j),(0.10258662377383423-0.3199343341491692j),(-0.08194174234401769+0.8228877877703493j)
"(0.9030303030303031, 5.285714285714285)","(0.9030303030303031, 5.285714285714285)",(2.8766894925849766-0.8010740262137691j),(2.902381054255254-1.3362492158414183j),(0.14916552969754704-0.263939609601213j),(-0.1748570913678246+0.7991147992288622j)
"(0.9454545454545455, 5.285714285714285)","(0.9454545454545455, 5.285714285714285)",(1.6570872312174574+2.975342571414697j),(1.7476155866448009+2.4142403386383786j),(0.17665129068051902-0.20168724974643723j),(-0.2671796461078627+0.7627894825227552j)
"(0.987878787878788, 5.285714285714285)","(0.987878787878788, 5.285714285714285)",(-2.313309649736974+2.7847332435122034j),(-2.1404918651547353+2.211510684585473j),(0.18387808682628784-0.14009447675185405j),(-0.3566958714085263+0.7133170356785846j)
"(1.0303030303030305, 5.285714285714285)","(1.0303030303030305, 5.285714285714285)",(-3.2082346972655356-1.1354886901521555j),(-2.9397957113429642-1.6994970257815332j),(0.1725083189244453-0.08650749421504941j),(-0.44094730484701666+0.6505158298444272j)
"(1.0727272727272728, 5.285714285714285)","(1.0727272727272728, 5.285714285714285)",(0.37610376037875093-3.1021795795613256j),(0.7461232828807904-3.6294268625947423j),(0.14728530299150583-0.04745423945910967j),(-0.5173048254935453+0.5747015224925265j)
"(1.1151515151515152, 5.285714285714285)","(1.1151515151515152, 5.285714285714285)",(3.3386648787148667-0.13662243478534886j),(3.8060266476813447-0.5961554004930234j),(0.11570829544246702-0.027226633197579314j),(-0.5830700644089449+0.4867595989052539j)
"(1.1575757575757577, 5.285714285714285)","(1.1575757575757577, 5.285714285714285)",(1.3100200444332488+3.6839775992596797j),(1.8586089457636594+3.3223498688568944j),(0.08701440827122127-0.026570212006398072j),(-0.6356033096016318+0.3881979424091836j)
"(1.2000000000000002, 5.285714285714285)","(1.2000000000000002, 5.285714285714285)",(-3.0565442856875196+2.9284713182321878j),(-2.4545592983222213+2.6891368409497227j),(0.07048975986423928-0.04183588684081028j),(-0.6724747472295376+0.2811703641232754j)
"(1.2424242424242427, 5.285714285714285)","(1.2424242424242427, 5.285714285714285)",(-3.7342942534289425-1.4622698390999571j),(-3.115982025397258-1.5657765096756215j),(0.0733206557335599-0.06495538855879587j),(-0.6916328837652442+0.16846205913446033j)
"(1.284848484848485, 5.285714285714285)","(1.284848484848485, 5.285714285714285)",(0.1666943127260061-3.413974339064127j),(0.759876644737915-3.3828978849272793j),(0.09839835244530369-0.08450539577863417j),(-0.6915806844572127+0.053428941641786645j)
"(1.3272727272727274, 5.285714285714285)","(1.3272727272727274, 5.285714285714285)",(3.076248118666056-0.2714551719465944j),(3.6051451140999733-0.12342889349899891j),(0.14264962625731226-0.08791123964960884j),(-0.6715466216912293-0.06011503879798665j)
"(1.3696969696969699, 5.285714285714285)","(1.3696969696969699, 5.285714285714285)",(0.7949962324789327+3.3942306340858006j),(1.2301213153643407+3.6268248733964237j),(0.19650975961863554-0.06452919816888075j),(-0.6316348425040436-0.1680650411417422j)
"(1.4121212121212123, 5.285714285714285)","(1.4121212121212123, 5.285714285714285)",(-3.518700472878123+2.1808022845637964j),(-3.1907868537129063+2.4560464447809314j),(0.24502290608791527-0.008999568090017998j),(-0.5729365252531321-0.26624459212711704j)
"(1.4545454545454546, 5.285714285714285)","(1.4545454545454546, 5.285714285714285)",(-3.7071908488044087-2.4857781583821943j),(-3.480327991936272-2.2111258129147164j),(0.2707208978979099+0.076016305902639j),(-0.49758375476604644-0.35066865137011666j)
"(1.496969696969697, 5.285714285714285)","(1.496969696969697, 5.285714285714285)",(0.7277556176521869-4.242228373031054j),(0.8785529252005443-4.003084061072386j),(0.257931158368641+0.17869108628573474j),(-0.40872846591699824-0.4178353982444026j)
"(1.5393939393939395, 5.285714285714285)","(1.5393939393939395, 5.285714285714285)",(3.83613458648398-0.6588590285671259j),(3.9489581409252796-0.47308570969697905j),(0.19760912311803736+0.27925137193787236j),(-0.3104326775593372-0.4650246908080192j)
"(1.581818181818182, 5.285714285714285)","(1.581818181818182, 5.285714285714285)",(1.473737836067558+3.333962883294714j),(1.5898431604030823+3.47073291756822j),(0.09135735074842294+0.3538048253689932j),(-0.2074626750839473-0.4905748596424993j)
"(1.6242424242424245, 5.285714285714285)","(1.6242424242424245, 5.285714285714285)",(-2.939010181573976+2.300274455993184j),(-2.787202877299911+2.4141444915382024j),(-0.04681828597778004+0.3802349358455961j),(-0.10498901829628482-0.49410497139061477j)
"(1.6666666666666667, 5.285714285714285)","(1.6666666666666667, 5.285714285714285)",(-3.2258583996295163-2.1500476918719844j),(-3.025547917328178-2.0181912838420666j),(-0.19210462480538457+0.3447917205879808j),(-0.00820585749595421-0.4766481286178987j)
"(1.7090909090909092, 5.285714285714285)","(1.7090909090909092, 5.285714285714285)",(0.9115821684576566-3.6855187251049193j),(1.1475438510660974-3.492273193538001j),(-0.31406554764031097+0.24741840242018906j),(0.07810386503187018-0.4406639339871069j)
"(1.7515151515151517, 5.285714285714285)","(1.7515151515151517, 5.285714285714285)",(3.537882209695398-0.17042633796568496j),(3.7723371489787065+0.11566911621304636j),(-0.38447255480439424+0.10381041553985107j),(0.15001761552108558-0.3899058697185824j)
"(1.7939393939393942, 5.285714285714285)","(1.7939393939393942, 5.285714285714285)",(0.877953741995964+3.3492631323470894j),(1.0587606334065522+3.7355087929148363j),(-0.3856928291678603-0.05711318558126326j),(0.20488593775727204-0.32913247498648357j)
"(1.8363636363636366, 5.285714285714285)","(1.8363636363636366, 5.285714285714285)",(-3.3452215123431404+1.7672799919011175j),(-3.269980792124051+2.2312403802808407j),(-0.31689138774324627-0.2002908406008027j),(0.2416506675241572-0.2636695477789206j)
"(1.8787878787878791, 5.285714285714285)","(1.8787878787878791, 5.285714285714285)",(-3.1209444452329955-2.873684594659224j),(-3.1864127809041456-2.38038636034343j),(-0.19554208021247776-0.2944453443718515j),(0.2610104158836279-0.19885288994394273j)
"(1.9212121212121216, 5.285714285714285)","(1.9212121212121216, 5.285714285714285)",(1.4188967104879493-4.205541503562294j),(1.2065299761646728-3.744377555603754j),(-0.05301668879774071-0.32175895481529493j),(0.2653834231210172-0.1394049931432448j)
"(1.9636363636363636, 5.285714285714285)","(1.9636363636363636, 5.285714285714285)",(4.17395338475126-0.41267877665650055j),(3.8403864473708125-0.040115863098432555j),(0.07493064964843889-0.2837418148651248j),(0.25863628773200936-0.08882109869294316j)
"(2.006060606060606, 5.285714285714285)","(2.006060606060606, 5.285714285714285)",(1.5752477611156448+3.2825583787079387j),(1.1698485429058265+3.532055521786139j),(0.15982375832836523-0.20064113947551757j),(0.24557545988145302-0.048856003602682975j)
"(2.0484848484848484, 5.285714285714285)","(2.0484848484848484, 5.285714285714285)",(-2.5223124411542006+1.9539156474575268j),(-2.9435273316323887+2.077057790034676j),(0.189979981514021-0.10393388291656253j),(0.23123490896416724-0.019208259660586563j)
"(2.090909090909091, 5.285714285714285)","(2.090909090909091, 5.285714285714285)",(-2.348686987985991-2.2146505528588905j),(-2.742573395841592-2.1929044205273276j),(0.17385232138838372-0.024257234127797497j),(0.22003408646721737+0.002511101796234502j)
"(2.1333333333333333, 5.285714285714285)","(2.1333333333333333, 5.285714285714285)",(1.6990782169674399-3.1488450883349293j),(1.3489029698133315-3.189889407593323j),(0.13525605355114395+0.020579110482579085j),(0.2149191936029644+0.02046520877581441j)
"(2.175757575757576, 5.285714285714285)","(2.175757575757576, 5.285714285714285)",(3.7519055528551886+0.5066882656858579j),(3.433399617530701+0.43450811183734805j),(0.10187573016241287+0.032262100370473154j),(0.21663020516207465+0.03991805347803665j)
"(2.2181818181818183, 5.285714285714285)","(2.2181818181818183, 5.285714285714285)",(0.8516337860925303+3.5487169649470105j),(0.536669099021731+3.452641017678167j),(0.09171684966054783+0.029830435494965807j),(0.22324783741025148+0.06624551177387764j)
"(2.2606060606060607, 5.285714285714285)","(2.2606060606060607, 5.285714285714285)",(-2.869608604601766+1.6645029005475582j),(-3.203535091760426+1.5218307877717117j),(0.10376523813562001+0.03892983395084311j),(0.2301612490230397+0.10374227882500357j)
"(2.303030303030303, 5.285714285714285)","(2.303030303030303, 5.285714285714285)",(-2.085278023054561-2.4223067486372747j),(-2.4337491225031935-2.653625410674681j),(0.11791714591401209+0.07691786499798638j),(0.23055395353461997+0.15440079703941967j)
"(2.3454545454545452, 5.285714285714285)","(2.3454545454545452, 5.285714285714285)",(2.138675293326035-2.79838118954558j),(1.8169472192172313-3.1562556914368685j),(0.10529609415416973+0.14098812095548424j),(0.2164319799546341+0.21688638093580373j)
"(2.3878787878787877, 5.285714285714285)","(2.3878787878787877, 5.285714285714285)",(3.804689112073317+1.2604021338790423j),(3.579689950243292+0.7684654173457259j),(0.04487850325251717+0.20598650266707821j),(0.1801206585775077+0.28595021386623815j)
"(2.43030303030303, 5.285714285714285)","(2.43030303030303, 5.285714285714285)",(0.42256446550085563+4.223845018207576j),(0.3681167125485401+3.636833679925658j),(-0.061599582897354996+0.23451497173045982j),(0.11604733584967053+0.35249636655145766j)
"(2.4727272727272727, 5.285714285714285)","(2.4727272727272727, 5.285714285714285)",(-3.485058846820725+2.051518533853154j),(-3.3227502948179115+1.4513193614031639j),(-0.18483453743994285+0.19575571143307502j),(0.022525985437129296+0.40444346101691486j)
"(2.515151515151515, 5.285714285714285)","(2.515151515151515, 5.285714285714285)",(-2.7307696208704137-2.179634309834061j),(-2.356451426519885-2.692188983222741j),(-0.2775075746639532+0.08415697999701176j),(-0.09681061968657526+0.42839769339166806j)
"(2.5575757575757576, 5.285714285714285)","(2.5575757575757576, 5.285714285714285)",(1.3115535336042088-2.660085293365979j),(1.8391641809203672-2.99986089240392j),(-0.29530939603173884-0.07221868364563382j),(-0.2323012512844197+0.41199428268357496j)
"(2.6, 5.285714285714285)","(2.6, 5.285714285714285)",(2.757697221885577+0.9965932122882899j),(3.346089176188294+0.8698046061048789j),(-0.21981006208623738-0.219804713366356j),(-0.36858189221647947+0.34659331954976696j)
"(2.6424242424242426, 5.285714285714285)","(2.6424242424242426, 5.285714285714285)",(-0.4370419217937959+3.3273673732749716j),(0.12018218686066727+3.399570031785918j),(-0.07110238225474533-0.30207006723703755j),(-0.48612172639971785+0.22986740872609102j)
"(2.684848484848485, 5.285714285714285)","(2.684848484848485, 5.285714285714285)",(-3.6543568241024458+0.8381636242416424j),(-3.1882940369889092+1.0566372791061498j),(0.09787187805662556-0.2862047486121571j),(-0.563934665170162+0.06773109374764964j)
"(2.727272727272727, 5.285714285714285)","(2.727272727272727, 5.285714285714285)",(-2.2450893231997955-3.053231660762356j),(-1.886161406391801-2.7482335583333137j),(0.22424942255260524-0.18006955460801877j),(-0.5831773393605996-0.1249285478210237j)
"(2.7696969696969695, 5.285714285714285)","(2.7696969696969695, 5.285714285714285)",(1.8482901952660375-2.922489915324989j),(2.114790199626564-2.5679396009216j),(0.2645912120594898-0.029418901888608483j),(-0.5310912164200162-0.3251314125147804j)
"(2.812121212121212, 5.285714285714285)","(2.812121212121212, 5.285714285714285)",(2.8753592669569494+0.9229718309099912j),(3.0647826069647426+1.3230086531346266j),(0.21512869634808454+0.10441782748227167j),(-0.4045520363558775-0.5044546497069069j)
"(2.8545454545454545, 5.285714285714285)","(2.8545454545454545, 5.285714285714285)",(-0.5150971959364434+2.8806703150376363j),(-0.414008896911973+3.338943584160622j),(0.11132522998829564+0.17499636021658554j),(-0.212413529012766-0.6332696293395713j)
"(2.896969696969697, 5.285714285714285)","(2.896969696969697, 5.285714285714285)",(-3.324636933592286+0.0437964914031419j),(-3.3551583129781815+0.557372475320449j),(0.006442509358467264+0.1724235879688196j),(0.024078870027428208-0.6859995718861267j)
"(2.9393939393939394, 5.285714285714285)","(2.9393939393939394, 5.285714285714285)",(-1.3042164166118368-3.612663674205269j),(-1.518792067264031-3.089753341306381j),(-0.05868043713550437+0.12358311216251704j),(0.27325608778769844-0.6464934450614049j)
"(2.981818181818182, 5.285714285714285)","(2.981818181818182, 5.285714285714285)",(2.962932559500384-2.8251416366811983j),(2.54199158885006-2.3835615188676167j),(-0.07645152360033744+0.07082738313966003j),(0.4973924942506611-0.5124075009532416j)
"(3.0242424242424244, 5.285714285714285)","(3.0242424242424244, 5.285714285714285)",(3.6489381330000166+1.488092791784455j),(3.0609166046302008+1.7429057999238853j),(-0.0709385011188659+0.042682365043161793j),(0.6589600294886815-0.29749537318259195j)
"(3.066666666666667, 5.285714285714285)","(3.066666666666667, 5.285714285714285)",(-0.10503986540387333+3.4757695424183646j),(-0.7577891820197181+3.4707992646503656j),(-0.07499185095493059+0.0359463247254844j),(0.7277411675707753-0.030976046957485164j)
"(3.109090909090909, 5.285714285714285)","(3.109090909090909, 5.285714285714285)",(-2.973280729913456+0.5874079321564687j),(-3.558932498182883+0.3192788250325072j),(-0.10174712484154529+0.021795075251155864j),(0.6873988931109721+0.24633403187280567j)
"(3.1515151515151514, 5.285714285714285)","(3.1515151515151514, 5.285714285714285)",(-0.9690408181779572-2.8467474427158157j),(-1.3778904319900673-3.3078859127787665j),(-0.13114394136258523-0.02761126529789661j),(0.5399935551746954+0.48874973536084776j)
"(3.193939393939394, 5.285714285714285)","(3.193939393939394, 5.285714285714285)",(2.9254455244508577-1.7641833315579265j),(2.7411492554706465-2.3076741562864633j),(-0.1228779338983293-0.1107195170042345j),(0.30717420287854025+0.6542103417327714j)
"(3.2363636363636363, 5.285714285714285)","(3.2363636363636363, 5.285714285714285)",(2.9931870790519297+2.4439096079547973j),(3.014523401617558+1.9193752737052947j),(-0.04869878436671722-0.18832921854910376j),(0.027362461801089026+0.7128635527986061j)
"(3.278787878787879, 5.285714285714285)","(3.278787878787879, 5.285714285714285)",(-1.1025530221598618+3.881909263037004j),(-0.9301516099711196+3.432992301415618j),(0.07849494937804231-0.2048943615156055j),(-0.2508963615667847+0.6538113231369918j)
"(3.3212121212121213, 5.285714285714285)","(3.3212121212121213, 5.285714285714285)",(-3.80893223447248+0.4864306848760582j),(-3.532562276680812+0.12577927058641844j),(0.20192406558211287-0.12762721480468273j),(-0.4782940233737811+0.48827862909432246j)
"(3.3636363636363638, 5.285714285714285)","(3.3636363636363638, 5.285714285714285)",(-1.512280384498605-3.045762980187239j),(-1.1484183609138559-3.3173754290861694j),(0.2510492693647969+0.023483317325022984j),(-0.6149112929495462+0.24812913157390798j)
"(3.4060606060606062, 5.285714285714285)","(3.4060606060606062, 5.285714285714285)",(2.36921930799977-1.891375359576339j),(2.8207683589014114-2.0496463932879334j),(0.18727842933963984+0.17858448482892472j),(-0.6388274802412816-0.020313451117330256j)
"(3.4484848484848487, 5.285714285714285)","(3.4484848484848487, 5.285714285714285)",(2.243135650619906+2.0873455368434355j),(2.7600213405556486+2.097006072207986j),(0.03411662716146869+0.2563367701780821j),(-0.5510023170972111-0.2659973055426327j)
"(3.4909090909090907, 5.285714285714285)","(3.4909090909090907, 5.285714285714285)",(-1.7194305800345213+3.00142506299947j),(-1.2127750913281772+3.2311975701114455j),(-0.1316569126245729+0.21449222887670377j),(-0.3749985760817714-0.4442647359886794j)
"(3.533333333333333, 5.285714285714285)","(3.533333333333333, 5.285714285714285)",(-3.8116663299531113-0.688861673727076j),(-3.4351750371413825-0.24033424003196718j),(-0.22514482292909196+0.07812518749697968j),(-0.15134646988263706-0.5266526211920884j)
"(3.5757575757575757, 5.285714285714285)","(3.5757575757575757, 5.285714285714285)",(-0.8802555804440875-3.944643032237312j),(-0.7469188566392327-3.362185349192198j),(-0.20556411823462642-0.07565024193177304j),(0.07222739442977168-0.5068074411133411j)
"(3.618181818181818, 5.285714285714285)","(3.618181818181818, 5.285714285714285)",(3.1717842685947844-2.24506547440672j),(3.0188694808580903-1.676875306334668j),(-0.0993520271931166-0.16734507934044227j),(0.2522668149298107-0.40084508873160973j)
"(3.6606060606060606, 5.285714285714285)","(3.6606060606060606, 5.285714285714285)",(2.862309353823293+2.0211628475605448j),(2.4803373586845727+2.427658664441673j),(0.022283596415468412-0.16454542921537368j),(0.35968839872325215-0.24195038766575433j)
"(3.703030303030303, 5.285714285714285)","(3.703030303030303, 5.285714285714285)",(-1.147030908084075+2.926583741738826j),(-1.6272722393884171+3.0932206501596586j),(0.09454339169967246-0.09597103582343423j),(0.3856979396046696-0.0706658725973987j)
"(3.7454545454545456, 5.285714285714285)","(3.7454545454545456, 5.285714285714285)",(-3.0179870449346757-0.6184228276165915j),(-3.4602964024044076-0.6733783854978823j),(0.10048798591499655-0.02137800894663321j),(0.34182137155473524+0.07633356682792404j)
"(3.787878787878788, 5.285714285714285)","(3.787878787878788, 5.285714285714285)",(-0.03575650713989997-3.347552792466566j),(-0.3619717054674484-3.5406014254419604j),(0.07211997520089253+0.01743710756419705j),(0.2540952231266559+0.1756115254111972j)
"(3.83030303030303, 5.285714285714285)","(3.83030303030303, 5.285714285714285)",(3.5199844284011768-1.1471167270626896j),(3.3137229142695395-1.3933960501264602j),(0.05294002627202595+0.024685718467243163j),(0.15332148785961133+0.22159360459652733j)
"(3.872727272727273, 5.285714285714285)","(3.872727272727273, 5.285714285714285)",(2.448479126461366+3.0461398891501843j),(2.3283481340208034+2.785478708527655j),(0.055478924003723847+0.035634823883476587j),(0.06465206843683903+0.2250263567390526j)
"(3.915151515151515, 5.285714285714285)","(3.915151515151515, 5.285714285714285)",(-1.9396649093067322+3.35549685055358j),(-1.9912879439093736+3.0761090961486675j),(0.051518824309421646+0.07346239158902654j),(0.00010421029321982557+0.2059253628158857j)
"(3.957575757575758, 5.285714285714285)","(3.957575757575758, 5.285714285714285)",(-3.5973614695597687-0.6940676549660534j),(-3.558412105968629-0.9958304388852618j),(0.004359398337622605+0.11810188691255186j),(-0.04330876192876189+0.1836608970066566j)
"(4.0, 5.285714285714285)","(4.0, 5.285714285714285)",(-0.27649200066746704-3.433647455548076j),(-0.11166943301138707-3.719883077244318j),(-0.08570189639677868+0.11822254255767281j),(-0.07912067125930128+0.1680130791385694j)
"(-0.2, 5.571428571428571)","(-0.2, 5.571428571428571)",(-3.8539845519225517-1.389090175873258j),(-3.2786828870830003-1.1520977959165655j),(0.25912903097566853-0.49748270894481667j),(-0.8344306958152201+0.26049032898812424j)
"(-0.1575757575757576, 5.571428571428571)","(-0.1575757575757576, 5.571428571428571)",(-4.31460853240364+2.8216645887650706j),(-3.722353968265716+3.0520675821894527j),(0.2375657065226722-0.50893748550804j),(-0.8298202706605967+0.27853449208365805j)
"(-0.11515151515151516, 5.571428571428571)","(-0.11515151515151516, 5.571428571428571)",(-0.2059597048320887+4.855399809249811j),(0.39954673915985434+5.080013033440868j),(0.2206673234749188-0.5166001949427979j),(-0.8261737674668619+0.2919869707517406j)
"(0.1393939393939394, 5.571428571428571)","(0.1393939393939394, 5.571428571428571)",(-2.9808179043765497+4.417055675645283j),(-2.3772809994478+4.643232654209455j),(0.228619593351262-0.503714520922817j),(-0.8321564982800116+0.2775375423586461j)
"(0.18181818181818182, 5.571428571428571)","(0.18181818181818182, 5.571428571428571)",(-4.730026641465975+0.4165786098878855j),(-4.140157522835996+0.6490294003333223j),(0.24757134152118437-0.491562552953693j),(-0.8374404601511632+0.2591117625082561j)
"(0.22424242424242424, 5.571428571428571)","(0.22424242424242424, 5.571428571428571)",(-1.9606863609757177-2.376447580210505j),(-1.3879848676329583-2.1369252919984043j),(0.27067519067068985-0.4754948352084568j),(-0.8433766840134493+0.2359725469963559j)
"(0.26666666666666666, 5.571428571428571)","(0.26666666666666666, 5.571428571428571)",(0.9581525228416046-0.7215967628420572j),(1.51047156270893-0.4748267384247841j),(0.2972504479491384-0.45482789531994916j),(-0.8495694878164639+0.2080578709026762j)
"(0.30909090909090914, 5.571428571428571)","(0.30909090909090914, 5.571428571428571)",(-0.19420684790669251+2.1683432589494975j),(0.334933844857792+2.4218535175576426j),(0.3264003244330739-0.4288305531799384j),(-0.8555410171975584+0.17532029457179352j)
"(0.3515151515151515, 5.571428571428571)","(0.3515151515151515, 5.571428571428571)",(-3.4692729392632904+1.4152464515574028j),(-2.9655220296098874+1.6742959275242115j),(0.3569807530443581-0.3967904646349039j),(-0.8607316626977612+0.13774098866809525j)
"(0.393939393939394, 5.571428571428571)","(0.393939393939394, 5.571428571428571)",(-3.6135908475908516-2.3817002265662115j),(-3.1366677629508235-2.118948226830818j),(0.38757900039834414-0.35809803345466945j),(-0.8645020850383723+0.09534603371927605j)
"(0.43636363636363634, 5.571428571428571)","(0.43636363636363634, 5.571428571428571)",(0.23627659262516687-3.8799410255734035j),(0.6859036536939289-3.6158186630239846j),(0.4165104621978419-0.31234715680260444j),(-0.866137523266604+0.04822479425318549j)
"(0.4787878787878788, 5.571428571428571)","(0.4787878787878788, 5.571428571428571)",(3.049929314994743-0.6533991988173439j),(3.472941313285582-0.39049978540247654j),(0.4418431298936622-0.2594494433425852j),(-0.8648551281845013-0.0034499700722821713j)
"(0.5212121212121212, 5.571428571428571)","(0.5212121212121212, 5.571428571428571)",(0.8899207187257355+3.102696774630978j),(1.2882763822112147+3.361852225271992j),(0.46145943998153544-0.1997546807818025j),(-0.8598151034670146-0.05940076985921174j)
"(0.5636363636363637, 5.571428571428571)","(0.5636363636363637, 5.571428571428571)",(-3.411110343573652+2.2332845826028747j),(-3.0341378886843002+2.486673751583708j),(0.4731639821382793-0.13416561390025156j),(-0.8501364370276309-0.11922355508058169j)
"(0.6060606060606062, 5.571428571428571)","(0.6060606060606062, 5.571428571428571)",(-3.9959002564774733-2.177835347091272j),(-3.635824526171375-1.9312389860766328j),(0.4748422209164819-0.06422999837858079j),(-0.8349179512225801-0.18236636263605857j)
"(0.6484848484848484, 5.571428571428571)","(0.6484848484848484, 5.571428571428571)",(-0.04707975582347457-4.2079065313273425j),(0.30151608419132664-3.9676085785489645j),(0.46466943664791677+0.007811737110660307j),(-0.813265276662718-0.24810968988903837j)
"(0.6909090909090909, 5.571428571428571)","(0.6909090909090909, 5.571428571428571)",(3.0837082491373335-1.2388732254813934j),(3.4266721398998587-1.0023709135097505j),(0.4413602538565278+0.0790478135779728j),(-0.7843241446190528-0.31555012554961576j)
"(0.7333333333333334, 5.571428571428571)","(0.7333333333333334, 5.571428571428571)",(1.290588648158847+2.484046903762384j),(1.6334710620095354+2.7216263143149595j),(0.4044376684925645+0.14600963254065663j),(-0.747320082343253-0.3835890430932322j)
"(0.7757575757575759, 5.571428571428571)","(0.7757575757575759, 5.571428571428571)",(-2.6620854248944688+1.8187974908441547j),(-2.314968725954457+2.064827550044577j),(0.3544874736097058+0.20489833804631j),(-0.7016041725497176-0.4509283972467327j)
"(0.8181818181818183, 5.571428571428571)","(0.8181818181818183, 5.571428571428571)",(-3.1098190261015515-2.1503500853711555j),(-2.756466522487245-1.8862045487344126j),(0.2933514937916745+0.25193028813992824j),(-0.6467039974059808-0.5160758247766711j)
"(0.8606060606060608, 5.571428571428571)","(0.8606060606060608, 5.571428571428571)",(0.5821516719214123-3.75609518704998j),(0.9403256821257433-3.462522974755887j),(0.2242042224886953+0.28378908140042775j),(-0.5823782326930264-0.5773612936945212j)
"(0.9030303030303031, 5.571428571428571)","(0.9030303030303031, 5.571428571428571)",(3.235999472533373-0.746611118657561j),(3.5932157592637535-0.41178966422470925j),(0.15145631969671128+0.2981459671324973j),(-0.5086726064270918-0.632967421565349j)
"(0.9454545454545455, 5.571428571428571)","(0.9454545454545455, 5.571428571428571)",(1.2140109750463006+2.6276650889666158j),(1.5595458823898527+3.0144594443579513j),(0.08043921471663654+0.29418088791025576j),(-0.4259741220601887-0.6809752433015916j)
"(0.987878787878788, 5.571428571428571)","(0.987878787878788, 5.571428571428571)",(-2.509602232305416+1.6891488615066552j),(-2.191393782500066+2.1355670222601226j),(0.016851173494974357+0.2730084431408988j),(-0.3350596233003245-0.7194266038943664j)
"(1.0303030303030305, 5.571428571428571)","(1.0303030303030305, 5.571428571428571)",(-2.645220447128117-2.088513146957368j),(-2.3740741337196165-1.5800042857721137j),(-0.03401229168963016+0.23789458262377602j),(-0.23713402171887063-0.74640344380903j)
"(1.0727272727272728, 5.571428571428571)","(1.0727272727272728, 5.571428571428571)",(0.9177525197287045-3.2632073937197483j),(1.1197702133043714-2.6972346355804313j),(-0.0681647753655738+0.1941502560755256j),(-0.13385291821009307-0.7601230142148426j)
"(1.1151515151515152, 5.571428571428571)","(1.1151515151515152, 5.571428571428571)",(3.029485343985005-0.1858617991257272j),(3.140641316761563+0.42456816168307643j),(-0.08383192925128168+0.1486165530941995j),(-0.02732404352527643-0.7590465139030032j)
"(1.1575757575757577, 5.571428571428571)","(1.1575757575757577, 5.571428571428571)",(0.6540707672959808+2.6907163239973375j),(0.6563111356292648+3.3239955138342507j),(-0.0821583147744035+0.10871763665567649j),(0.07991794644111945-0.7419968264925898j)
"(1.2000000000000002, 5.571428571428571)","(1.2000000000000002, 5.571428571428571)",(-2.807848580536169+1.1874918628514197j),(-2.9253165538048767+1.8146193718765562j),(-0.06750015028914019+0.08115154194281031j),(0.18496812355784784-0.708279050967947j)
"(1.2424242424242427, 5.571428571428571)","(1.2424242424242427, 5.571428571428571)",(-2.3695662246169067-2.6364488902695022j),(-2.6071017798501-2.0490562981552936j),(-0.047107302905490346+0.07040292079843241j),(0.2846428581386841-0.657795512912641j)
"(1.284848484848485, 5.571428571428571)","(1.284848484848485, 5.571428571428571)",(1.4398709508749996-3.4067027621882326j),(1.0943438048667171-2.892930073605254j),(-0.030080539351566356+0.07737244131358859j),(0.3756076853598489-0.5911451298965674j)
"(1.3272727272727274, 5.571428571428571)","(1.3272727272727274, 5.571428571428571)",(3.3265659401671073-0.07350322460214292j),(2.8976625393747892+0.33770137974905357j),(-0.02563656864488431+0.09849104561041806j),(0.4545399694372024-0.5096956499616145j)
"(1.3696969696969699, 5.571428571428571)","(1.3696969696969699, 5.571428571428571)",(0.7648034874614057+2.604855047474774j),(0.28738956306690266+2.894785786566638j),(-0.04090734470347811+0.1256859575625206j),(0.5183212690979812-0.415616696654385j)
"(1.4121212121212123, 5.571428571428571)","(1.4121212121212123, 5.571428571428571)",(-2.4099336975255365+0.853610584147951j),(-2.8954815251858896+1.0180141282127204j),(-0.07870233515037385+0.14745851935515125j),(0.564250162810727-0.3118620634199206j)
"(1.4545454545454546, 5.571428571428571)","(1.4545454545454546, 5.571428571428571)",(-1.480186662604903-2.713669994674125j),(-1.9346346996556005-2.662690207504942j),(-0.1358138741707367+0.1511118202219288j),(0.5902619112214345-0.20209160739111184j)
"(1.496969696969697, 5.571428571428571)","(1.496969696969697, 5.571428571428571)",(2.3806005699610706-2.796886111712606j),(1.9879419344284897-2.832212427538029j),(-0.2024785355832752+0.12585294168819502j),(0.595137171115856-0.09052662586277202j)
"(1.5393939393939395, 5.571428571428571)","(1.5393939393939395, 5.571428571428571)",(3.7052422920342982+1.006826377411295j),(3.390029130762354+0.9224084999116281j),(-0.2634654556845997+0.06615572684628922j),(0.5786786169565439+0.01826215065337782j)
"(1.581818181818182, 5.571428571428571)","(1.581818181818182, 5.571428571428571)",(0.4926377649380757+3.5331217970274382j),(0.2517317454128663+3.4389877029295732j),(-0.3009264380338257-0.025493864519512136j),(0.5418324575590351+0.11962795861737677j)
"(1.6242424242424245, 5.571428571428571)","(1.6242424242424245, 5.571428571428571)",(-2.8803560134483437+1.318448880273342j),(-3.068434938806055+1.2467017901601523j),(-0.29865324908223395-0.1374216281693844j),(0.48673217443994526+0.20916871828257413j)
"(1.6666666666666667, 5.571428571428571)","(1.6666666666666667, 5.571428571428571)",(-1.7918921771105039-2.4708092569182685j),(-1.961681483369116-2.5039798079467617j),(-0.24685570174460414-0.2499018049823634j),(0.41664500800321613+0.2830723560108564j)
"(1.7090909090909092, 5.571428571428571)","(1.7090909090909092, 5.571428571428571)",(2.0913237405778324-2.483341575464938j),(1.9016834304438475-2.482962784332394j),(-0.14616793090692712-0.33883462740596254j),(0.33580824104091217+0.3384558362734181j)
"(1.7515151515151517, 5.571428571428571)","(1.7515151515151517, 5.571428571428571)",(3.16718650601431+1.2416362025376197j),(2.927527348848183+1.2494235603286628j),(-0.00949314730355551-0.3814479043557107j),(0.24915230446968242+0.3736605465646677j)
"(1.7939393939393942, 5.571428571428571)","(1.7939393939393942, 5.571428571428571)",(-0.1386952526899372+3.3179555010103647j),(-0.4399734065137891+3.292214706680629j),(0.1393573467756122-0.3627225935871696j),(0.16192080704823963+0.388463387916905j)
"(1.8363636363636366, 5.571428571428571)","(1.8363636363636366, 5.571428571428571)",(-3.086931864782529+0.6784749779843748j),(-3.436619550246565+0.5750023817664125j),(0.2704748651467223-0.28069165314321803j),(0.0792128203173135+0.38416424936118043j)
"(1.8787878787878791, 5.571428571428571)","(1.8787878787878791, 5.571428571428571)",(-1.330757781314407-2.9808564520636485j),(-1.691507579495415-3.19565917400628j),(0.35526127248381517-0.14871496763777536j),(0.00548852569719294+0.36351768958040676j)
"(1.9212121212121216, 5.571428571428571)","(1.9212121212121216, 5.571428571428571)",(2.8330576801197718-2.352510353812396j),(2.5144503404278207-2.689547892662109j),(0.3745139165515162+0.006547257957714668j),(-0.05590657685956519+0.3304902808919983j)
"(1.9636363636363636, 5.571428571428571)","(1.9636363636363636, 5.571428571428571)",(3.5777270092051165+1.9398237361380495j),(3.3562182931631512+1.4984718878364436j),(0.3246426967133536+0.15150683431066167j),(-0.10313398067138829+0.28984501399094426j)
"(2.006060606060606, 5.571428571428571)","(2.006060606060606, 5.571428571428571)",(-0.2698702282075114+4.096161363150957j),(-0.35341901063155623+3.5947038131280973j),(0.21965236693841286+0.25487842253444964j),(-0.13610358451436805+0.24657912748840938j)
"(2.0484848484848484, 5.571428571428571)","(2.0484848484848484, 5.571428571428571)",(-3.5151436317249662+1.228839982032199j),(-3.4462769227959384+0.7265890949794415j),(0.08763732979820547+0.29698173907337766j),(-0.15650403872723329+0.20526914797937967j)
"(2.090909090909091, 5.571428571428571)","(2.090909090909091, 5.571428571428571)",(-1.8438050791487959-2.5817589456370387j),(-1.638590331859909-3.027002067955947j),(-0.03763421306885052+0.27584014297357917j),(-0.1675805342200363+0.1694029793453289j)
"(2.1333333333333333, 5.571428571428571)","(2.1333333333333333, 5.571428571428571)",(2.1377582355996996-2.0246845815764893j),(2.438916998482021-2.372999190760839j),(-0.12750994272983807+0.20751585882686366j),(-0.17364882015248329+0.14079875035748607j)
"(2.175757575757576, 5.571428571428571)","(2.175757575757576, 5.571428571428571)",(2.6076930119429242+1.9596186155744557j),(2.954851374964309+1.720388887660669j),(-0.16778410505811703+0.12001114895468343j),(-0.17937425796326767+0.11921857895910333j)
"(2.2181818181818183, 5.571428571428571)","(2.2181818181818183, 5.571428571428571)",(-1.2124056143717552+3.5228363567584586j),(-0.8607101244200733+3.3779871935505716j),(-0.16280523982509493+0.042571528842865164j),(-0.18889025012658703+0.10227763436502184j)
"(2.2606060606060607, 5.571428571428571)","(2.2606060606060607, 5.571428571428571)",(-3.9172643773294458+0.2239981045246667j),(-3.580102000510497+0.14389585042875913j),(-0.1322875594567272-0.005619330787309988j),(-0.2048748173622213+0.08572158488321757j)
"(2.303030303030303, 5.571428571428571)","(2.303030303030303, 5.571428571428571)",(-1.5682877977670981-3.4292307573843583j),(-1.2389122772889976-3.4707263398955086j),(-0.10163655010153083-0.022602517907445836j),(-0.22773897037656982+0.06409810041859622j)
"(2.3454545454545452, 5.571428571428571)","(2.3454545454545452, 5.571428571428571)",(2.64316714846917-2.291574515361671j),(2.9878529480482885-2.300185247217371j),(-0.08958922478437056-0.02317289436079767j),(-0.25509657479474834+0.03178362621649786j)
"(2.3878787878787877, 5.571428571428571)","(2.3878787878787877, 5.571428571428571)",(2.787146255877235+2.098581024504662j),(3.1675012376504874+2.1446919446330197j),(-0.09868076289669005-0.030363475209135536j),(-0.2816742188765626-0.01574744491922227j)
"(2.43030303030303, 5.571428571428571)","(2.43030303030303, 5.571428571428571)",(-1.452798991009743+3.5575918456173627j),(-1.0396091721751848+3.700435672526787j),(-0.11341422554510502-0.062247617561817625j),(-0.2997755932894533-0.08059620934760615j)
"(2.4727272727272727, 5.571428571428571)","(2.4727272727272727, 5.571428571428571)",(-4.232898466435592-0.10868595983515568j),(-3.8246665077524975+0.1727767662911946j),(-0.10789449402738543-0.12016696700183162j),(-0.300337464655709-0.16129575912451866j)
"(2.515151515151515, 5.571428571428571)","(2.515151515151515, 5.571428571428571)",(-1.664904337655022-3.984065078678002j),(-1.3302110362563329-3.547307789107887j),(-0.06018375854455782-0.18464304165665862j),(-0.27450954285413154-0.2521142479134565j)
"(2.5575757575757576, 5.571428571428571)","(2.5575757575757576, 5.571428571428571)",(2.75725126612758-2.870705674877892j),(2.9396038745154285-2.305438125400349j),(0.03321939468446886-0.2222226309714843j),(-0.2155720030723175-0.34304491850605856j)
"(2.6, 5.571428571428571)","(2.6, 5.571428571428571)",(3.054948314269064+1.4798257605461886j),(3.0253788095836804+2.101787171427423j),(0.1504621677133756-0.2013151155101403j),(-0.120892663027992-0.4206462953710944j)
"(2.6424242424242426, 5.571428571428571)","(2.6424242424242426, 5.571428571428571)",(-0.8738595059309199+2.8848666357712887j),(-1.1302162381819103+3.464667660533952j),(0.24990266955364454-0.1100353322414294j),(0.006454062697345855-0.4697656925212341j)
"(2.684848484848485, 5.571428571428571)","(2.684848484848485, 5.571428571428571)",(-3.180246691996196-0.5438695872772434j),(-3.624295616262911-0.10097201353491261j),(0.28724207652027467+0.033111801403666354j),(0.1568068477464406-0.4760093751459972j)
"(2.727272727272727, 5.571428571428571)","(2.727272727272727, 5.571428571428571)",(-0.3763747407023965-3.756907745511391j),(-0.9274984332843561-3.5107603857888168j),(0.23700243905129317+0.18249136678538855j),(0.31412125353066644-0.42863872650796236j)
"(2.7696969696969695, 5.571428571428571)","(2.7696969696969695, 5.571428571428571)",(3.6923464401541954-1.9408504404244828j),(3.1271648082675902-1.9003457907528603j),(0.107719521937965+0.28290492225102426j),(0.45746210994864-0.3234095719226469j)
"(2.812121212121212, 5.571428571428571)","(2.812121212121212, 5.571428571428571)",(3.2586743826315976+2.608447649471939j),(2.7528269350649106+2.4790006472166786j),(-0.05792282515223513+0.29421946704360924j),(0.563770272718922-0.1647724647883489j)
"(2.8545454545454545, 5.571428571428571)","(2.8545454545454545, 5.571428571428571)",(-1.177301913248471+3.651146811283416j),(-1.589072286986616+3.4069193373722815j),(-0.1998512452899373+0.21108071834091824j),(0.6116216190280822+0.03314675557021627j)
"(2.896969696969697, 5.571428571428571)","(2.896969696969697, 5.571428571428571)",(-3.4628565536153393-0.197664275403995j),(-3.781086791364874-0.5118852561620494j),(-0.2671961165351254+0.06698150899170713j),(0.5854263542846597+0.24723947176634725j)
"(2.9393939393939394, 5.571428571428571)","(2.9393939393939394, 5.571428571428571)",(-0.42343074075083675-3.4420286630561776j),(-0.6611374667686886-3.8093568042333286j),(-0.2415987221028968-0.0806495797527602j),(0.4793054481207486+0.4479777209299114j)
"(2.981818181818182, 5.571428571428571)","(2.981818181818182, 5.571428571428571)",(3.616714692209857-1.3833575038919048j),(3.4616912336478154-1.8094917000841126j),(-0.14476711395930084-0.17755594686967788j),(0.29979057252134245+0.6036901430618857j)
"(3.0242424242424244, 5.571428571428571)","(3.0242424242424244, 5.571428571428571)",(2.8434743957026805+3.245519192248546j),(2.8025732368795575+2.757423935332779j),(-0.025672442763092232-0.19789804721080964j),(0.0665736015862152+0.6859933041265767j)
"(3.066666666666667, 5.571428571428571)","(3.066666666666667, 5.571428571428571)",(-1.8899256675062932+4.045264366847838j),(-1.766686836378738+3.5236093351237536j),(0.06595903178242153-0.1538081210185101j),(-0.18919786290997664+0.675463152742594j)
"(3.109090909090909, 5.571428571428571)","(3.109090909090909, 5.571428571428571)",(-4.21517191936735-0.11691425637245079j),(-3.890978903208349-0.5994434940222635j),(0.10494925155417606-0.08387808893551905j),(-0.4291422677131768+0.5664073265853318j)
"(3.1515151515151514, 5.571428571428571)","(3.1515151515151514, 5.571428571428571)",(-1.127923142824689-3.528902100400112j),(-0.6140358185211201-3.87093572026002j),(0.10001695767386709-0.02755798888230358j),(-0.6139042819774361+0.369591608742211j)
"(3.193939393939394, 5.571428571428571)","(3.193939393939394, 5.571428571428571)",(2.850520203295656-1.6344599381339j),(3.479198313854839-1.7451484851769996j),(0.08176106316322151-0.001342145605351085j),(-0.7104391737224044+0.11203069264845064j)
"(3.2363636363636363, 5.571428571428571)","(3.2363636363636363, 5.571428571428571)",(2.0638290358395475+2.6141112355403546j),(2.685420196714864+2.7726508106301657j),(0.07731950395432478+0.007994219284791649j),(-0.6989106648296414-0.1665337943746027j)
"(3.278787878787879, 5.571428571428571)","(3.278787878787879, 5.571428571428571)",(-2.3239033709876606+2.965968853072784j),(-1.8351375302058002+3.3575915140589787j),(0.08889324024625837+0.028529278900352863j),(-0.5776590810281187-0.4201519398865475j)
"(3.3212121212121213, 5.571428571428571)","(3.3212121212121213, 5.571428571428571)",(-3.991790723256751-1.290654916948313j),(-3.718467887490682-0.7622673064153771j),(0.09158908589099185+0.07674216239840016j),(-0.36491192165706104-0.6051297729313361j)
"(3.3636363636363638, 5.571428571428571)","(3.3636363636363638, 5.571428571428571)",(-0.39378010526910867-4.3056935069283595j),(-0.350734449761487-3.75537878286822j),(0.05343625176783759+0.1384743959010144j),(-0.09648190727545924-0.6887891199611539j)
"(3.4060606060606062, 5.571428571428571)","(3.4060606060606062, 5.571428571428571)",(3.6246268949418905-1.900045329338219j),(3.479625923286833-1.4161585842141216j),(-0.03545407301549855+0.17270136514766793j),(0.180455044670556-0.6565881102717651j)
"(3.4484848484848487, 5.571428571428571)","(3.4484848484848487, 5.571428571428571)",(2.626861470485252+2.542906497581849j),(2.356297278072332+2.920326571063297j),(-0.14589665705161423+0.13840373983787296j),(0.4164608494645341-0.5158238133193211j)
"(3.4909090909090907, 5.571428571428571)","(3.4909090909090907, 5.571428571428571)",(-1.770737992649428+2.8362575737443154j),(-2.120815794786605+3.1033722088567477j),(-0.21988001835633408+0.027652910420089636j),(0.569957820493511-0.2947675455325222j)
"(3.533333333333333, 5.571428571428571)","(3.533333333333333, 5.571428571428571)",(-3.1885254943575783-1.2940078977990213j),(-3.599575925576505-1.1379099385084435j),(-0.20501987676793654-0.11900713393702787j),(0.6160703079868631-0.037090825353549954j)
"(3.5757575757575757, 5.571428571428571)","(3.5757575757575757, 5.571428571428571)",(0.5027295996424732-3.8210872349972616j),(0.04262994830827191-3.7992743876306876j),(-0.09188636791006127-0.22920424065572223j),(0.5519860192442626+0.2073913932891486j)
"(3.618181818181818, 5.571428571428571)","(3.618181818181818, 5.571428571428571)",(4.143515374526981-0.9267021079286613j),(3.673970521201889-1.0799371946022096j),(0.07220617270058342-0.240368628315378j),(0.397338680624508+0.3936037149889265j)
"(3.6606060606060606, 5.571428571428571)","(3.6606060606060606, 5.571428571428571)",(2.5289059350131864+3.569674890862489j),(2.1338209155368157+3.218981564662883j),(0.20578793172824447-0.14038728843166332j),(0.1892970877481263+0.4910806146312698j)
"(3.703030303030303, 5.571428571428571)","(3.703030303030303, 5.571428571428571)",(-2.245596752640002+3.530701687063127j),(-2.45957224118327+3.0195012581538845j),(0.24054057586333352+0.02092516652062304j),(-0.026565087320065794+0.4902752623886191j)
"(3.7454545454545456, 5.571428571428571)","(3.7454545454545456, 5.571428571428571)",(-3.6892114408093484-0.890598951810023j),(-3.644937174929041-1.4539380103845256j),(0.16305523350853707+0.15976134440409617j),(-0.20732949938884415+0.4035777141704064j)
"(3.787878787878788, 5.571428571428571)","(3.787878787878788, 5.571428571428571)",(-0.009309372782557446-3.4687868910858874j),(0.29104259967207263-3.938352303689674j),(0.02242463781845097+0.2088609905771285j),(-0.3227766102730811+0.2607044220266581j)
"(3.83030303030303, 5.571428571428571)","(3.83030303030303, 5.571428571428571)",(3.3959394028114414-0.6606277070457199j),(3.8599566440814765-0.9173550293872829j),(-0.10238825880317091+0.15700286859954168j),(-0.36162898246686426+0.09972445374202119j)
"(3.872727272727273, 5.571428571428571)","(3.872727272727273, 5.571428571428571)",(1.5641902146808782+3.4166048941565297j),(2.0495562693623204+3.4097670471870476j),(-0.15313267311294335+0.05051076261722725j),(-0.33223338156849874-0.04367291564774508j)
"(3.915151515151515, 5.571428571428571)","(3.915151515151515, 5.571428571428571)",(-3.012429719736364+2.800653707790491j),(-2.629519349415642+2.9893899594855466j),(-0.12534380678988216-0.043291812968310445j),(-0.25756656353083995-0.14544443872674503j)
"(3.957575757575758, 5.571428571428571)","(3.957575757575758, 5.571428571428571)",(-3.8689063173392055-1.8791639819871762j),(-3.641322620178559-1.5980523630617636j),(-0.061338771322240075-0.08296804271894716j),(-0.16624492583840647-0.1981435762064655j)
"(4.0, 5.571428571428571)","(4.0, 5.571428571428571)",(0.32757158558982347-4.227615531878457j),(0.4210527985142831-3.9423587944178315j),(-0.010904860467152786-0.07520474435494423j),(-0.08257635245730685-0.21005199310568123j)
"(-0.2, 5.857142857142856)","(-0.2, 5.857142857142856)",(-0.41807812805462613-3.1025989176533004j),(-0.9675759893091814-2.8197403602497224j),(0.20371670783998275+0.5069167977302702j),(0.34578115341457255-0.7897753551338483j)
"(-0.1575757575757576, 5.857142857142856)","(-0.1575757575757576, 5.857142857142856)",(-1.781822073719951+0.009469959837751896j),(-2.3360442338041474+0.3085464052468947j),(0.22438641062246278+0.4986657998898856j),(0.3298357494617336-0.7977422452990284j)
"(-0.11515151515151516, 5.857142857142856)","(-0.11515151515151516, 5.857142857142856)",(1.2354417044478767+2.234654700838113j),(0.6779436156221955+2.546707359205895j),(0.23967569842905284+0.49148211863051655j),(0.3178223903966283-0.8035347769982987j)
"(0.1393939393939394, 5.857142857142856)","(0.1393939393939394, 5.857142857142856)",(-0.6414994127198737+1.3885474908211997j),(-1.1991968838059734+1.6979006394040008j),(0.2256638355105542+0.48938263964207934j),(0.3320336355755456-0.7987357882248808j)
"(0.18181818181818182, 5.857142857142856)","(0.18181818181818182, 5.857142857142856)",(-1.2718899098858192-1.9408742610157228j),(-1.8264670014043258-1.6452275120369941j),(0.2059018308753741+0.49535106618599134j),(0.3486752606431324-0.7909978151647201j)
"(0.22424242424242424, 5.857142857142856)","(0.22424242424242424, 5.857142857142856)",(1.767484396509183-3.0292070643785123j),(1.2173841716447302-2.7503800166649475j),(0.18095660422039564+0.5019656105698491j),(0.36914362064405726-0.7807926582834138j)
"(0.26666666666666666, 5.857142857142856)","(0.26666666666666666, 5.857142857142856)",(3.5571809697747674-0.12847568380454977j),(3.013188993915154+0.1309217910285062j),(0.15074894963747218+0.5084071961795039j),(0.39324302622214097-0.7678046710125599j)
"(0.30909090909090914, 5.857142857142856)","(0.30909090909090914, 5.857142857142856)",(1.1236581492224342+2.5342005166813886j),(0.5876619573904265+2.7721810257042874j),(0.11527765953090768+0.5136882990718986j),(0.4207185323011-0.7516688080947974j)
"(0.3515151515151515, 5.857142857142856)","(0.3515151515151515, 5.857142857142856)",(-2.244303592186493+0.9342349460083573j),(-2.770226175689926+1.1495480304340349j),(0.07467597892269541+0.5166659598861391j),(0.4512466045807374-0.7319790443118165j)
"(0.393939393939394, 5.857142857142856)","(0.393939393939394, 5.857142857142856)",(-1.6849976938101525-2.858488749205079j),(-2.1986972177255435-2.6662579630128764j),(0.029274390248664503+0.5160683891598142j),(0.48442513366672646-0.7082991753520166j)
"(0.43636363636363634, 5.857142857142856)","(0.43636363636363634, 5.857142857142856)",(2.2182397932473745-3.4932796607352117j),(1.7188106515736032-3.3236431730767317j),(-0.020334160846781357+0.510539849865528j),(0.5197633025205525-0.680176337524008j)
"(0.4787878787878788, 5.857142857142856)","(0.4787878787878788, 5.857142857142856)",(4.102018588294933+0.07634686988528805j),(3.6185791493336406+0.22479640043591687j),(-0.07323250057458326+0.49870802383128376j),(0.5566719395358755-0.6471575543819126j)
"(0.5212121212121212, 5.857142857142856)","(0.5212121212121212, 5.857142857142856)",(1.3321145363614244+2.9951459484309764j),(0.8657884939053735+3.1246787701917746j),(-0.1281290837918731+0.47927673014221667j),(0.5944551262479241-0.6088095519030149j)
"(0.5636363636363637, 5.857142857142856)","(0.5636363636363637, 5.857142857142856)",(-2.2219044558160834+1.2630742185420711j),(-2.670878581466191+1.3766717710049832j),(-0.18332984337904584+0.4511444196698437j),(0.6323039690291533-0.5647419721327557j)
"(0.6060606060606062, 5.857142857142856)","(0.6060606060606062, 5.857142857142856)",(-1.5552736616194829-2.6121259193703588j),(-1.9878231340897015-2.511037115041045j),(-0.2367441060240419+0.4135451468068131j),(0.6692935784942606-0.5146339511361266j)
"(0.6484848484848484, 5.857142857142856)","(0.6484848484848484, 5.857142857142856)",(2.432321907567396-3.074917581938511j),(2.013874715473158-2.982857478052102j),(-0.28593722342327366+0.36620370106641503j),(0.7043844155175117-0.45826380495282404j)
"(0.6909090909090909, 5.857142857142856)","(0.6909090909090909, 5.857142857142856)",(4.14167002143402+0.6850728227928238j),(3.733482051276228+0.7711235925062366j),(-0.32824127163958333+0.3094905141742441j),(0.7364292417973752-0.3955412838876569j)
"(0.7333333333333334, 5.857142857142856)","(0.7333333333333334, 5.857142857142856)",(1.1063678894939564+3.5460850839758304j),(0.7031121888124832+3.6280711356373367j),(-0.3609312345034372+0.24455546000775713j),(0.7641869351849104-0.32654151166926365j)
"(0.7757575757575759, 5.857142857142856)","(0.7757575757575759, 5.857142857142856)",(-2.515618101235078+1.6003181956743309j),(-2.920495589982591+1.6784437191656036j),(-0.381466883118273+0.1734138047420468j),(0.7863443718657859-0.25153932823331965j)
"(0.8181818181818183, 5.857142857142856)","(0.8181818181818183, 5.857142857142856)",(-1.7337570730569314-2.354846959226314j),(-2.1475146376071153-2.2827585211579278j),(-0.387789848813541+0.0989538789269049j),(0.8015474133637248-0.1710423169952911j)
"(0.8606060606060608, 5.857142857142856)","(0.8606060606060608, 5.857142857142856)",(2.27925386242793-2.7081682980470725j),(1.8494637122990472-2.647184388060418j),(-0.37865159048261954+0.024836432508529405j),(0.8084417406115026-0.08582034249518415j)
"(0.9030303030303031, 5.857142857142856)","(0.9030303030303031, 5.857142857142856)",(3.8065372255532415+1.1042083329177244j),(3.354745870535454+1.145875222384511j),(-0.3539324720534018-0.044737903597892356j),(0.8057238270711893+0.0030710141311056597j)
"(0.9454545454545455, 5.857142857142856)","(0.9454545454545455, 5.857142857142856)",(0.5902720759402551+3.7836518856381915j),(0.11296790695484597+3.794778228619956j),(-0.3148975524564103-0.10540245416492543j),(0.7922017214418194+0.094276111183161j)
"(0.987878787878788, 5.857142857142856)","(0.987878787878788, 5.857142857142856)",(-2.983129831278476+1.5734226078351092j),(-3.4856696667901663+1.5404118930244166j),(-0.264324676454115-0.1531265271794088j),(0.7668645119658055+0.18613724199010148j)
"(1.0303030303030305, 5.857142857142856)","(1.0303030303030305, 5.857142857142856)",(-1.999249886835412-2.4720173207810547j),(-2.521768667678717-2.563922826363316j),(-0.2064395978471336-0.1848027871031813j),(0.7289583786904386+0.27670829268544234j)
"(1.0727272727272728, 5.857142857142856)","(1.0727272727272728, 5.857142857142856)",(2.1141125292861624-2.743235231968395j),(1.5826522646544223-2.908178732695301j),(-0.14660577383243728-0.19884370210137672j),(0.6780660384641775+0.3637872028282823j)
"(1.1151515151515152, 5.857142857142856)","(1.1151515151515152, 5.857142857142856)",(3.5851205289774386+1.0885685479799194j),(3.0616818624529287+0.8392786799683603j),(-0.09074654097373744-0.19567999030513877j),(0.6141852074982475+0.44496985831669794j)
"(1.1575757575757577, 5.857142857142856)","(1.1575757575757577, 5.857142857142856)",(0.372875271176493+3.6264317832902098j),(-0.12040007142286765+3.286739261336738j),(-0.044525193233106275-0.17803461881116875j),(0.5378005358324669+0.5177271407646405j)
"(1.2000000000000002, 5.857142857142856)","(1.2000000000000002, 5.857142857142856)",(-2.9876501626318808+1.3162358351754726j),(-3.4252224882257494+0.8875783917920264j),(-0.012370101247042246-0.1508480689345931j),(0.4499424268409108+0.5795055123180394j)
"(1.2424242424242427, 5.857142857142856)","(1.2424242424242427, 5.857142857142856)",(-1.7522317085308652-2.573377523116683j),(-2.1079593096949916-3.080463860205175j),(0.003502208081545506-0.12076337892372156j),(0.35222539308258105+0.6278497160122134j)
"(1.284848484848485, 5.857142857142856)","(1.284848484848485, 5.857142857142856)",(2.377239325679746-2.532188710599316j),(2.1265224426480374-3.0975848670925465j),(0.003858591904729076-0.09514779556158262j),(0.2468582911269797+0.6605439520548132j)
"(1.3272727272727274, 5.857142857142856)","(1.3272727272727274, 5.857142857142856)",(3.6287893180126436+1.4737521728745864j),(3.4993859136707126+0.8787155780984114j),(-0.007215703078904371-0.08072874881438476j),(0.13661910742083544+0.6757653435905596j)
"(1.3696969696969699, 5.857142857142856)","(1.3696969696969699, 5.857142857142856)",(0.22856316515511577+3.9566244312608463j),(0.2263982108571157+3.3664251467891972j),(-0.022623157291849088-0.08204151361499211j),(0.02478811158984913+0.672240798086641j)
"(1.4121212121212123, 5.857142857142856)","(1.4121212121212123, 5.857142857142856)",(-3.1421924772679266+1.5804320727369932j),(-3.0239123253350346+1.0310350697273636j),(-0.03331544704879512-0.09999874542347262j),(-0.08496470488409687+0.6493957484331022j)
"(1.4545454545454546, 5.857142857142856)","(1.4545454545454546, 5.857142857142856)",(-1.9215026057423694-2.207002437183966j),(-1.7026936544301665-2.6835202962740548j),(-0.03007009902050327-0.13096318554467382j),(-0.18873885229169984+0.6074810446347625j)
"(1.496969696969697, 5.857142857142856)","(1.496969696969697, 5.857142857142856)",(1.9630014357596381-2.0539737351047886j),(2.251350473705901-2.4349395983339335j),(-0.005743001888973251-0.16669698633144905j),(-0.2826060360572897+0.547662849560594j)
"(1.5393939393939395, 5.857142857142856)","(1.5393939393939395, 5.857142857142856)",(2.8470915446892198+1.775957648694573j),(3.167494624460529+1.4993433239810472j),(0.042445066305284426-0.1954458673273062j),(-0.36284814607659344+0.4720601920408321j)
"(1.581818181818182, 5.857142857142856)","(1.581818181818182, 5.857142857142856)",(-0.6869017716584838+3.792816814701881j),(-0.37186082733501963+3.6132880465677757j),(0.11117593387903904-0.2041874893652566j),(-0.42621687820250326+0.3837162574993617j)
"(1.6242424242424245, 5.857142857142856)","(1.6242424242424245, 5.857142857142856)",(-3.807618814265579+1.006222495202661j),(-3.527890748480004+0.9014885436967639j),(0.19046777379903326-0.18175893417234654j),(-0.4701958395846083+0.28649288567824366j)
"(1.6666666666666667, 5.857142857142856)","(1.6666666666666667, 5.857142857142856)",(-2.2046666755766493-2.865900987187477j),(-1.9761632295705862-2.9285392504535936j),(0.2647377549376369-0.12224501804819489j),(-0.4932412009436999+0.18488328131431145j)
"(1.7090909090909092, 5.857142857142856)","(1.7090909090909092, 5.857142857142856)",(1.8829008756591528-2.5954690159484177j),(2.062255388498524-2.651458177448185j),(0.31561918207621514-0.02775641576114657j),(-0.4949736949155865+0.08374557726091372j)
"(1.7515151515151517, 5.857142857142856)","(1.7515151515151517, 5.857142857142856)",(2.82101595976294+1.2652694003302436j),(2.971131379539271+1.186963431866252j),(0.32617849405730154+0.09033671011467248j),(-0.47629391383363234-0.012030741650681048j)
"(1.7939393939393942, 5.857142857142856)","(1.7939393939393942, 5.857142857142856)",(-0.5423044229728979+3.217310462088948j),(-0.38857315908376777+3.102773742506303j),(0.28566401351903564+0.21243989441165537j),(-0.4393952774081658-0.0979031748290105j)
"(1.8363636363636366, 5.857142857142856)","(1.8363636363636366, 5.857142857142856)",(-3.334159681461061+0.5568815283411419j),(-3.1400363587685796+0.4126869082212794j),(0.19353204426674975+0.31426129389760094j),(-0.3876553669592309-0.1700666737777385j)
"(1.8787878787878791, 5.857142857142856)","(1.8787878787878791, 5.857142857142856)",(-1.5693622008398878-2.868068959662785j),(-1.305372801762458-3.0145934160585077j),(0.06140743293643152+0.3723394178747007j),(-0.3253968320138613-0.22581496147897806j)
"(1.9212121212121216, 5.857142857142856)","(1.9212121212121216, 5.857142857142856)",(2.2326831233824214-2.1351514120793156j),(2.5782411980865407-2.2416616227023036j),(-0.08803458321931341+0.37033629461399525j),(-0.25752349148480613-0.26382608399100715j)
"(1.9636363636363636, 5.857142857142856)","(1.9636363636363636, 5.857142857142856)",(2.6152477996122863+1.7807489283911229j),(3.029826686480454+1.7607365692825399j),(-0.2255242858574608+0.3043376630930749j),(-0.18905460101070692-0.28432530398449196j)
"(2.006060606060606, 5.857142857142856)","(2.006060606060606, 5.857142857142856)",(-1.107222630529873+3.352016081698729j),(-0.6604025073769062+3.455752123152814j),(-0.3222213378435462+0.1853487183415436j),(-0.12459878530942058-0.28908475979562864j)
"(2.0484848484848484, 5.857142857142856)","(2.0484848484848484, 5.857142857142856)",(-3.8466911560812056+0.2556890147548882j),(-3.421332576414907+0.4991851229398916j),(-0.3575322487113137+0.03773703908766795j),(-0.06782633095498511-0.2812331472726713j)
"(2.090909090909091, 5.857142857142856)","(2.090909090909091, 5.857142857142856)",(-1.8438860012025755-3.362850927425938j),(-1.4975305363867129-2.9914865140863323j),(-0.3253441516577987-0.1064943885188747j),(-0.021011313158064062-0.2648700248207315j)
"(2.1333333333333333, 5.857142857142856)","(2.1333333333333333, 5.857142857142856)",(2.10730150060917-2.685567553767883j),(2.3284448273514196-2.2247550809106555j),(-0.23642325719724008-0.21630555759963785j),(0.015279930454990747-0.24450691525758964j)
"(2.175757575757576, 5.857142857142856)","(2.175757575757576, 5.857142857142856)",(2.622501606097614+1.0840841696598391j),(2.6959253100374703+1.579038237291076j),(-0.11570690524296315-0.2705656381981945j),(0.042283201303107025-0.22438842943304255j)
"(2.2181818181818183, 5.857142857142856)","(2.2181818181818183, 5.857142857142856)",(-0.7349473101844319+2.508234624588284j),(-0.8029422142197038+2.9803233604098653j),(0.005133355261150947-0.2643117911078379j),(0.06286154877412084-0.20777694471374336j)
"(2.2606060606060607, 5.857142857142856)","(2.2606060606060607, 5.857142857142856)",(-2.934407569268191-0.3903761396543756j),(-3.1131228125036743+0.01578171989673054j),(0.09767438074232507-0.20984932472737675j),(0.0810408624931579-0.19630853482372942j)
"(2.303030303030303, 5.857142857142856)","(2.303030303030303, 5.857142857142856)",(-0.6513620495548198-3.3783340680292424j),(-0.8984676252680408-3.0569339522418004j),(0.14582639244821105-0.1318602065355416j),(0.10127918326500997-0.18953990925190056j)
"(2.3454545454545452, 5.857142857142856)","(2.3454545454545452, 5.857142857142856)",(3.0115837624951207-2.0473035956257424j),(2.733540220011728-1.8045659215187244j),(0.15050010133530536-0.05793714775401003j),(0.12754344114808716-0.18480052635300798j)
"(2.3878787878787877, 5.857142857142856)","(2.3878787878787877, 5.857142857142856)",(2.9067146746757864+1.9084662067745919j),(2.6166867673002754+2.093887832553703j),(0.12771028555823685-0.007984768203757743j),(0.162317621817274-0.1774368575753531j)
"(2.43030303030303, 5.857142857142856)","(2.43030303030303, 5.857142857142856)",(-0.8670070351905221+3.035864522141955j),(-1.1731910688004596+3.184151432167375j),(0.10047690289072383+0.01319907896605662j),(0.20570713071921376-0.16148598899147665j)
"(2.4727272727272727, 5.857142857142856)","(2.4727272727272727, 5.857142857142856)",(-3.049316571930044-0.20951440401618818j),(-3.3917605989364046-0.09550476352617411j),(0.08761897448123035+0.01673677494750177j),(0.2548250525251303-0.13074641543751583j)
"(2.515151515151515, 5.857142857142856)","(2.515151515151515, 5.857142857142856)",(-0.5728475903778936-3.2664296665183246j),(-0.9707768830237752-3.209319806706469j),(0.09429170200792557+0.023022981870420556j),(0.3036375906379561-0.08013284168227636j)
"(2.5575757575757576, 5.857142857142856)","(2.5575757575757576, 5.857142857142856)",(3.148137797589686-1.8325354173515664j),(2.6958414349963284-1.8755314185588134j),(0.10889460756283115+0.05011755258881894j),(0.34340175503052683-0.007121551381571965j)
"(2.6, 5.857142857142856)","(2.6, 5.857142857142856)",(3.0034920045282223+2.1523438694223556j),(2.5312204524711706+1.9630016878109442j),(0.10852431822404154+0.10237164359544387j),(0.3637472338330103+0.08697053801596753j)
"(2.6424242424242426, 5.857142857142856)","(2.6424242424242426, 5.857142857142856)",(-0.6989788402644039+3.280606128139828j),(-1.1245713641158614+2.919375734502402j),(0.07125004076194406+0.1650710006616924j),(0.3543424830895135+0.19615939297573373j)
"(2.684848484848485, 5.857142857142856)","(2.684848484848485, 5.857142857142856)",(-2.7676681755976524+0.2573225248648224j),(-3.0644483956946993-0.2610652470383112j),(-0.01017651686920609+0.2087014066304851j),(0.30695673696625286+0.3096863652726485j)
"(2.727272727272727, 5.857142857142856)","(2.727272727272727, 5.857142857142856)",(-0.48803187798584347-2.3821332936982196j),(-0.5855260505399086-2.9970424263410407j),(-0.1201126189595265+0.20209123603020965j),(0.21760679151359164+0.4128178966126111j)
"(2.7696969696969695, 5.857142857142856)","(2.7696969696969695, 5.857142857142856)",(2.5956651054946343-0.7741283745566034j),(2.729788741837629-1.3917351855590965j),(-0.22251064159637013+0.129001942607415j),(0.08838700525337506+0.4886048683950781j)
"(2.812121212121212, 5.857142857142856)","(2.812121212121212, 5.857142857142856)",(1.7792173059636853+2.7779496892346j),(2.125245621972976+2.2573869143700027j),(-0.2745787988517145+8.867762021969429e-05j),(-0.07144951715757604+0.5204740972443775j)
"(2.8545454545454545, 5.857142857142856)","(2.8545454545454545, 5.857142857142856)",(-2.0685745056248965+3.0775084990930206j),(-1.5766702173720333+2.7288954158102716j),(-0.24636513368615434-0.14671408582032677j),(-0.24553915456670877+0.4953271691030758j)
"(2.896969696969697, 5.857142857142856)","(2.896969696969697, 5.857142857142856)",(-3.6744528990542413-0.5647231498815191j),(-3.125501758620995-0.712002592289516j),(-0.13712832579903755-0.2593656346857691j),(-0.41182281463420856+0.4066450770937661j)
"(2.9393939393939394, 5.857142857142856)","(2.9393939393939394, 5.857142857142856)",(-0.794752137540875-3.277018475155434j),(-0.26970709213551186-3.240340477358243j),(0.02029325843240794-0.29366250720599935j),(-0.5453383038377712+0.2569845094088079j)
"(2.981818181818182, 5.857142857142856)","(2.981818181818182, 5.857142857142856)",(2.5779039541074518-1.4376574548401364j),(3.0291924610153402-1.262952197825103j),(0.1708305662958807-0.23394889340693095j),(-0.6221190732037692+0.05924363639189761j)
"(3.0242424242424244, 5.857142857142856)","(3.0242424242424244, 5.857142857142856)",(1.7814572834902815+2.232475374316961j),(2.144888202754854+2.49829024388565j),(0.260210636770317-0.10201382147203757j),(-0.6236415560348897-0.1638010480966515j)
"(3.066666666666667, 5.857142857142856)","(3.066666666666667, 5.857142857142856)",(-1.9895947129544624+2.473809036219543j),(-1.70761900757875+2.804384819456488j),(0.2590583619589231+0.051350582946773395j),(-0.5410340673346355-0.38192636618371845j)
"(3.109090909090909, 5.857142857142856)","(3.109090909090909, 5.857142857142856)",(-3.3692560464759866-1.1499532089182951j),(-3.167017643121892-0.757227204687718j),(0.17591539123211636+0.16900925357507363j),(-0.3781537945862108-0.5617352578056508j)
"(3.1515151515151514, 5.857142857142856)","(3.1515151515151514, 5.857142857142856)",(-0.3374786375023686-3.6661752275173276j),(-0.23676002618236172-3.2073555954724595j),(0.05198828323860778+0.21340845939119285j),(-0.15270689455861466-0.672228091436061j)
"(3.193939393939394, 5.857142857142856)","(3.193939393939394, 5.857142857142856)",(2.9912393215303603-1.675090748129931j),(2.94621235773861-1.166691790807614j),(-0.06012017005489407+0.18235233952709176j),(0.1051471338466444-0.6907512968494088j)
"(3.2363636363636363, 5.857142857142856)","(3.2363636363636363, 5.857142857142856)",(2.1845845105942012+1.9346889326489403j),(1.9502582093063165+2.4366857894149576j),(-0.12249525501140193+0.10615985154247613j),(0.3568215562992868-0.6081567083084932j)
"(3.278787878787879, 5.857142857142856)","(3.278787878787879, 5.857142857142856)",(-1.313246167622153+2.1319053340114666j),(-1.7462913675241543+2.535953703180751j),(-0.12847432807672002+0.027930019034523156j),(0.5615195279787212-0.4319783882038078j)
"(3.3212121212121213, 5.857142857142856)","(3.3212121212121213, 5.857142857142856)",(-2.3153995082379546-1.1505739812622764j),(-2.8985657362700414-0.942398652293533j),(-0.10048227234112461-0.021498854783927157j),(0.6836485003732116-0.18667647418481623j)
"(3.3636363636363638, 5.857142857142856)","(3.3636363636363638, 5.857142857142856)",(0.714283547306502-2.979062413583551j),(0.08522186647669572-3.0296973314693254j),(-0.07095604975197582-0.03886125859140555j),(0.7000177305817821+0.08949617647717988j)
"(3.4060606060606062, 5.857142857142856)","(3.4060606060606062, 5.857142857142856)",(3.4757094401658395-0.465455714121272j),(2.929204296953334-0.7714909791548612j),(-0.05874105806454797-0.044717762576383005j),(0.6052462012770534+0.35075302760997223j)
"(3.4484848484848487, 5.857142857142856)","(3.4484848484848487, 5.857142857142856)",(1.9326999908173637+3.090522872119932j),(1.5753428719424118+2.601730021380614j),(-0.05664157253970746-0.0633666090840702j),(0.4139986914146593+0.5521594598233881j)
"(3.4909090909090907, 5.857142857142856)","(3.4909090909090907, 5.857142857142856)",(-1.9391325171676546+2.8287997438488586j),(-2.0593580438591803+2.2705059007725197j),(-0.038995127058794744-0.10023080057649678j),(0.15922065375032077+0.6585246436528358j)
"(3.533333333333333, 5.857142857142856)","(3.533333333333333, 5.857142857142856)",(-2.8956920233959447-0.8095583396174734j),(-2.797299188778599-1.32825381999387j),(0.015228518497779621-0.13316842619191782j),(-0.11362135311512525+0.6518639065683146j)
"(3.5757575757575757, 5.857142857142856)","(3.5757575757575757, 5.857142857142856)",(0.19972852082905163-2.687804249657919j),(0.4552697207968904-3.0977981309945974j),(0.09979603716486342-0.1256228466415235j),(-0.3553372371327022+0.5356167279782016j)
"(3.618181818181818, 5.857142857142856)","(3.618181818181818, 5.857142857142856)",(2.7796885223154297-0.20967204878975604j),(3.1262867205039053-0.4895734592959361j),(0.1764616857780582-0.05449748207304334j),(-0.5230598839665337+0.33439889257922345j)
"(3.6606060606060606, 5.857142857142856)","(3.6606060606060606, 5.857142857142856)",(1.0225941600712747+3.016290240441149j),(1.4172145083610623+2.8611519931985514j),(0.19465400796916785+0.0660925303161077j),(-0.5892743562589556+0.08904571692648978j)
"(3.703030303030303, 5.857142857142856)","(3.703030303030303, 5.857142857142856)",(-2.736467512664526+2.2618429419627915j),(-2.314023239395674+2.230273265933577j),(0.12517649792720095+0.18371247648580685j),(-0.547620771196053-0.15214280045659193j)
"(3.7454545454545456, 5.857142857142856)","(3.7454545454545456, 5.857142857142856)",(-3.2660833318471942-1.6428126738507265j),(-2.8379408180240544-1.5327474746959602j),(-0.014232650171001457+0.23394221292461023j),(-0.4139098636521387-0.3440074120793765j)
"(3.787878787878788, 5.857142857142856)","(3.787878787878788, 5.857142857142856)",(0.21381953620951089-3.445640483962621j),(0.5967554163301372-3.1711490353676126j),(-0.16101191113135338+0.17993180161365127j),(-0.2219239689892729-0.4544232502086599j)
"(3.83030303030303, 5.857142857142856)","(3.83030303030303, 5.857142857142856)",(2.938970576018402-0.825579753022367j),(3.1940398938617327-0.39426702354910353j),(-0.24013680665800302+0.03963979726355205j),(-0.01493251118532729-0.4709525267368155j)
"(3.872727272727273, 5.857142857142856)","(3.872727272727273, 5.857142857142856)",(1.2920561660746441+2.387180780652447j),(1.335558174241945+2.9089533035242208j),(-0.2084394069649298-0.11929816295731631j),(0.16493739879762898-0.4024743599144576j)
"(3.915151515151515, 5.857142857142856)","(3.915151515151515, 5.857142857142856)",(-2.149853618300747+1.6404328021663521j),(-2.3541271934176025+2.1325674601399895j),(-0.08236910739175649-0.21680576806165838j),(0.28664268250861197-0.275328889911979j)
"(3.957575757575758, 5.857142857142856)","(3.957575757575758, 5.857142857142856)",(-2.305788910865373-1.927722270549549j),(-2.712924146808026-1.5953401613474716j),(0.07039745077078238-0.20731658524897553j),(0.3367377851718705-0.1250655239531017j)
"(4.0, 5.857142857142856)","(4.0, 5.857142857142856)",(1.2063957347559662-3.1250719602213684j),(0.7141691458727975-3.032965287691119j),(0.1715797363526511-0.10589190336818434j),(0.3206468525305176+0.013785230837934963j)
"(-0.2, 6.142857142857142)","(-0.2, 6.142857142857142)",(-0.6360976393408369-1.5990625384971509j),(-0.49596827887068873-2.1962935314177536j),(-0.5045434447032915-0.1714130901947925j),(0.36441408423314336+0.7686440831153952j)
"(-0.1575757575757576, 6.142857142857142)","(-0.1575757575757576, 6.142857142857142)",(-2.651737634399728+0.8443808624724058j),(-2.520869006528562+0.23435556374265312j),(-0.5110591610842482-0.15206577912311922j),(0.3801905332130821+0.762091077852872j)
"(-0.11515151515151516, 6.142857142857142)","(-0.11515151515151516, 6.142857142857142)",(-1.291844504761607+3.5653796965355466j),(-1.1686093754157525+2.9454895078716175j),(-0.5151595232566326-0.13713850126225205j),(0.39192439391077827+0.7570286899261812j)
"(0.1393939393939394, 6.142857142857142)","(0.1393939393939394, 6.142857142857142)",(-2.131709362945924+2.0303038912703664j),(-2.0060416440219315+1.4119248435512917j),(-0.5051419096284274-0.14589366367663295j),(0.3794741907044352+0.7642727113957078j)
"(0.18181818181818182, 6.142857142857142)","(0.18181818181818182, 6.142857142857142)",(-1.5825277804436697-0.7338569466448253j),(-1.4484826725625985-1.3420042903281515j),(-0.49745959860533767-0.16331378685635495j),(0.36341449072426646+0.7714611305396812j)
"(0.22424242424242424, 6.142857142857142)","(0.22424242424242424, 6.142857142857142)",(1.0743605454625955-1.128880231964972j),(1.2183706159151404-1.7239850697500472j),(-0.4871811897730404-0.1847818593726463j),(0.34317111932049554+0.7798866971577214j)
"(0.26666666666666666, 6.142857142857142)","(0.26666666666666666, 6.142857142857142)",(2.163356277500231+1.1925826100813972j),(2.3184358124820426+0.6132604902832787j),(-0.4737199692043465-0.20989798477908891j),(0.3186404342225349+0.7892201045772074j)
"(0.30909090909090914, 6.142857142857142)","(0.30909090909090914, 6.142857142857142)",(0.29868212097859287+2.859420227837871j),(0.46537948228083903+2.29848168613692j),(-0.4564166109747344-0.23812199717152369j),(0.28971924967248824+0.7990605388724745j)
"(0.3515151515151515, 6.142857142857142)","(0.3515151515151515, 6.142857142857142)",(-1.7854885549986115+1.6053182457787285j),(-1.6072290572224344+1.0651285686523444j),(-0.43457553902616636-0.2687445160669853j),(0.2563160412499891+0.8089341931933695j)
"(0.393939393939394, 6.142857142857142)","(0.393939393939394, 6.142857142857142)",(-1.1960179669370328-0.6527262063091264j),(-1.0068695117157025-1.1701596453282694j),(-0.40751261261365546-0.30086024527822247j),(0.21836415739232523+0.8182936842973656j)
"(0.43636363636363634, 6.142857142857142)","(0.43636363636363634, 6.142857142857142)",(1.0677883670038435-0.6507450136181849j),(1.2665665820577237-1.1439160030729218j),(-0.3746151950926768-0.3333479059077851j),(0.17583698003879675+0.826518895362522j)
"(0.4787878787878788, 6.142857142857142)","(0.4787878787878788, 6.142857142857142)",(1.6251023906661843+1.5727720917564407j),(1.8317520778133711+1.1047144080050573j),(-0.33541457711849615-0.36486215386984255j),(0.1287648899713094+0.832919837621226j)
"(0.5212121212121212, 6.142857142857142)","(0.5212121212121212, 6.142857142857142)",(-0.4382748765057413+2.774092940367786j),(-0.22585959397570737+2.3311943581941312j),(-0.2896690583524353-0.3938435961453596j),(0.07725377582240128+0.8367421783190144j)
"(0.5636363636363637, 6.142857142857142)","(0.5636363636363637, 6.142857142857142)",(-2.26847546171395+1.1524471121626902j),(-2.0525264169683806+0.7338243364362789j),(-0.23745372260373246-0.41855334033313546j),(0.02150467785816284+0.8371761160595469j)
"(0.6060606060606062, 6.142857142857142)","(0.6060606060606062, 6.142857142857142)",(-1.3121164985378435-1.0649421150737801j),(-1.0947003394167194-1.4611733214261402j),(-0.17925013802316117-0.4371380806969387j),(-0.03816602109796278+0.8333692870492987j)
"(0.6484848484848484, 6.142857142857142)","(0.6484848484848484, 6.142857142857142)",(1.0267020582880506-0.7726093152356518j),(1.2440347909142118-1.1493234621534858j),(-0.11602608077183622-0.44773019892383686j),(-0.10130665185432489+0.8244443458416709j)
"(0.6909090909090909, 6.142857142857142)","(0.6909090909090909, 6.142857142857142)",(1.3433915278359183+1.5838487314495073j),(1.5599954115956198+1.2229113784774925j),(-0.04929229929185747-0.4485844165454868j),(-0.16731158446784405+0.8095217695175017j)
"(0.7333333333333334, 6.142857142857142)","(0.7333333333333334, 6.142857142857142)",(-0.9366286879283929+2.5881823977372087j),(-0.7201027115620384+2.2386820826211804j),(0.018879108045394954-0.4382479569787708j),(-0.23540508441174943+0.787748272094799j)
"(0.7757575757575759, 6.142857142857142)","(0.7757575757575759, 6.142857142857142)",(-2.6895074396958862+0.6681580081090183j),(-2.470769400499147+0.32558198151094814j),(0.085891155061233-0.41575494778255667j),(-0.3046291942579721+0.7583309743806268j)
"(0.8181818181818183, 6.142857142857142)","(0.8181818181818183, 6.142857142857142)",(-1.4625848218878323-1.640578669909995j),(-1.237475890180687-1.9803275684400712j),(0.14872841171187484-0.3808282453069928j),(-0.3738373434190201+0.7205771438370692j)
"(0.8606060606060608, 6.142857142857142)","(0.8606060606060608, 6.142857142857142)",(1.0482920576700663-1.2171045819173523j),(1.2858436018222092-1.5569796938810727j),(0.2041439985885845-0.3340637820230578j),(-0.4416955427407274+0.6739388939867783j)
"(0.9030303030303031, 6.142857142857142)","(0.9030303030303031, 6.142857142857142)",(1.340325893303909+1.253570360666675j),(1.598089836326597+0.9125738967580959j),(0.24892914611241665-0.2770652508179482j),(-0.5066930891351044+0.6180617147265275j)
"(0.9454545454545455, 6.142857142857142)","(0.9454545454545455, 6.142857142857142)",(-0.9828616143753199+2.210781917842934j),(-0.6959515362588786+1.8704391270905152j),(0.2802545730412839-0.21249231343676572j),(-0.5671646511577252+0.5528351041891848j)
"(0.987878787878788, 6.142857142857142)","(0.987878787878788, 6.142857142857142)",(-2.629040884573824+0.2065004568359337j),(-2.3037720743434504-0.12795665878475437j),(0.2960565801398041-0.14398579636175338j),(-0.6213253903701774+0.47844291198244143j)
"(1.0303030303030305, 6.142857142857142)","(1.0303030303030305, 6.142857142857142)",(-1.220493739015844-2.0395345136578586j),(-0.8485959250659163-2.3590040349198644j),(0.29542254346931557-0.07594079837331519j),(-0.6673203574192432+0.39541031963532103j)
"(1.0727272727272728, 6.142857142857142)","(1.0727272727272728, 6.142857142857142)",(1.3561315397939442-1.428542882218974j),(1.7805067919960902-1.720071568942921j),(0.27891350126351316-0.01311504332204139j),(-0.7032887534656593+0.3046437300459883j)
"(1.1151515151515152, 6.142857142857142)","(1.1151515151515152, 6.142857142857142)",(1.5672189287666844+1.1747971991698631j),(2.0459115863551873+0.9274235962076364j),(0.2487500881322824+0.03991431927145689j),(-0.7274427457207854+0.2074592836907699j)
"(1.1575757575757577, 6.142857142857142)","(1.1575757575757577, 6.142857142857142)",(-0.8312731660832334+2.139683953341847j),(-0.3019011020920235+1.9546901251035487j),(0.20878730349201+0.0793984770738105j),(-0.73815936748322+0.10559535116448787j)
"(1.2000000000000002, 6.142857142857142)","(1.2000000000000002, 6.142857142857142)",(-2.4564331313464023+0.14329678776340815j),(-1.8865689680862232+0.03900766432661875j),(0.16421847785265775+0.10308485609192312j),(-0.734082641112837+0.0012042673448662933j)
"(1.2424242424242427, 6.142857142857142)","(1.2424242424242427, 6.142857142857142)",(-1.041419101846577-1.9876188443899014j),(-0.44817032095150794-1.9952246134530733j),(0.1209827122150528+0.11078689321121334j),(-0.7142314931101219-0.10318112414804143j)
"(1.284848484848485, 6.142857142857142)","(1.284848484848485, 6.142857142857142)",(1.3889825699753082-1.253562668844332j),(1.9821868649497847-1.153569821893177j),(0.08490308491778284+0.10471691021483359j),(-0.6781073798922593-0.20470975716598852j)
"(1.3272727272727274, 6.142857142857142)","(1.3272727272727274, 6.142857142857142)",(1.3665495998105024+1.2991680226847881j),(1.9316934345353678+1.5100268465409863j),(0.06065011591651668+0.08944691841432328j),(-0.6257939506413821-0.30030574227052137j)
"(1.3696969696969699, 6.142857142857142)","(1.3696969696969699, 6.142857142857142)",(-1.1430818328802534+2.038695728726619j),(-0.6357374654727649+2.354089818315042j),(0.050695355393809205+0.07139909861515391j),(-0.5580397228012978-0.3867931882035766j)
"(1.4121212121212123, 6.142857142857142)","(1.4121212121212123, 6.142857142857142)",(-2.678621657649094-0.16086042083377095j),(-2.2567845131052775+0.24234757901325893j),(0.0544767121479927+0.05784217520646317j),(-0.4763138566918095-0.46105017505349305j)
"(1.4545454545454546, 6.142857142857142)","(1.4545454545454546, 6.142857142857142)",(-1.1231719910260283-2.340884202428615j),(-0.8083668811890776-1.8761752843479491j),(0.06801982219141325+0.0554775858687688j),(-0.3828249320283639-0.5201865039494347j)
"(1.496969696969697, 6.142857142857142)","(1.496969696969697, 6.142857142857142)",(1.347327430626812-1.6038140188533787j),(1.5435920767266575-1.1109022121794296j),(0.08422874935494609+0.0688245848064097j),(-0.28049339545479174-0.5617363914803589j)
"(1.5393939393939395, 6.142857142857142)","(1.5393939393939395, 6.142857142857142)",(1.3394430583635155+0.8425329422905009j),(1.4183512046387492+1.3276578568871988j),(0.09396213189766583+0.09872882929113407j),(-0.1728702781728994-0.5838537438878321j)
"(1.581818181818182, 6.142857142857142)","(1.581818181818182, 6.142857142857142)",(-0.9890745954602638+1.4174559025832867j),(-1.0129258781402364+1.8615616352244675j),(0.0878493016736943+0.1413886832873713j),(-0.06399801899372176-0.5854944159285523j)
"(1.6242424242424245, 6.142857142857142)","(1.6242424242424245, 6.142857142857142)",(-2.1703117718605482-0.7701516306369157j),(-2.270694599998736-0.39186475512283486j),(0.0585966247382396+0.18828052691243066j),(0.04178620339994793-0.5665674024265115j)
"(1.6666666666666667, 6.142857142857142)","(1.6666666666666667, 6.142857142857142)",(-0.331195199110625-2.6536816990324223j),(-0.47462437190808504-2.3528881808746736j),(0.003330711210965857+0.22724223799319976j),(0.14009846158649422-0.5280357561509486j)
"(1.7090909090909092, 6.142857142857142)","(1.7090909090909092, 6.142857142857142)",(2.1412644436270685-1.5190657219690094j),(1.9890875101440888-1.2918565127709478j),(-0.0746176744512578+0.24473949953105792j),(0.22679460793423775-0.4719487087291193j)
"(1.7515151515151517, 6.142857142857142)","(1.7515151515151517, 6.142857142857142)",(1.926202048836732+1.1684207123857069j),(1.7930296149831655+1.3407866553874026j),(-0.16510321474382014+0.22902351481421518j),(0.29827564859738653-0.401389457815911j)
"(1.7939393939393942, 6.142857142857142)","(1.7939393939393942, 6.142857142857142)",(-0.5874283751827729+1.8013250233261913j),(-0.6870256754310754+1.9480942895737807j),(-0.2521885714092488+0.1735594116098675j),(0.3517858716575513-0.32032867785745706j)
"(1.8363636363636366, 6.142857142857142)","(1.8363636363636366, 6.142857142857142)",(-1.8626941808123265-0.3343278576401735j),(-1.9314448211250876-0.18080535665321848j),(-0.31692208729315285+0.0798595519932968j),(0.385672727605914-0.23338205298025183j)
"(1.8787878787878791, 6.142857142857142)","(1.8787878787878791, 6.142857142857142)",(-0.18127967537735196-2.1004775640218623j),(-0.23933440089601374-1.913796281171884j),(-0.34152040193985594-0.04120058875618312j),(0.3995751274585177-0.145480694093795j)
"(1.9212121212121216, 6.142857142857142)","(1.9212121212121216, 6.142857142857142)",(1.9752639907039315-0.9574640257669255j),(1.894862302287165-0.7256914828243286j),(-0.31410644435002055-0.17029712130119817j),(0.39450813276678715-0.06147542164139877j)
"(1.9636363636363636, 6.142857142857142)","(1.9636363636363636, 6.142857142857142)",(1.469455124856602+1.454271821913276j),(1.3294184958474944+1.7230084664283631j),(-0.23278119792205032-0.28302831590669j),(0.37281782693115784+0.014291671391602829j)
"(2.006060606060606, 6.142857142857142)","(2.006060606060606, 6.142857142857142)",(-1.0289229822683443+1.6460648268186355j),(-1.2591908669305114+1.9229397118036164j),(-0.10772305081540925-0.3552787827988993j),(0.33799093547757636+0.07840389781391834j)
"(2.0484848484848484, 6.142857142857142)","(2.0484848484848484, 6.142857142857142)",(-1.9582855113966324-0.7630692089553808j),(-2.2922831901538996-0.5223903967778j),(0.03967833915921916-0.3694015374271068j),(0.29431933959804796+0.12872272524952602j)
"(2.090909090909091, 6.142857142857142)","(2.090909090909091, 6.142857142857142)",(0.12053171817566904-2.4559970501098936j),(-0.30684079660830954-2.3010801250760484j),(0.18093348369300138-0.31953912776563076j),(0.2464390310909772+0.1646222027317856j)
"(2.1333333333333333, 6.142857142857142)","(2.1333333333333333, 6.142857142857142)",(2.468111217578514-1.0388885317156422j),(1.9822090548749507-1.0116018699922j),(0.28711776214005436-0.2143424541850774j),(0.19878440056350882+0.18705579246163512j)
"(2.175757575757576, 6.142857142857142)","(2.175757575757576, 6.142857142857142)",(1.9680102418851908+1.6158389717357684j),(1.4765469657284673+1.493277123719784j),(0.33644402998553524-0.07585820164541159j),(0.15501924617118834+0.1984200496613962j)
"(2.2181818181818183, 6.142857142857142)","(2.2181818181818183, 6.142857142857142)",(-0.5520934294730594+1.9979382941481192j),(-0.9901256038313884+1.7301357656296403j),(0.3205101411584863+0.06560042175406929j),(0.1175220331998427+0.20220210676440944j)
"(2.2606060606060607, 6.142857142857142)","(2.2606060606060607, 6.142857142857142)",(-1.5405720831825311-0.14577227840734752j),(-1.8746504554275705-0.5276670448793976j),(0.24706748304146176+0.17946676614272036j),(0.08701088920357776+0.20242800032932973j)
"(2.303030303030303, 6.142857142857142)","(2.303030303030303, 6.142857142857142)",(0.258891380924987-1.5295766433904427j),(0.05847788130533772-1.9760623318036052j),(0.13802350063507476+0.24352207109798904j),(0.06238999898457446+0.20296361731517334j)
"(2.3454545454545452, 6.142857142857142)","(2.3454545454545452, 6.142857142857142)",(2.0680923310113624-0.028969073273703266j),(2.004324727524351-0.4859824419197708j),(0.022886731911678136+0.2502585514489227j),(0.040880871575333405+0.20675481719714486j)
"(2.3878787878787877, 6.142857142857142)","(2.3878787878787877, 6.142857142857142)",(1.0540345818963086+2.286101464903707j),(1.1060289853640408+1.8623627343320424j),(-0.07046298938433532+0.20861663385257834j),(0.018468585916603067+0.21512209671908633j)
"(2.43030303030303, 6.142857142857142)","(2.43030303030303, 6.142857142857142)",(-1.6046130926835902+2.072677122414207j),(-1.4706868284309966+1.7052978704982995j),(-0.12457257331412572+0.1401379694241458j),(-0.009353690938468037+0.2272412824917617j)
"(2.4727272727272727, 6.142857142857142)","(2.4727272727272727, 6.142857142857142)",(-2.3220942102469935-0.5286125453402923j),(-2.137994327973686-0.8391587366804408j),(-0.1374857366614052+0.07060739903979876j),(-0.046614145611902365+0.23993879230034978j)
"(2.515151515151515, 6.142857142857142)","(2.515151515151515, 6.142857142857142)",(-0.14147145886981902-2.0230975055879976j),(0.07622972911285986-2.291161542656563j),(-0.12190677358409445+0.020160703343583667j),(-0.09579441439858442+0.24790333372498202j)
"(2.5575757575757576, 6.142857142857142)","(2.5575757575757576, 6.142857142857142)",(1.8878070779889962-0.42406996954439824j),(2.143116942614447-0.6642124953395744j),(-0.09846968702202571-0.004221485955969474j),(-0.15684017760342506+0.24436401175114567j)
"(2.6, 6.142857142857142)","(2.6, 6.142857142857142)",(0.9448822416483224+1.9753230056187099j),(1.2569611935462173+1.7636246234559048j),(-0.08562645286069197-0.010512280071720075j),(-0.2264524990372029+0.22221066223452512j)
"(2.6424242424242426, 6.142857142857142)","(2.6424242424242426, 6.142857142857142)",(-1.6524409832658533+1.8109946323124253j),(-1.2641594144797543+1.6521065726975277j),(-0.09042442326462055-0.01655597248236041j),(-0.2978571455214784+0.17544403209725803j)
"(2.684848484848485, 6.142857142857142)","(2.684848484848485, 6.142857142857142)",(-2.3366600680495844-0.6757061286284296j),(-1.8709312085079164-0.7365398052476608j),(-0.10452362794547128-0.03992090634589809j),(-0.36120523159619666+0.10075458296512924j)
"(2.727272727272727, 6.142857142857142)","(2.727272727272727, 6.142857142857142)",(-0.2938130658596311-2.0513067478805462j),(0.21874144257188385-1.9631692930938358j),(-0.10788046085138533-0.08709401188261182j),(-0.4046740475801296-0.001043442904098595j)
"(2.7696969696969695, 6.142857142857142)","(2.7696969696969695, 6.142857142857142)",(1.4637844815594037-0.5681490193432076j),(1.9591608753925558-0.29680214056349585j),(-0.07915842259054-0.1473142354725835j),(-0.41621797124261223-0.12403264330712829j)
"(2.812121212121212, 6.142857142857142)","(2.812121212121212, 6.142857142857142)",(0.43136234034574394+1.395842966522384j),(0.8256374525026666+1.8476125064916515j),(-0.008494166188007583-0.19480753257553488j),(-0.3857809459689151-0.25696200739373265j)
"(2.8545454545454545, 6.142857142857142)","(2.8545454545454545, 6.142857142857142)",(-1.8030460365651835+0.7696410840532499j),(-1.5889755777166619+1.353178649415797j),(0.09357694636777714-0.19955630965321264j),(-0.30764740521629874-0.3839812557093343j)
"(2.896969696969697, 6.142857142857142)","(2.896969696969697, 6.142857142857142)",(-1.8068435728336603-1.7803602206377696j),(-1.8205936602467434-1.151489755198583j),(0.19625667018986753-0.1424555990086327j),(-0.18250658277678453-0.4864148664305538j)
"(2.9393939393939394, 6.142857142857142)","(2.9393939393939394, 6.142857142857142)",(0.7857592393316662-2.7148601135046064j),(0.545390595166637-2.1415729074233263j),(0.259134145700532-0.027826444997383338j),(-0.018765501535502757-0.5454607610838964j)
"(2.981818181818182, 6.142857142857142)","(2.981818181818182, 6.142857142857142)",(2.6552180722710306-0.5969539236188561j),(2.23822311715295-0.16497907702311398j),(0.2496875172448102+0.11351280174926962j),(0.1673074378732703-0.5454876483450117j)
"(3.0242424242424244, 6.142857142857142)","(3.0242424242424244, 6.142857142857142)",(1.3894784047326039+1.8314460144603737j),(0.8766749577120007+2.0751922666799016j),(0.15992130243685232+0.23366664495305373j),(0.352882144583751-0.4774128971725815j)
"(3.066666666666667, 6.142857142857142)","(3.066666666666667, 6.142857142857142)",(-1.1495978010742678+1.4266656319118662j),(-1.67466747115946+1.4814561201052312j),(0.013720274693698313+0.2867250832592876j),(0.5113493953914938-0.34151557145265243j)
"(3.109090909090909, 6.142857142857142)","(3.109090909090909, 6.142857142857142)",(-1.4229374820318366-1.0065834124158832j),(-1.8993184206633646-1.1068892382799935j),(-0.13995022911992078+0.24932590179437578j),(0.6163311677514487-0.14902007593026542j)
"(3.1515151515151514, 6.142857142857142)","(3.1515151515151514, 6.142857142857142)",(0.8636250364191285-1.8862210514306283j),(0.463558091781009-2.097094787628777j),(-0.24629244120432783+0.13277786498344116j),(0.6463593858424473+0.07809587121470754j)
"(3.193939393939394, 6.142857142857142)","(3.193939393939394, 6.142857142857142)",(2.407709003512459+0.11778074661373561j),(2.086427149018731-0.17154914295284068j),(-0.2681335181635088-0.020024612165460268j),(0.5894153726572364+0.30935450173203655j)
"(3.2363636363636363, 6.142857142857142)","(3.2363636363636363, 6.142857142857142)",(0.9856187322221824+2.2634178925223885j),(0.7416033497126733+1.905970507156449j),(-0.20238273977764074-0.15255437727981436j),(0.4463981222871499+0.5100017626457537j)
"(3.278787878787879, 6.142857142857142)","(3.278787878787879, 6.142857142857142)",(-1.4473566403718578+1.6466632979458902j),(-1.5990553807262478+1.2194229010508355j),(-0.08094588305763835-0.219438920739943j),(0.23264462341202838+0.6466793176349976j)
"(3.3212121212121213, 6.142857142857142)","(3.3212121212121213, 6.142857142857142)",(-1.5747418139399554-0.7103073263112627j),(-1.5965615294247322-1.197994842516741j),(0.04493460635929886-0.20593554377845558j),(-0.02311489087452208+0.6936230599839339j)
"(3.3636363636363638, 6.142857142857142)","(3.3636363636363638, 6.142857142857142)",(0.567692080710375-1.3612567527809527j),(0.7209929072559936-1.8673539201404934j),(0.12923709210007855-0.13210104196175929j),(-0.2825379186456972+0.6381982093213j)
"(3.4060606060606062, 6.142857142857142)","(3.4060606060606062, 6.142857142857142)",(1.665404647061059+0.6255655795027321j),(2.017361465107442+0.18054043772256115j),(0.1518363169458675-0.03950797104337215j),(-0.5037931349922505+0.48453311282354306j)
"(3.4484848484848487, 6.142857142857142)","(3.4484848484848487, 6.142857142857142)",(-0.12155756616507352+2.3083575154132547j),(0.40320453342663787+2.0220443647848882j),(0.12429753874650924+0.03207312050323079j),(-0.6490596383382207+0.2542400301251354j)
"(3.4909090909090907, 6.142857142857142)","(3.4909090909090907, 6.142857142857142)",(-2.4697278647614724+1.0406306564741015j),(-1.8557615105859486+0.9921521972038582j),(0.07802390550509726+0.06477009255676631j),(-0.6919902596806212-0.016291633286523013j)
"(3.533333333333333, 6.142857142857142)","(3.533333333333333, 6.142857142857142)",(-2.110195850121831-1.720134509594652j),(-1.5289575120899745-1.506219822273291j),(0.04230264004511787+0.06793310801783717j),(-0.6235409780769746-0.2818477953391983j)
"(3.5757575757575757, 6.142857142857142)","(3.5757575757575757, 6.142857142857142)",(0.5586042612102589-2.376580146808525j),(0.9872873828091884-1.9458961004212314j),(0.026048638502110734+0.06596290329276487j),(-0.45473176010104027-0.4966469496800586j)
"(3.618181818181818, 6.142857142857142)","(3.618181818181818, 6.142857142857142)",(1.9801522070456636-0.20220423625576944j),(2.180600095635045+0.3441732239294482j),(0.014986688797944448+0.07694049036435754j),(-0.21543457738732555-0.6233179505495752j)
"(3.6606060606060606, 6.142857142857142)","(3.6606060606060606, 6.142857142857142)",(0.3886872585564282+1.6486155529591624j),(0.35154828155719714+2.1925857749382414j),(-0.013754060517571737+0.09669704264176414j),(0.05089303751680281-0.640667264620843j)
"(3.703030303030303, 6.142857142857142)","(3.703030303030303, 6.142857142857142)",(-1.7482762196079906+0.5671013482306163j),(-1.9744921618477373+1.0154477546098637j),(-0.06944539193970556+0.10004209523517608j),(0.29566133417945256-0.5483885016144235j)
"(3.7454545454545456, 6.142857142857142)","(3.7454545454545456, 6.142857142857142)",(-1.226395592776834-1.862004414042339j),(-1.567569866401928-1.554303375137294j),(-0.13389872572971742+0.05972196333559616j),(0.4750729993548116-0.367423002240641j)
"(3.787878787878788, 6.142857142857142)","(3.787878787878788, 6.142857142857142)",(1.3800790736377866-2.11248499638405j),(0.9883384779574989-1.947870977792777j),(-0.16755374287636499-0.028986128374866485j),(0.5592943385566527-0.1356278902164066j)
"(3.83030303030303, 6.142857142857142)","(3.83030303030303, 6.142857142857142)",(2.529773730581401+0.31269042593881247j),(2.125266015397114+0.3479908619183071j),(-0.13415167792947125-0.13575467927318385j),(0.5386593931137585+0.10045424329368927j)
"(3.872727272727273, 6.142857142857142)","(3.872727272727273, 6.142857142857142)",(0.6913709476978007+2.188102647426944j),(0.2950578164325428+2.0984672121852865j),(-0.028974879996797313-0.20625227075035754j),(0.4252880112620552+0.29588770599201486j)
"(3.915151515151515, 6.142857142857142)","(3.915151515151515, 6.142857142857142)",(-1.5310097380461665+1.1047539586923976j),(-1.8897780586799482+0.8805819797415925j),(0.1091858303679044-0.19304376249595187j),(0.24958249026587748+0.4172157414467571j)
"(3.957575757575758, 6.142857142857142)","(3.957575757575758, 6.142857142857142)",(-1.0996972179197824-1.1737468252249643j),(-1.365696649405318-1.5351661994012376j),(0.2136094250127261-0.08798844475920646j),(0.0523900064728095+0.44940781893547976j)
"(4.0, 6.142857142857142)","(4.0, 6.142857142857142)",(1.1758263636123927-1.2606071618357513j),(1.0746094367972374-1.7245604447342726j),(0.22639222594352518+0.0658991062581831j),(-0.1251752991283699+0.39805417664033815j)
"(-0.2, 6.428571428571427)","(-0.2, 6.428571428571427)",(-1.8588083922633898-0.5906613491476926j),(-1.4985494491398275-0.1001308165097588j),(0.4483011585051475-0.26430992704287015j),(-0.8085601016287098-0.2262206055950637j)
"(-0.1575757575757576, 6.428571428571427)","(-0.1575757575757576, 6.428571428571427)",(-2.010264182562798-0.05139857640162765j),(-1.6351674030493832+0.4397256922226389j),(0.43862471587176205-0.28046313261193956j),(-0.8137214953851768-0.210661136012327j)
"(-0.11515151515151516, 6.428571428571427)","(-0.11515151515151516, 6.428571428571427)",(-2.057163769002643+0.5025512731355009j),(-1.6703743279406575+0.9938088567006022j),(0.43063827642542657-0.29228356162705166j),(-0.817427717487412-0.19897402193804958j)
"(-0.07272727272727272, 6.428571428571427)","(-0.07272727272727272, 6.428571428571427)",(-2.017739936043206+1.0189976440533166j),(-1.6226083926564234+1.5101958151733574j),(0.4247228507588609-0.2999675780128718j),(-0.8198543941456433-0.19123059310716892j)
"(-0.030303030303030304, 6.428571428571427)","(-0.030303030303030304, 6.428571428571427)",(-1.9643181226367026+1.371079733941325j),(-1.5643290370155756+1.8622282789719948j),(0.42112978655701555-0.30367096482943795j),(-0.8211188721781426-0.1874775802012318j)
"(0.012121212121212116, 6.428571428571427)","(0.012121212121212116, 6.428571428571427)",(-2.003131855287193+1.4405364229540023j),(-1.6018408858496251+1.9317710842482745j),(0.41998774865661836-0.3034945078438589j),(-0.821278718094186-0.18774015345041328j)
"(0.054545454545454564, 6.428571428571427)","(0.054545454545454564, 6.428571428571427)",(-2.148472758179265+1.1757958752078426j),(-1.7494494661536901+1.6672956332266013j),(0.4213076012128608-0.299476327069072j),(-0.8203308932384361-0.19202343094968688j)
"(0.09696969696969698, 6.428571428571427)","(0.09696969696969698, 6.428571428571427)",(-2.2745508467750053+0.6231230544573332j),(-1.8813238398711478+1.1150260971543073j),(0.42498454160452637-0.2915906235897727j),(-0.8182115485083836-0.20031241910720146j)
"(0.1393939393939394, 6.428571428571427)","(0.1393939393939394, 6.428571428571427)",(-2.2242950519698703-0.062445947302012j),(-1.8402959606200497+0.4298771027393398j),(0.4307973490732083-0.2797526751496171j),(-0.814796440423029-0.21257037489173472j)
"(0.18181818181818182, 6.428571428571427)","(0.18181818181818182, 6.428571428571427)",(-1.9478667302816277-0.6907054995654034j),(-1.5763698090252598-0.19813979538206206j),(0.43840510796425997-0.26383009730649554j),(-0.8099020292206278-0.22873560687684574j)
"(0.22424242424242424, 6.428571428571427)","(0.22424242424242424, 6.428571428571427)",(-1.496621537505583-1.1465236552957194j),(-1.1406764199861876-0.6541463577249448j),(0.4473422601078513-0.2436605351833493j),(-0.8032873776272467-0.24871676238742527j)
"(0.26666666666666666, 6.428571428571427)","(0.26666666666666666, 6.428571428571427)",(-0.9200473184018436-1.375499435811311j),(-0.5824036375171782-0.8840367392290216j),(0.45701334333614607-0.21907601242792757j),(-0.7946570242208115-0.27238668415436185j)
"(0.30909090909090914, 6.428571428571427)","(0.30909090909090914, 6.428571428571427)",(-0.2901090715589435-1.2785039408878052j),(0.026866701817703124-0.7889948888132547j),(0.4666892824325586-0.1899340876493886j),(-0.7836650558092052-0.29957496442516174j)
"(0.3515151515151515, 6.428571428571427)","(0.3515151515151515, 6.428571428571427)",(0.15080157800449634-0.7786197697837636j),(0.4452146276602296-0.29240468570997197j),(0.4755075966874966-0.1561557043283169j),(-0.7699206463432299-0.3300593797454748j)
"(0.393939393939394, 6.428571428571427)","(0.393939393939394, 6.428571428571427)",(0.0573015374817345-0.09265897768307596j),(0.32781756657148337+0.38866660267407055j),(0.48247933325526404-0.11776912295698318j),(-0.752995362345013-0.36355645740016335j)
"(0.43636363636363634, 6.428571428571427)","(0.43636363636363634, 6.428571428571427)",(-0.6011027003985753+0.22340623611624288j),(-0.3551760062115046+0.6980763027425801j),(0.4865058585052867-0.07495856083889436j),(-0.7324325526923574-0.39971150578744286j)
"(0.4787878787878788, 6.428571428571427)","(0.4787878787878788, 6.428571428571427)",(-1.2622471166163227-0.2281325611151961j),(-1.0408967191085063+0.23807109978015095j),(0.4864087416569572-0.028115125115119096j),(-0.7077591391647736-0.43808853578022794j)
"(0.5212121212121212, 6.428571428571427)","(0.5212121212121212, 6.428571428571427)",(-1.2022760002646304-1.1112422054033764j),(-1.0047516222075439-0.6551952635740783j),(0.480975720011976+0.022113665183317605j),(-0.6785000980690626-0.47816060701261554j)
"(0.5636363636363637, 6.428571428571427)","(0.5636363636363637, 6.428571428571427)",(-0.37413985321718685-1.5434673940848382j),(-0.19896898526867784-1.098947076395386j),(0.46902499872438574+0.07478093123248208j),(-0.6441958666728947-0.5193012489219343j)
"(0.6060606060606062, 6.428571428571427)","(0.6060606060606062, 6.428571428571427)",(0.3975777345549426-1.0602870087570504j),(0.5525117835835988-0.6281199826711518j),(0.4494887660556228+0.1286106999883048j),(-0.6044228150842789-0.5607777260742035j)
"(0.6484848484848484, 6.428571428571427)","(0.6484848484848484, 6.428571428571427)",(0.3100397075816481-0.23934900892873612j),(0.44734181380888904+0.18040874523572295j),(0.4215146827040896+0.1819892790052421j),(-0.5588167889313305-0.6017470331697011j)
"(0.6909090909090909, 6.428571428571427)","(0.6909090909090909, 6.428571428571427)",(-0.42157714737647556-0.07389032473605672j),(-0.29905878826243065+0.3343789348107815j),(0.3845811869328289+0.2329863472550061j),(-0.5070995460468738-0.6412556068018443j)
"(0.7333333333333334, 6.428571428571427)","(0.7333333333333334, 6.428571428571427)",(-0.7797923639122728-0.744962294322014j),(-0.6693035087114951-0.3461326114362268j),(0.3386188233242174+0.2794141324140944j),(-0.44910767852499506-0.6782438152998815j)
"(0.7757575757575759, 6.428571428571427)","(0.7757575757575759, 6.428571428571427)",(-0.21987715287572301-1.3609863430290448j),(-0.11917952919136914-0.9683614455232744j),(0.2841257064417046+0.3189314212962291j),(-0.38482333012605846-0.7115563188019995j)
"(0.8181818181818183, 6.428571428571427)","(0.8181818181818183, 6.428571428571427)",(0.610158890814785-1.0929707509709259j),(0.702303431516858-0.7022071198413821j),(0.22226115164162508+0.34919572951955896j),(-0.31440569234369814-0.7399593606491027j)
"(0.8606060606060608, 6.428571428571427)","(0.8606060606060608, 6.428571428571427)",(0.7068476126058606-0.2693089762638924j),(0.7901713367160101+0.12479549681911414j),(0.1548981761663708+0.36806146513327537j),(-0.23822190027652038-0.7621659382162819j)
"(0.9030303030303031, 6.428571428571427)","(0.9030303030303031, 6.428571428571427)",(0.05028355155301115+0.05378361622220229j),(0.12254515754772138+0.4568388468861198j),(0.08461396231234862+0.37381435538543467j),(-0.15687556830705887-0.7768695860493522j)
"(0.9454545454545455, 6.428571428571427)","(0.9454545454545455, 6.428571428571427)",(-0.36337554473465045-0.47707335256996275j),(-0.30674331614015177-0.0597093691029813j),(0.014598601317737532+0.3654231844159258j),(-0.07123082991223623-0.7827871678829073j)
"(0.987878787878788, 6.428571428571427)","(0.987878787878788, 6.428571428571427)",(0.1098144109270982-1.016527881706655j),(0.14377621347364808-0.5805972696929597j),(-0.05153239375856638+0.3427799901037651j),(0.017570591212016505-0.7787106021174603j)
"(1.0303030303030305, 6.428571428571427)","(1.0303030303030305, 6.428571428571427)",(0.8460952246745972-0.6855085076877565j),(0.8480195951015542-0.22883258479764754j),(-0.11002637880094134+0.3068909073411473j),(0.10810200837398436-0.7635668302312563j)
"(1.0727272727272728, 6.428571428571427)","(1.0727272727272728, 6.428571428571427)",(0.7966748387986442+0.17373021965473823j),(0.7553902155008501+0.6502407588209753j),(-0.1573723307399686+0.2599740437285956j),(0.19865695403776276-0.7364845828948327j)
"(1.1151515151515152, 6.428571428571427)","(1.1151515151515152, 6.428571428571427)",(-0.02665961592943189+0.4261960809626363j),(-0.12318871124851356+0.9176409543069188j),(-0.1907406198685705+0.20542074925151776j),(0.28726971518765215-0.6968656225958004j)
"(1.1575757575757577, 6.428571428571427)","(1.1575757575757577, 6.428571428571427)",(-0.507213941834771-0.2713895712986052j),(-0.6705344619467599+0.22548262995762164j),(-0.2084331992721913+0.1475849801461042j),(0.3717537193841803-0.644457181402331j)
"(1.2000000000000002, 6.428571428571427)","(1.2000000000000002, 6.428571428571427)",(0.03996116478034745-0.933703698295899j),(-0.19952451181161218-0.4456664313809242j),(-0.21027399530821972+0.0913840601505988j),(0.44975967190017935-0.5794213270655737j)
"(1.2424242424242427, 6.428571428571427)","(1.2424242424242427, 6.428571428571427)",(0.8630570536217477-0.5852548372576482j),(0.542058820249897-0.12458217419194369j),(-0.19785617464359473+0.041723399744214795j),(0.5188544080154454-0.5023960628099192j)
"(1.284848484848485, 6.428571428571427)","(1.284848484848485, 6.428571428571427)",(0.7728214109401875+0.33596184617001973j),(0.3707633506066192+0.7477083818733001j),(-0.17456206563302853+0.0027956666860118632j),(0.5766201259665968-0.41454220238929224j)
"(1.3272727272727274, 6.428571428571427)","(1.3272727272727274, 6.428571428571427)",(-0.166383562026456+0.5203232929419291j),(-0.6418674060595883+0.8605463779757853j),(-0.1452881682374815-0.02265349577376529j),(0.6207720122706137-0.3175695892600908j)
"(1.3696969696969699, 6.428571428571427)","(1.3696969696969699, 6.428571428571427)",(-0.6370268709285033-0.38173988766827116j),(-1.170471894111934-0.1340396872975516j),(-0.11584528680775885-0.03396401300298377j),(0.6492903099911896-0.21373618736773578j)
"(1.4121212121212123, 6.428571428571427)","(1.4121212121212123, 6.428571428571427)",(0.13268449677968974-1.1805931343690124j),(-0.4358142638122165-1.0418259455012437j),(-0.09206194964670604-0.03295308577236228j),(0.6605607102386123-0.10581410309540633j)
"(1.4545454545454546, 6.428571428571427)","(1.4545454545454546, 6.428571428571427)",(1.2283827154183868-0.7272181061963169j),(0.653560030062862-0.706286617902432j),(-0.07869203805512025-0.023913657783546528j),(0.6535147234106451+0.0029821694896615784j)
"(1.496969696969697, 6.428571428571427)","(1.496969696969697, 6.428571428571427)",(1.2312075350430618+0.4663461534355851j),(0.6817505552228198+0.37035207504480333j),(-0.07830264474078222-0.013113885380494924j),(0.6277596245610242+0.10910796377127668j)
"(1.5393939393939395, 6.428571428571427)","(1.5393939393939395, 6.428571428571427)",(0.1771460243861605+0.8627868764852599j),(-0.31616241478776036+0.6617180195018422j),(-0.0903774973190019-0.007772096803991429j),(0.5836859364929228+0.2088409537874091j)
"(1.581818181818182, 6.428571428571427)","(1.581818181818182, 6.428571428571427)",(-0.43774933754820966+0.011144611428703766j),(-0.8493953949415826-0.27272963095123315j),(-0.11089346705786868-0.01459594974004723j),(0.5225395244512415+0.29847019211998416j)
"(1.6242424242424245, 6.428571428571427)","(1.6242424242424245, 6.428571428571427)",(0.2892209381780346-0.7768537214260416j),(-0.02463163842957841-1.1132620783631026j),(-0.13259297512467752-0.03810533396964266j),(0.44644555173229056+0.3745136909067038j)
"(1.6666666666666667, 6.428571428571427)","(1.6666666666666667, 6.428571428571427)",(1.3576813113072497-0.20976912857087493j),(1.1453801202469418-0.5646441753079665j),(-0.1460718959171847-0.07907700944780957j),(0.35837308697749254+0.4339520561849012j)
"(1.7090909090909092, 6.428571428571427)","(1.7090909090909092, 6.428571428571427)",(1.1820586410666167+1.1433331783003493j),(1.0616606919031977+0.8023900302225307j),(-0.14163434092613353-0.13351816190523524j),(0.26203229008955264+0.4744613099830539j)
"(1.7515151515151517, 6.428571428571427)","(1.7515151515151517, 6.428571428571427)",(-0.20057332704835537+1.5470076985507724j),(-0.25061793814698796+1.2449426737763927j),(-0.11165632316741256-0.19255932317879326j),(0.16170093426604518+0.49462434795317295j)
"(1.7939393939393942, 6.428571428571427)","(1.7939393939393942, 6.428571428571427)",(-1.0983133895788872+0.46210211597096407j),(-1.1073020436179901+0.21153342181307802j),(-0.052994803704515335-0.2435294359619315j),(0.061983457743618145+0.4940981301198175j)
"(1.8363636363636366, 6.428571428571427)","(1.8363636363636366, 6.428571428571427)",(-0.4390437382804579-0.6684067847005993j),(-0.4377196652960969-0.8698836834216672j),(0.03116247729656007-0.27223646728723094j),(-0.03248655028092109+0.4737133660082987j)
"(1.8787878787878791, 6.428571428571427)","(1.8787878787878791, 6.428571428571427)",(0.7478669827712421-0.3631375909877417j),(0.734623069441763-0.5324642744011098j),(0.13062506175226243-0.26615906999200184j),(-0.11738114842278333+0.43548575340537j)
"(1.9212121212121216, 6.428571428571427)","(1.9212121212121216, 6.428571428571427)",(0.734618464513673+0.857119607732546j),(0.6944748533650326+0.6925240658623087j),(0.22916630780411326-0.21792767268334928j),(-0.1890226966554729+0.38252321455358657j)
"(1.9636363636363636, 6.428571428571427)","(1.9636363636363636, 6.428571428571427)",(-0.5015883601804232+1.179940652491015j),(-0.5641366535294847+0.9893515587138058j),(0.307252449162064-0.12823310962791504j),(-0.24470415581300248+0.31882220340512424j)
"(2.006060606060606, 6.428571428571427)","(2.006060606060606, 6.428571428571427)",(-1.2139579320525606+0.03761182131794469j),(-1.2772034074126632-0.20409809340868942j),(0.346192191340422-0.007247858993142907j),(-0.28294671598031945+0.248957773719777j)
"(2.0484848484848484, 6.428571428571427)","(2.0484848484848484, 6.428571428571427)",(-0.3125290522704701-1.041325301717979j),(-0.34174913584865013-1.3451599858736796j),(0.33287639384967366+0.12614876153357582j),(-0.30365631027149365+0.17768592262212451j)
"(2.090909090909091, 6.428571428571427)","(2.090909090909091, 6.428571428571427)",(1.0563036504555208-0.5089576528899374j),(1.1005342122368251-0.8660244083589947j),(0.2639149819681611+0.24757534537002457j),(-0.30814554374946557+0.10949141009903272j)
"(2.1333333333333333, 6.428571428571427)","(2.1333333333333333, 6.428571428571427)",(1.0183578107894868+1.025989432852713j),(1.1694623869579661+0.6455094728988986j),(0.14789374421097748+0.3323520491903424j),(-0.29899832037945684+0.04812791076347194j)
"(2.175757575757576, 6.428571428571427)","(2.175757575757576, 6.428571428571427)",(-0.45746396768890074+1.5652945041181856j),(-0.18246249581668497+1.2075032911349697j),(0.004769498160848391+0.3615835379492315j),(-0.27977097003306417-0.003792324966015758j)
"(2.2181818181818183, 6.428571428571427)","(2.2181818181818183, 6.428571428571427)",(-1.4858347976688533+0.4311326425370159j),(-1.093388212780271+0.14871776991688207j),(-0.1379015565942721+0.3275124813021829j),(-0.2545450282943103-0.04509760868204911j)
"(2.2606060606060607, 6.428571428571427)","(2.2606060606060607, 6.428571428571427)",(-0.8361628999573378-0.8149917648051596j),(-0.3575074402026154-0.9752656719004761j),(-0.251284453426739+0.2364605316394885j),(-0.2273710063279834-0.07618662454417192j)
"(2.303030303030303, 6.428571428571427)","(2.303030303030303, 6.428571428571427)",(0.3919938469357823-0.5447362574008303j),(0.9062662839727095-0.5539316980682961j),(-0.31260599367888303+0.10813949124004699j),(-0.2016664433580441-0.09894405057258111j)
"(2.3454545454545452, 6.428571428571427)","(2.3454545454545452, 6.428571428571427)",(0.3325553466847374+0.6691179350480548j),(0.8236155536983248+0.8144557307930276j),(-0.3114088824436811-0.028917234292661378j),(-0.1796513245699064-0.1164205614523114j)
"(2.3878787878787877, 6.428571428571427)","(2.3878787878787877, 6.428571428571427)",(-0.998054943601135+0.8615668852155599j),(-0.5834897714370586+1.1386730569200054j),(-0.25264998762292257-0.14481791987970621j),(-0.16191518454115378-0.13228825182473933j)
"(2.43030303030303, 6.428571428571427)","(2.43030303030303, 6.428571428571427)",(-1.6744528160943057-0.532175919617292j),(-1.3719025250320316-0.16547926034212526j),(-0.15534158062144285-0.2165756791862217j),(-0.14720871044083123-0.1501209800889451j)
"(2.4727272727272727, 6.428571428571427)","(2.4727272727272727, 6.428571428571427)",(-0.5459328335028591-1.7989850831924676j),(-0.3665989987072396-1.3918670694908442j),(-0.04679858353506666-0.23452942572499844j),(-0.13253525126055288-0.1725885879766251j)
"(2.515151515151515, 6.428571428571427)","(2.515151515151515, 6.428571428571427)",(1.090095150668174-1.2661836523143637j),(1.1577931323266952-0.8608817215236135j),(0.04588513505295553-0.20461416828822787j),(-0.11358311671147675-0.2006877625025222j)
"(2.5575757575757576, 6.428571428571427)","(2.5575757575757576, 6.428571428571427)",(1.2008866912248526+0.3658005198690569j),(1.1820564684791097+0.7443777601758724j),(0.10431970861492906-0.14542429866528186j),(-0.08548948586918621-0.23315294164153372j)
"(2.6, 6.428571428571427)","(2.6, 6.428571428571427)",(-0.20685597593735877+0.9391901501658216j),(-0.28716122506957864+1.2862374921256143j),(0.12417131458363175-0.08085647512241988j),(-0.043866065451411876-0.2661908668373728j)
"(2.6424242424242426, 6.428571428571427)","(2.6424242424242426, 6.428571428571427)",(-1.0972704831806526-0.2212788058783013j),(-1.2265164173293714+0.1032885217237875j),(0.11519962406809933-0.030910651949343393j),(0.01404631008061957-0.2936566756527454j)
"(2.684848484848485, 6.428571428571427)","(2.684848484848485, 6.428571428571427)",(-0.211778628278125-1.4078027103651782j),(-0.39577752992632526-1.0958503362453824j),(0.09571791413109189-0.004216638802637541j),(0.08828098751710838-0.3077357353171584j)
"(2.727272727272727, 6.428571428571427)","(2.727272727272727, 6.428571428571427)",(1.2145063929903686-0.9256584411414334j),(0.9556746667033169-0.6300591909626538j),(0.08350563675995885+0.004517280795657113j),(0.17532608952709275-0.3001165309744367j)
"(2.7696969696969695, 6.428571428571427)","(2.7696969696969695, 6.428571428571427)",(1.2162306291217448+0.5478087576435842j),(0.8614960777720585+0.8006179586400126j),(0.08693369665336877+0.010735187613075868j),(0.2678008546963175-0.26354438860950435j)
"(2.812121212121212, 6.428571428571427)","(2.812121212121212, 6.428571428571427)",(-0.1225416255783352+0.9412484025255867j),(-0.5777128844530138+1.1035863432180963j),(0.10036801130350885+0.031209960511931027j),(0.35480324757116977-0.19354790120444051j)
"(2.8545454545454545, 6.428571428571427)","(2.8545454545454545, 6.428571428571427)",(-0.7783653699593175-0.2558247378157494j),(-1.307802725005726-0.23967357491631178j),(0.10642039285069693+0.07389718616519517j),(0.4230169621957115-0.09004834906463276j)
"(2.896969696969697, 6.428571428571427)","(2.896969696969697, 6.428571428571427)",(0.3357353441305014-1.2174329952205845j),(-0.2075137162092952-1.3902044170645553j),(0.08470899013158095+0.13128909122735166j),(0.45854007020821563+0.04148233061661911j)
"(2.9393939393939394, 6.428571428571427)","(2.9393939393939394, 6.428571428571427)",(1.7559082752112458-0.3227356108573054j),(1.2830511424453024-0.6934342718256727j),(0.023608306337620705+0.18105974356277943j),(0.4492488264283228+0.18963891740558791j)
"(2.981818181818182, 6.428571428571427)","(2.981818181818182, 6.428571428571427)",(1.4293916250910481+1.5093562989596763j),(1.1125359642077488+0.9768596784012286j),(-0.07050748160660905+0.19477475388840823j),(0.38736314248990844+0.33772186667003945j)
"(3.0242424242424244, 6.428571428571427)","(3.0242424242424244, 6.428571428571427)",(-0.4284339592203133+1.9899240190151648j),(-0.5285736611040971+1.3728590597141774j),(-0.1716260408853874+0.1515663232574924j),(0.27176574276917126+0.4654986360434949j)
"(3.066666666666667, 6.428571428571427)","(3.066666666666667, 6.428571428571427)",(-1.567162552915384+0.5680916582840382j),(-1.4345585595121604-0.03461036820223711j),(-0.2421808853634544+0.050713490183277664j),(0.10957689196023065+0.5519885363029976j)
"(3.109090909090909, 6.428571428571427)","(3.109090909090909, 6.428571428571427)",(-0.7442235518127718-0.8229026380157761j),(-0.4122879925521828-1.3184996922178946j),(-0.2484625334829384-0.08335033195299507j),(-0.0834730257776506+0.5789473861551137j)
"(3.1515151515151514, 6.428571428571427)","(3.1515151515151514, 6.428571428571427)",(0.6236009012694315-0.43008903332021375j),(1.0847206676047463-0.757289624399061j),(-0.17693284064832537-0.20731932784523155j),(-0.28418692568698944+0.5345199189240788j)
"(3.193939393939394, 6.428571428571427)","(3.193939393939394, 6.428571428571427)",(0.48424426738689924+0.9381153845877863j),(0.9924771244838956+0.7969757916698874j),(-0.04359921888135135-0.27524510059862894j),(-0.464633638215645+0.4163846935165279j)
"(3.2363636363636363, 6.428571428571427)","(3.2363636363636363, 6.428571428571427)",(-0.9815599532889914+1.1159806125149592j),(-0.49438804597132424+1.1405356745340922j),(0.10906357442449416-0.2582392214819384j),(-0.5962354817421612+0.23368415946280546j)
"(3.278787878787879, 6.428571428571427)","(3.278787878787879, 6.428571428571427)",(-1.6535338785837088-0.33537677665730437j),(-1.2265813420905411-0.18392221144318008j),(0.2277021012519053-0.15859800796582346j),(-0.6546546377450728+0.007143442751699175j)
"(3.3212121212121213, 6.428571428571427)","(3.3212121212121213, 6.428571428571427)",(-0.5006065240902566-1.499644257302051j),(-0.14599058994423167-1.2556951241055745j),(0.27003782029378265-0.010991296822306493j),(-0.6246537544398076-0.23295783637416995j)
"(3.3636363636363638, 6.428571428571427)","(3.3636363636363638, 6.428571428571427)",(0.927189105402608-0.8216273701940981j),(1.2079245770599587-0.501694269312168j),(0.2232271434685243+0.1309789184122142j),(-0.5039626151258749-0.4509120192941443j)
"(3.4060606060606062, 6.428571428571427)","(3.4060606060606062, 6.428571428571427)",(0.6695920791665084+0.6575951358500524j),(0.8652472163404376+1.051526613353649j),(0.10956715126841073+0.21738087888108182j),(-0.3052222884423399-0.6113123563846784j)
"(3.4484848484848487, 6.428571428571427)","(3.4484848484848487, 6.428571428571427)",(-0.8446626244514479+0.7282804108098533j),(-0.7655171413321226+1.190529877124721j),(-0.02381651646112887+0.22321855535793128j),(-0.055328966658196366-0.6854680216727991j)
"(3.4909090909090907, 6.428571428571427)","(3.4909090909090907, 6.428571428571427)",(-1.3346409254612492-0.8581713298857274j),(-1.415995946587419-0.3587881212381069j),(-0.12669953923155775+0.15791338590268095j),(0.20805456035772746-0.6572965945503015j)
"(3.533333333333333, 6.428571428571427)","(3.533333333333333, 6.428571428571427)",(0.15033173865129107-1.9563034678607947j),(-0.12395732158113681-1.4870683853659057j),(-0.1681887199895309+0.05817905232008291j),(0.44247778022195877-0.5274141348149719j)
"(3.5757575757575757, 6.428571428571427)","(3.5757575757575757, 6.428571428571427)",(1.8370129736409515-0.9582113258120999j),(1.3771974363458719-0.6119347939339407j),(-0.14842320272820528-0.03192648587564391j),(0.6082387400232849-0.3143500460025153j)
"(3.618181818181818, 6.428571428571427)","(3.618181818181818, 6.428571428571427)",(1.6110757628660273+0.9629768424202649j),(1.028686396374629+1.0982607305816499j),(-0.09368532118330805-0.08298436531844916j),(0.6760746876747062-0.052299522842935764j)
"(3.6606060606060606, 6.428571428571427)","(3.6606060606060606, 6.428571428571427)",(-0.10148484003890546+1.436234779210679j),(-0.6966565655628236+1.3139529625666047j),(-0.038216987886071516-0.09219693538425383j),(0.6333887134099897+0.21447875202832817j)
"(3.703030303030303, 6.428571428571427)","(3.703030303030303, 6.428571428571427)",(-0.9543714968012829+0.12276700842335558j),(-1.438204018672541-0.2379647051393382j),(-0.003695534578808864-0.07901115449863048j),(0.487528056450067+0.4397428680613243j)
"(3.7454545454545456, 6.428571428571427)","(3.7454545454545456, 6.428571428571427)",(0.06379223067276019-0.888631217792429j),(-0.21256398967993603-1.4051657598094296j),(0.01122091807180389-0.06774949806250943j),(0.2651353022808923+0.5842840400795101j)
"(3.787878787878788, 6.428571428571427)","(3.787878787878788, 6.428571428571427)",(1.275592655748439-0.050497510719282435j),(1.2432157643257016-0.6057333570085804j),(0.024976341109523525-0.06872272622824j),(0.0074005503132137385+0.6239585725175381j)
"(3.83030303030303, 6.428571428571427)","(3.83030303030303, 6.428571428571427)",(0.732056623544233+1.475162605735144j),(0.9151104583772531+0.9908723762633317j),(0.0549566104622114-0.07057033773121749j),(-0.23801044529523163+0.5548605672030298j)
"(3.872727272727273, 6.428571428571427)","(3.872727272727273, 6.428571428571427)",(-1.010242619240794+1.4786280265031153j),(-0.6831570155352223+1.1339645457157361j),(0.09962927171615338-0.04961393800561069j),(-0.4267148754217252+0.3942774187929898j)
"(3.915151515151515, 6.428571428571427)","(3.915151515151515, 6.428571428571427)",(-1.6584729464411738-0.15777520622625643j),(-1.2658057175236803-0.34413475362201484j),(0.13421300553891624+0.009374252159824525j),(-0.5268802344564099+0.1769852952359339j)
"(3.957575757575758, 6.428571428571427)","(3.957575757575758, 6.428571428571427)",(-0.4134713562119437-1.271231583805251j),(-0.012505613422198431-1.3140204167187426j),(0.12482191541848245+0.09522707355459674j),(-0.5257876582082277-0.05243824064110533j)
"(4.0, 6.428571428571427)","(4.0, 6.428571428571427)",(0.897038729579896-0.45703036254133456j),(1.2756557463801514-0.37670107718988277j),(0.05340240742113618+0.16923190870631763j),(-0.43201942422139156-0.24956119405776944j)
"(-0.2, 6.7142857142857135)","(-0.2, 6.7142857142857135)",(1.3608513578613888-1.3791227261483388j),(0.7589121303958759-1.4239302042330078j),(-0.09040862698603581+0.5007522071587572j),(0.6923478544515488-0.4559447290740882j)
"(-0.1575757575757576, 6.7142857142857135)","(-0.1575757575757576, 6.7142857142857135)",(0.9931960984078152-1.6372536957995378j),(0.3820985722419353-1.6714377909328557j),(-0.07320269585159268+0.5036672132018067j),(0.6843002220174726-0.46948311806848875j)
"(-0.11515151515151516, 6.7142857142857135)","(-0.11515151515151516, 6.7142857142857135)",(0.6381618602153949-1.7669217041042469j),(0.020088504471729846-1.7925803070493143j),(-0.060079740006795106+0.5051874280630655j),(0.6781530957504601-0.4795288251179981j)
"(-0.07272727272727272, 6.7142857142857135)","(-0.07272727272727272, 6.7142857142857135)",(0.36217436109023005-1.812959621567983j),(-0.2607656220369626-1.8324742731570207j),(-0.05112396816017179+0.5056770357715848j),(0.6740639512873644-0.4861623841825472j)
"(-0.030303030303030304, 6.7142857142857135)","(-0.030303030303030304, 6.7142857142857135)",(0.20486334432511571-1.8268351191527556j),(-0.4208998552822867-1.8427875746461224j),(-0.04637411544509414+0.5053905680252638j),(0.6721373150524965-0.4894381125318969j)
"(0.012121212121212116, 6.7142857142857135)","(0.012121212121212116, 6.7142857142857135)",(0.1856401020715096-1.8431715052397823j),(-0.44094973927476966-1.858259878573712j),(-0.04583612055094502+0.5044696633717116j),(0.6724259618972243-0.4893812900377818j)
"(0.054545454545454564, 6.7142857142857135)","(0.054545454545454564, 6.7142857142857135)",(0.3115809121192782-1.8652024260900133j),(-0.3138600930488519-1.8821577794295854j),(-0.04949045721411727+0.5029420606401755j),(0.6749314623822473-0.4859867073006035j)
"(0.09696969696969698, 6.7142857142857135)","(0.09696969696969698, 6.7142857142857135)",(0.5770808988876256-1.8608559648651952j),(-0.04522912947303207-1.8823596814012706j),(-0.05729399430289981+0.5007222830219217j),(0.6796040226635575-0.4792185664858462j)
"(0.1393939393939394, 6.7142857142857135)","(0.1393939393939394, 6.7142857142857135)",(0.9531129610364393-1.7711605679067581j),(0.335947764772019-1.7997626792697303j),(-0.06917641513573869+0.4976138532312391j),(0.686341611400159-0.46901174186826694j)
"(0.18181818181818182, 6.7142857142857135)","(0.18181818181818182, 6.7142857142857135)",(1.3736208589648982-1.533328728112057j),(0.7636638052249602-1.5713675605817974j),(-0.08503136621512652+0.4933132630218213j),(0.6949884199550644-0.45527443055208083j)
"(0.22424242424242424, 6.7142857142857135)","(0.22424242424242424, 6.7142857142857135)",(1.7339632785432733-1.1161739230122978j),(1.1333331868752343-1.1656979635922406j),(-0.10470266374029351+0.4874162856270136j),(0.7053327554083324-0.43789224504707086j)
"(0.26666666666666666, 6.7142857142857135)","(0.26666666666666666, 6.7142857142857135)",(1.9148917437040105-0.554398227437557j),(1.3257533186308927-0.6170919609335646j),(-0.1279660963172055+0.47942754914854346j),(0.7171045213903233-0.41673381565253587j)
"(0.30909090909090914, 6.7142857142857135)","(0.30909090909090914, 6.7142857142857135)",(1.8310553339273383+0.04087807870100563j),(1.2555904865172605-0.03623850078197706j),(-0.154507652617768+0.46877455861238154j),(0.7299725000278457-0.39165797912939887j)
"(0.3515151515151515, 6.7142857142857135)","(0.3515151515151515, 6.7142857142857135)",(1.4817642312151362+0.5123577365206393j),(0.9221219154184076+0.420052832663502j),(-0.18389939364338867+0.45482753184131913j),(0.7435417094401173-0.36252262798418183j)
"(0.393939393939394, 6.7142857142857135)","(0.393939393939394, 6.7142857142857135)",(0.9712444817910808+0.7212501426703632j),(0.42946799572534994+0.6135189647252336j),(-0.2155746885553692+0.4369264567406951j),(0.7573511746211-0.32919527879556537j)
"(0.43636363636363634, 6.7142857142857135)","(0.43636363636363634, 6.7142857142857135)",(0.479315246366659+0.6151628936684886j),(-0.04275213676875192+0.4923116465138231j),(-0.24880513061691423+0.414416632430231j),(0.7708725137523251-0.2915653852755654j)
"(0.4787878787878788, 6.7142857142857135)","(0.4787878787878788, 6.7142857142857135)",(0.19241809090539097+0.2637861601479593j),(-0.3084096024836574+0.12665096487116503j),(-0.28268211112084+0.38669356442602154j),(0.7835098045098884-0.24955836914922727j)
"(0.5212121212121212, 6.7142857142857135)","(0.5212121212121212, 6.7142857142857135)",(0.22396867592152458-0.15457622329852785j),(-0.25452588746293286-0.30468234178411374j),(-0.31610668868680325+0.35325738521379624j),(0.7946012520712608-0.20315126672821035j)
"(0.5636363636363637, 6.7142857142857135)","(0.5636363636363637, 6.7142857142857135)",(0.5518425542497012-0.41371170972165583j),(0.09621127386229812-0.575097838118233j),(-0.3477919468653621+0.31377591748683775j),(0.8034232272527652-0.1523897890902606j)
"(0.6060606060606062, 6.7142857142857135)","(0.6060606060606062, 6.7142857142857135)",(0.9983110286101359-0.3389350132622295j),(0.5653960989876831-0.5096826117807248j),(-0.3762823434606538+0.2681540663939947j),(0.8091972730831066-0.09740646787549938j)
"(0.6484848484848484, 6.7142857142857135)","(0.6484848484848484, 6.7142857142857135)",(1.2861264529403698+0.0795797015737991j),(0.8750202132455049-0.09858633625933297j),(-0.3999944436104115+0.216605444967411j),(0.8111006833052763-0.03843940713427894j)
"(0.6909090909090909, 6.7142857142857135)","(0.6909090909090909, 6.7142857142857135)",(1.189384106084515+0.6287671033436252j),(0.7983855735646965+0.44489799043432615j),(-0.417282695235282+0.15972009958291755j),(0.8082812277551004+0.024149013326381436j)
"(0.7333333333333334, 6.7142857142857135)","(0.7333333333333334, 6.7142857142857135)",(0.717301698690653+0.96264221291007j),(0.34395752184712053+0.7742677824693105j),(-0.4265323504879776+0.09852009927274957j),(0.79987652733151+0.08985433116801005j)
"(0.7757575757575759, 6.7142857142857135)","(0.7757575757575759, 6.7142857142857135)",(0.17212981830998209+0.8482532258076539j),(-0.18662953691644946+0.6557461986998319j),(-0.42627909986108925+0.03449288379690947j),(0.7850384550875208+0.15801414331091254j)
"(0.8181818181818183, 6.7142857142857135)","(0.8181818181818183, 6.7142857142857135)",(-0.04643300789646487+0.39755173981119635j),(-0.3940443597994085+0.20016524439604574j),(-0.4153513981443573-0.030408955239362982j),(0.762962750047301+0.2277954506545136j)
"(0.8606060606060608, 6.7142857142857135)","(0.8606060606060608, 6.7142857142857135)",(0.20595781645503441+0.03215282524723384j),(-0.13393904090835254-0.1722209713685117j),(-0.393026911180403-0.0938128480835824j),(0.7329237685437899+0.29818664469932793j)
"(0.9030303030303031, 6.7142857142857135)","(0.9030303030303031, 6.7142857142857135)",(0.6347196164188517+0.12266550042494334j),(0.2995949684428867-0.092304110060992j),(-0.35918931109153707-0.15302611070398145j),(0.694313959067502+0.3679957211899168j)
"(0.9454545454545455, 6.7142857142857135)","(0.9454545454545455, 6.7142857142857135)",(0.7450104161001722+0.6041878682962578j),(0.4127895740452359+0.37352783363239334j),(-0.3144663884282683-0.20519635394843105j),(0.6466872304832045+0.43585638861229553j)
"(0.987878787878788, 6.7142857142857135)","(0.987878787878788, 6.7142857142857135)",(0.3386921773229994+0.9928288755926786j),(0.009213314672239657+0.7401169910538704j),(-0.2603260337053657-0.24753184557387886j),(0.5898048963561254+0.5002437301126871j)
"(1.0303030303030305, 6.7142857142857135)","(1.0303030303030305, 6.7142857142857135)",(-0.24213635629248154+0.8655247328876055j),(-0.5667144427629931+0.5835960036507046j),(-0.1991042486184386-0.2775722161671091j),(0.5236823350889501+0.55950094540401j)
"(1.0727272727272728, 6.7142857142857135)","(1.0727272727272728, 6.7142857142857135)",(-0.4468622883597379+0.32917334544068766j),(-0.7615558916172044+0.010783759807039727j),(-0.13394032900658184-0.2934888281417065j),(0.4486339322640483+0.6118784137753545j)
"(1.1151515151515152, 6.7142857142857135)","(1.1151515151515152, 6.7142857142857135)",(-0.11625539301691579-0.06734234213393653j),(-0.41296867250015695-0.4285460122494074j),(-0.0686000263140562-0.2943821826958986j),(0.36531330579729737+0.6555858528113695j)
"(1.1575757575757577, 6.7142857142857135)","(1.1575757575757577, 6.7142857142857135)",(0.32478612962177483+0.06372638472541847j),(0.057219616462351366-0.34459844366026976j),(-0.007178793782515629-0.2805328510611345j),(0.2747453069419391+0.6888576794468227j)
"(1.2000000000000002, 6.7142857142857135)","(1.2000000000000002, 6.7142857142857135)",(0.3468162124775457+0.5023757045886206j),(0.12216466205217849+0.04590009447178842j),(0.0463056463476465-0.25355519205884147j),(0.1783459040777207+0.7100308021756736j)
"(1.2424242424242427, 6.7142857142857135)","(1.2424242424242427, 6.7142857142857135)",(-0.06245106477540177+0.6796911176005836j),(-0.2287771316782804+0.17846070015961443j),(0.08840020147687765-0.21640257736790147j),(0.07792586542600097+0.7176329948088707j)
"(1.284848484848485, 6.7142857142857135)","(1.284848484848485, 6.7142857142857135)",(-0.3853693941602475+0.3661803611428685j),(-0.47777088318963556-0.17111649023551015j),(0.11672724724107401-0.173181904159083j),(-0.024325758211685963+0.7104787555374616j)
"(1.3272727272727274, 6.7142857142857135)","(1.3272727272727274, 6.7142857142857135)",(-0.21503239742820263-0.042632878960616405j),(-0.21959189425277612-0.6016451934491678j),(0.13044140505885576-0.12875588649036523j),(-0.12588190823428227+0.6877682009789167j)
"(1.3696969696969699, 6.7142857142857135)","(1.3696969696969699, 6.7142857142857135)",(0.22846212373333466-0.01836064220859346j),(0.3218671362055809-0.5793995614398324j),(0.1305392259328009-0.08814425704413764j),(-0.22394423840504715+0.6491831762753766j)
"(1.4121212121212123, 6.7142857142857135)","(1.4121212121212123, 6.7142857142857135)",(0.36725651300182427+0.42784413688064593j),(0.5628666613320895-0.11135220507051423j),(0.11992747021702209-0.055777163614804455j),(-0.31553761854728735+0.5949735055659646j)
"(1.4545454545454546, 6.7142857142857135)","(1.4545454545454546, 6.7142857142857135)",(0.0003339837979663973+0.7516390845040575j),(0.29479201147047934+0.2603137292491953j),(0.10317388440673218-0.03469996456928516j),(-0.39763191207924514+0.5260253198241472j)
"(1.496969696969697, 6.7142857142857135)","(1.496969696969697, 6.7142857142857135)",(-0.4375074392937121+0.5732698023930597j),(-0.05612472017140384+0.15523613858236399j),(0.08590548257596717-0.02586919886229428j),(-0.46728820169827545+0.44390286267298995j)
"(1.5393939393939395, 6.7142857142857135)","(1.5393939393939395, 6.7142857142857135)",(-0.44685335250375313+0.1694834034855091j),(0.001088126340810942-0.15366875492625037j),(0.07388246643069801-0.02770312340218829j),(-0.5218239452752621+0.35085528181394776j)
"(1.581818181818182, 6.7142857142857135)","(1.581818181818182, 6.7142857142857135)",(-0.12985605789569232+0.09850870110068641j),(0.35727834980588546-0.11522736537550532j),(0.07185423276565485-0.03604478146030265j),(-0.5589886404672326+0.24978084793649438j)
"(1.6242424242424245, 6.7142857142857135)","(1.6242424242424245, 6.7142857142857135)",(-0.056304782242322826+0.4336921412835727j),(0.4384500397834951+0.3342007843142436j),(0.08238388330638927-0.04465159669603813j),(-0.5771387053322072+0.1441429536653672j)
"(1.6666666666666667, 6.7142857142857135)","(1.6666666666666667, 6.7142857142857135)",(-0.4782839775734934+0.6354134557819149j),(-0.00777609965086142+0.6438180765622946j),(0.1048898849278814-0.04623983658696714j),(-0.5753977628505134+0.03783521580658741j)
"(1.7090909090909092, 6.7142857142857135)","(1.7090909090909092, 6.7142857142857135)",(-0.9420045116742327+0.2711826491856545j),(-0.5233935559246343+0.3701773782857944j),(0.13517577500455225-0.03399174792551918j),(-0.5537867307541506-0.0650029811746207j)
"(1.7515151515151517, 6.7142857142857135)","(1.7515151515151517, 6.7142857142857135)",(-0.85884339085198-0.36290113128962975j),(-0.5112170296954393-0.19939021992024175j),(0.1656811175167585-0.003296659090269779j),(-0.5133074786732993-0.1602142522791182j)
"(1.7939393939393942, 6.7142857142857135)","(1.7939393939393942, 6.7142857142857135)",(-0.30521631031503094-0.5883919681259133j),(-0.03582997053255758-0.39113403126110247j),(0.1865783863083889+0.046624605851373103j),(-0.45596472609086225-0.24388254271618393j)
"(1.8363636363636366, 6.7142857142857135)","(1.8363636363636366, 6.7142857142857135)",(0.043408409998323016-0.24126608671642785j),(0.24045598301215718-0.04029168566120678j),(0.18766607890158332+0.11163226541181381j),(-0.38471365191541745-0.3126066664670349j)
"(1.8787878787878791, 6.7142857142857135)","(1.8787878787878791, 6.7142857142857135)",(-0.19245795446661396+0.0897737679164834j),(-0.04992620680847113+0.27102136478778843j),(0.16079381830853676+0.18251802411257792j),(-0.3033255659666796-0.363765620983883j)
"(1.9212121212121216, 6.7142857142857135)","(1.9212121212121216, 6.7142857142857135)",(-0.5649662976772766-0.14480446390071322j),(-0.45114237195298584+0.004882658759876954j),(0.10234701161249704+0.24606235341558189j),(-0.2161709373367878-0.39574947607617206j)
"(1.9636363636363636, 6.7142857142857135)","(1.9636363636363636, 6.7142857142857135)",(-0.3956643582141113-0.6735445668396114j),(-0.28291430306165843-0.5527405637836934j),(0.01517772942657778+0.2873240031289745j),(-0.12792778457903065-0.4081280061848925j)
"(2.006060606060606, 6.7142857142857135)","(2.006060606060606, 6.7142857142857135)",(0.2601172234854001-0.7292183585165359j),(0.3939940714101416-0.6203549445033474j),(-0.09064357383268226+0.29286713202250575j),(-0.04323327409205924-0.4017305460356943j)
"(2.0484848484848484, 6.7142857142857135)","(2.0484848484848484, 6.7142857142857135)",(0.6101255989156157-0.10557113130364743j),(0.7751531286412449+0.018739267114963733j),(-0.19872116889550626+0.2543050315180226j),(0.03369363916987716-0.3786154299366337j)
"(2.090909090909091, 6.7142857142857135)","(2.090909090909091, 6.7142857142857135)",(0.16307866758420086+0.4813730171707606j),(0.35265923601122934+0.6519876940955666j),(-0.28900243256680963+0.17130145849561984j),(0.09942186413978117-0.3419161354204258j)
"(2.1333333333333333, 6.7142857142857135)","(2.1333333333333333, 6.7142857142857135)",(-0.5612733527704046+0.2868940232592807j),(-0.37100932754478627+0.5293394273170812j),(-0.3418913335944794+0.0531183274025637j),(0.15162730836886104-0.2955637314603642j)
"(2.175757575757576, 6.7142857142857135)","(2.175757575757576, 6.7142857142857135)",(-0.65897803734725-0.4620720381485711j),(-0.5052983912433783-0.1361714430483905j),(-0.3429964516205883-0.0819999265937902j),(0.1893168055167165-0.24390066850639044j)
"(2.2181818181818183, 6.7142857142857135)","(2.2181818181818183, 6.7142857142857135)",(-0.02706850891131332-0.8316243641059416j),(0.04736204545364999-0.4305533671348072j),(-0.2873464964188019-0.2098530906074834j),(0.21291594205383857-0.1912179063636511j)
"(2.2606060606060607, 6.7142857142857135)","(2.2606060606060607, 6.7142857142857135)",(0.49038786608123675-0.41537841887833205j),(0.4480163560419681+0.031210951417840034j),(-0.18181879567972692-0.3053256084579645j),(0.2241903057189956-0.14126376183820755j)
"(2.303030303030303, 6.7142857142857135)","(2.303030303030303, 6.7142857142857135)",(0.2447236121654007+0.11278500647580196j),(0.06354082543891355+0.5579459027189873j),(-0.0448041079225941-0.3483748447069121j),(0.22598689464908125-0.09678605153627319j)
"(2.3454545454545452, 6.7142857142857135)","(2.3454545454545452, 6.7142857142857135)",(-0.3067854401700476-0.0784392523110552j),(-0.6258174756222658+0.31015845451268187j),(0.09722645181724753-0.32942147321947857j),(0.22180558363497063-0.05917623360425849j)
"(2.3878787878787877, 6.7142857142857135)","(2.3878787878787877, 6.7142857142857135)",(-0.1989559076611687-0.7914014319632349j),(-0.6298995995473494-0.5106104735822609j),(0.2157061305417584-0.25250835901907387j),(0.21523756134442232-0.028282599361900182j)
"(2.43030303030303, 6.7142857142857135)","(2.43030303030303, 6.7142857142857135)",(0.6879010883081833-0.991977666069273j),(0.1914793652649169-0.8545137108255081j),(0.28708652122709716-0.13501686323131484j),(0.20933520181616927-0.0024470920124499774j)
"(2.4727272727272727, 6.7142857142857135)","(2.4727272727272727, 6.7142857142857135)",(1.3646172888126904-0.19478303962992902j),(0.8595279854944157-0.21235771898306993j),(0.29908776680620514-0.0036290777548982755j),(0.2060015365120696+0.02120375710803919j)
"(2.515151515151515, 6.7142857142857135)","(2.515151515151515, 6.7142857142857135)",(0.9930316950640168+0.8122495593458772j),(0.5334394483008993+0.6534185186308851j),(0.2540898700197036+0.11261304276301465j),(0.20550237674341387+0.04621799795197742j)
"(2.5575757575757576, 6.7142857142857135)","(2.5575757575757576, 6.7142857142857135)",(0.016739435365696553+0.941345829868576j),(-0.3578174219013309+0.6750357171912776j),(0.16835150443802588+0.19023614738898834j),(0.2062053528290016+0.07607396528831004j)
"(2.6, 6.7142857142857135)","(2.6, 6.7142857142857135)",(-0.3913328789846004+0.22360262258633878j),(-0.6629590771080647-0.10749544596764694j),(0.0669923010263373+0.2177747947802403j),(0.20463389709712693+0.11332327377374542j)
"(2.6424242424242426, 6.7142857142857135)","(2.6424242424242426, 6.7142857142857135)",(0.12822204295555653-0.2431517138859729j),(-0.0438011904966818-0.6003910645335522j),(-0.02386557284492771+0.1984883135975193j),(0.19588880629716604+0.15875103705006j)
"(2.684848484848485, 6.7142857142857135)","(2.684848484848485, 6.7142857142857135)",(0.6624050293052208+0.21664801306482045j),(0.573214243414717-0.14228270708667803j),(-0.08524604350877547+0.1482218410002379j),(0.17443682939927918+0.21070887915126058j)
"(2.727272727272727, 6.7142857142857135)","(2.727272727272727, 6.7142857142857135)",(0.2987480776592206+0.9370728270707137j),(0.274406371166886+0.5833360861008823j),(-0.11085809789785774+0.08895654924693847j),(0.13519980439019236+0.264780191722893j)
"(2.7696969696969695, 6.7142857142857135)","(2.7696969696969695, 6.7142857142857135)",(-0.5889165343570539+0.8376835152230055j),(-0.5558696038144508+0.4834878714807237j),(-0.1078550424421351+0.04028279953755423j),(0.07480811189953196+0.3139128442047277j)
"(2.812121212121212, 6.7142857142857135)","(2.812121212121212, 6.7142857142857135)",(-0.826753844904729-0.044828010628818415j),(-0.7272404330922763-0.40597282670456j),(-0.09233414881663671+0.0120453825879417j),(-0.007179262995816086+0.34909943348779987j)
"(2.8545454545454545, 6.7142857142857135)","(2.8545454545454545, 6.7142857142857135)",(-0.07827328546747306-0.5411103244511954j),(0.1102519870182615-0.9029334026893177j),(-0.08120015135221453+0.0012213939281611867j),(-0.10732512113352002+0.36060168430996103j)
"(2.896969696969697, 6.7142857142857135)","(2.896969696969697, 6.7142857142857135)",(0.6142726869027054+0.06566415343839305j),(0.9158527747263973-0.26853458937640556j),(-0.08370418275449448-0.00541384967286517j),(-0.21787590506919727+0.3396125924876638j)
"(2.9393939393939394, 6.7142857142857135)","(2.9393939393939394, 6.7142857142857135)",(0.1926921754913824+0.9964821157207839j),(0.6161687313073102+0.7399939946598327j),(-0.09644177612499613-0.023654334095026187j),(-0.32703477969093164+0.28014245515597735j)
"(2.981818181818182, 6.7142857142857135)","(2.981818181818182, 6.7142857142857135)",(-0.9560680825026946+0.950699377998006j),(-0.43156729887302475+0.8322932122700076j),(-0.10444485393342008-0.06241697589091969j),(-0.4200559296962498+0.18082314161891805j)
"(3.0242424242424244, 6.7142857142857135)","(3.0242424242424244, 6.7142857142857135)",(-1.4509172388695468-0.1624667321381646j),(-0.881286715195015-0.09188381058518538j),(-0.08849299999765527-0.11685398967434495j),(-0.4811375236768767+0.046271068121365735j)
"(3.066666666666667, 6.7142857142857135)","(3.066666666666667, 6.7142857142857135)",(-0.7227660166140076-1.0790671400452074j),(-0.19099693530387055-0.7989607817979996j),(-0.03583750006908704-0.16775997995382666j),(-0.4959315812410501-0.11234637829338116j)
"(3.109090909090909, 6.7142857142857135)","(3.109090909090909, 6.7142857142857135)",(0.2534311124377333-0.8496750256678931j),(0.6572469521658102-0.38334475391961764j),(0.05051313761084696-0.18850989492632197j),(-0.45432897733892386-0.27782037682195354j)
"(3.1515151515151514, 6.7142857142857135)","(3.1515151515151514, 6.7142857142857135)",(0.3031718394676595-0.07125378412520667j),(0.5073896499918732+0.5146468794760228j),(0.14883192600889336-0.1572842007748956j),(-0.35304973653310706-0.4286164628263339j)
"(3.193939393939394, 6.7142857142857135)","(3.193939393939394, 6.7142857142857135)",(-0.3576461175603065-0.0023573466396710208j),(-0.38473325328614494+0.6087565366221258j),(0.22459393592274887-0.06939590617227827j),(-0.19750680019691047-0.5417179770895185j)
"(3.2363636363636363, 6.7142857142857135)","(3.2363636363636363, 6.7142857142857135)",(-0.4734516890572387-0.7791474101216075j),(-0.7148960063764893-0.23921084291680916j),(0.2438883765102582+0.056343136092815396j),(-0.002444059191007585-0.5962797032976137j)
"(3.278787878787879, 6.7142857142857135)","(3.278787878787879, 6.7142857142857135)",(0.4368866870363024-1.2076970454650868j),(0.038835927114050324-0.8114663727672303j),(0.18904224174140122+0.1813183094350754j),(0.20900851818085087-0.577548982132932j)
"(3.3212121212121213, 6.7142857142857135)","(3.3212121212121213, 6.7142857142857135)",(1.3264565573506157-0.4498865342055891j),(0.8491978668381143-0.23022096270316503j),(0.06928466360619119+0.2606855744250814j),(0.4079740269063103-0.4803511459275055j)
"(3.3636363636363638, 6.7142857142857135)","(3.3636363636363638, 6.7142857142857135)",(1.0219254941157614+0.7246110248887234j),(0.5373206100754266+0.7742018729422414j),(-0.07934901472110373+0.26179849021785273j),(0.5639538987614385-0.31138933827137066j)
"(3.4060606060606062, 6.7142857142857135)","(3.4060606060606062, 6.7142857142857135)",(-0.11831937120281244+0.9053547823747944j),(-0.5619772717722167+0.8156408515294884j),(-0.20623369068170816+0.17942428217559442j),(0.6498915912511124-0.08971035133028844j)
"(3.4484848484848487, 6.7142857142857135)","(3.4484848484848487, 6.7142857142857135)",(-0.6100920528774687-0.040226434236655506j),(-0.9912922370108996-0.23552240640498126j),(-0.2661374830968611+0.04024290590910844j),(0.647337667230292+0.15505306625921733j)
"(3.4909090909090907, 6.7142857142857135)","(3.4909090909090907, 6.7142857142857135)",(0.17118858787774288-0.7359303217351003j),(-0.14116300796434975-1.0160892864857318j),(-0.23836307834491108-0.10650310940428033j),(0.5507146741870037+0.3866620741549119j)
"(3.533333333333333, 6.7142857142857135)","(3.533333333333333, 6.7142857142857135)",(1.1205067491782832-0.1297585473502113j),(0.8868229843496835-0.4888724093758128j),(-0.13601837768446223-0.20889679971965636j),(0.369702142513062+0.5680106617452578j)
"(3.5757575757575757, 6.7142857142857135)","(3.5757575757575757, 6.7142857142857135)",(0.8722109611060535+1.0765616736844819j),(0.7436934788967409+0.6428727455383029j),(-0.00048407746441052053-0.2340297485718789j),(0.1290015596737231+0.6677186767180577j)
"(3.618181818181818, 6.7142857142857135)","(3.618181818181818, 6.7142857142857135)",(-0.3638217548183351+1.3622337965972464j),(-0.3458771564741659+0.8771441813040665j),(0.11687098493688734-0.1812672805240174j),(-0.1348155832810566+0.6663568958171974j)
"(3.6606060606060606, 6.7142857142857135)","(3.6606060606060606, 6.7142857142857135)",(-1.099917261382006+0.4269654892037268j),(-0.8980211809135475-0.053458134645684725j),(0.17719601625552572-0.08056203657914271j),(-0.3790920967239842+0.5609856604285542j)
"(3.703030303030303, 6.7142857142857135)","(3.703030303030303, 6.7142857142857135)",(-0.5926004850603936-0.44777912206335224j),(-0.19988503736726804-0.8380258410231258j),(0.16989369105461574+0.02337252990122792j),(-0.5626091387477413+0.36687418905854563j)
"(3.7454545454545456, 6.7142857142857135)","(3.7454545454545456, 6.7142857142857135)",(0.1910724866966821-0.1984086839719954j),(0.7307014139691642-0.40702643472662475j),(0.11383321086507994+0.09287861771435482j),(-0.653462138137562+0.11573913304027449j)
"(3.787878787878788, 6.7142857142857135)","(3.787878787878788, 6.7142857142857135)",(-0.01353194389064527+0.5592224572996789j),(0.5782303887764851+0.5949565164656314j),(0.04389288712437265+0.11373393875565857j),(-0.6356552197915031-0.14946799792161108j)
"(3.83030303030303, 6.7142857142857135)","(3.83030303030303, 6.7142857142857135)",(-0.9527387488178444+0.43949817767205324j),(-0.43054296234349415+0.7243184285101435j),(-0.009312136329884554+0.09759712051624767j),(-0.5128836501444657-0.38241737135433795j)
"(3.872727272727273, 6.7142857142857135)","(3.872727272727273, 6.7142857142857135)",(-1.185928613585281-0.6985306422614486j),(-0.8426430510036085-0.22602252803867892j),(-0.03483335788648407+0.06989999731713276j),(-0.30845220469518825-0.5424081115399024j)
"(3.915151515151515, 6.7142857142857135)","(3.915151515151515, 6.7142857142857135)",(-0.1305657307805723-1.464460159096785j),(-0.026377895968269324-0.912933591454364j),(-0.043121681576717884+0.051095950185041435j),(-0.06106615323558509-0.6026225178274622j)
"(3.957575757575758, 6.7142857142857135)","(3.957575757575758, 6.7142857142857135)",(1.033755019522098-0.8298186479401355j),(0.9045297757843551-0.31734466411331663j),(-0.053600522155874124+0.04325584159637627j),(0.182825765893617-0.5557298254231952j)
"(4.0, 6.7142857142857135)","(4.0, 6.7142857142857135)",(0.9173587439366174+0.40632654348525243j),(0.615369516328156+0.7909434536579999j),(-0.07659265803946294+0.03080160000837146j),(0.3785818856479244-0.41541851018111897j)
"(-0.2, 7.0)","(-0.2, 7.0)",(0.40358265239533037+1.704501158900594j),(0.8257024676184697+1.2802130446655218j),(-0.31324606561242613-0.38721897456613436j),(-0.10887374961071321+0.8115070888012066j)
"(-0.1575757575757576, 7.0)","(-0.1575757575757576, 7.0)",(0.6631268823655073+1.5543332347587122j),(1.0828193336408032+1.1169691741334455j),(-0.3257275186623988-0.37682602845959107j),(-0.09396493261289708+0.8141900890848576j)
"(-0.11515151515151516, 7.0)","(-0.11515151515151516, 7.0)",(0.841619209869223+1.3979745526383616j),(1.2591719042654919+0.9504125316097379j),(-0.33475844411636646-0.36849501640039695j),(-0.08279425027990235+0.8160570374290206j)
"(-0.07272727272727272, 7.0)","(-0.07272727272727272, 7.0)",(0.9514705789594251+1.2720737555851025j),(1.3674063915733379+0.8172949247938792j),(-0.34053482620604886-0.3624897460237906j),(-0.07540098640786397+0.8172685768150139j)
"(-0.030303030303030304, 7.0)","(-0.030303030303030304, 7.0)",(1.0077185084565505+1.200704661482899j),(1.4227336018348562+0.7417540720885232j),(-0.3432044696725807-0.35898121541633576j),(-0.07181062370572494+0.8179318048107115j)
"(0.012121212121212116, 7.0)","(0.012121212121212116, 7.0)",(1.0201669834015956+1.1965445687558083j),(1.4350626534692341+0.7364990219485746j),(-0.3428581786185136-0.35805388062526994j),(-0.07203749144912476+0.8180994274325036j)
"(0.054545454545454564, 7.0)","(0.054545454545454564, 7.0)",(0.9889161853771502+1.2622673050015543j),(1.404527481711731+0.8042077493980716j),(-0.33952521100243255-0.3597097221131285j),(-0.07608608533214835+0.8177692777166112j)
"(0.09696969696969698, 7.0)","(0.09696969696969698, 7.0)",(0.903525382388843+1.3902666949309208j),(1.320649169617915+0.93725230638701j),(-0.33317274954157977-0.36386976324935005j),(-0.0839510376874923+0.8168841517932608j)
"(0.1393939393939394, 7.0)","(0.1393939393939394, 7.0)",(0.7460777653559554+1.5604092865502959j),(1.165402775803875+1.1154503044994342j),(-0.3237092800402132-0.3703729808278907j),(-0.09561573040770635+0.8153319628787524j)
"(0.18181818181818182, 7.0)","(0.18181818181818182, 7.0)",(0.49853025892993547+1.7373170879849205j),(0.9205717415635069+1.303343650897088j),(-0.31099192556918137-0.37897282457483056j),(-0.11104955706439008+0.812946261662663j)
"(0.22424242424242424, 7.0)","(0.22424242424242424, 7.0)",(0.15406007834705326+1.8703226803970898j),(0.5791018589288676+1.4501473030004612j),(-0.29483792345803855-0.3893318418651323j),(-0.13020385712377575+0.809507219261761j)
"(0.26666666666666666, 7.0)","(0.26666666666666666, 7.0)",(-0.2698808252622017+1.89996425701111j),(0.15816626641391507+1.4962362372399833j),(-0.2750405256686058-0.40101519553571685j),(-0.15300656600751097+0.8047432153068436j)
"(0.30909090909090914, 7.0)","(0.30909090909090914, 7.0)",(-0.7220423323193944+1.7735597614030114j),(-0.29129705529414224+1.3887107155819471j),(-0.25138962486053484-0.41348417180730074j),(-0.1793556521647174+0.7983332176283651j)
"(0.3515151515151515, 7.0)","(0.3515151515151515, 7.0)",(-1.118801111710557+1.4681985350256894j),(-0.6859923330904965+1.1043794539924665j),(-0.2236973303633101-0.4260910988116082j),(-0.20911144825675035+0.7899101798448311j)
"(0.393939393939394, 7.0)","(0.393939393939394, 7.0)",(-1.362685351282731+1.0131805662914761j),(-0.9287688093572134+0.6721922691625967j),(-0.1918285122603685-0.4380774197562938j),(-0.24208802966514903+0.7790657168851733j)
"(0.43636363636363634, 7.0)","(0.43636363636363634, 7.0)",(-1.3775052917804806+0.4987629438575339j),(-0.9437254686012099+0.181983560344528j),(-0.1557359721120476-0.4485769599645632j),(-0.27804385106722324+0.7653563434775691j)
"(0.4787878787878788, 7.0)","(0.4787878787878788, 7.0)",(-1.1488245834760833+0.058882370695557684j),(-0.7166532957821166-0.23280255379055662j),(-0.11549936627454815-0.45662664920025003j),(-0.3166719214194185+0.7483115736863644j)
"(0.5212121212121212, 7.0)","(0.5212121212121212, 7.0)",(-0.7492801234330317-0.17451459925580204j),(-0.32032394843856893-0.4407717282016282j),(-0.07136629582801804-0.4611870478924139j),(-0.3575898791664448+0.72744417683824j)
"(0.5636363636363637, 7.0)","(0.5636363636363637, 7.0)",(-0.32841171954213944-0.13124829316534492j),(0.09571180223334384-0.37233625517234825j),(-0.02379310015537385-0.46117490025768243j),(-0.4003304216201094+0.7022628622646858j)
"(0.6060606060606062, 7.0)","(0.6060606060606062, 7.0)",(-0.06052425677998591+0.1517572447295974j),(0.357290279693315-0.06502086279746196j),(0.02651810615499039-0.4555095098874445j),(-0.4443326426282913+0.6722876174145038j)
"(0.6484848484848484, 7.0)","(0.6484848484848484, 7.0)",(-0.06722951110473091+0.5289359065739252j),(0.3431147790212398+0.33504197380429435j),(0.07859064653967604-0.44317391337025297j),(-0.48893493666564675+0.6370678461398838j)
"(0.6909090909090909, 7.0)","(0.6909090909090909, 7.0)",(-0.3509495240389937+0.8002260144379507j),(0.05126252971637594+0.6273132103402616j),(0.13115817544293012-0.4232905375354136j),(-0.5333702291982998+0.5962033416331027j)
"(0.7333333333333334, 7.0)","(0.7333333333333334, 7.0)",(-0.7782877388317392+0.8036463411340178j),(-0.38419268974480464+0.6494875865647263j),(0.18266933527572518-0.3952092230786706j),(-0.5767643843626598+0.5493679776479622j)
"(0.7757575757575759, 7.0)","(0.7757575757575759, 7.0)",(-1.1327404330480522+0.5034315407107297j),(-0.7459201241121329+0.36569893116102803j),(0.23131840223029196-0.35860320019561553j),(-0.6181387111662111+0.4963358097453172j)
"(0.8181818181818183, 7.0)","(0.8181818181818183, 7.0)",(-1.2216377784320622+0.0237680587748213j),(-0.8403277606906671-0.0996750657654549j),(0.2751075081422886-0.3135659204840759j),(-0.6564175258836839+0.43700904502435206j)
"(0.8606060606060608, 7.0)","(0.8606060606060608, 7.0)",(-0.9876527766767274-0.40292701857485186j),(-0.6091554046701456-0.5136752710114121j),(0.31194434445610114-0.2606988145115116j),(-0.6904417164626828+0.3714470669480719j)
"(0.9030303030303031, 7.0)","(0.9030303030303031, 7.0)",(-0.5587890999180338-0.5619799101755607j),(-0.17957623453988197-0.6606978800325428j),(0.33977631317852053-0.20117742851657372j),(-0.7189891785566723+0.2998953983735558j)
"(0.9454545454545455, 7.0)","(0.9454545454545455, 7.0)",(-0.18918592643605658-0.39458203371797684j),(0.19485912199718453-0.48061368204483135j),(0.3567577873878585-0.13678151447562734j),(-0.7408028358210996+0.22281316280248184j)
"(0.987878787878788, 7.0)","(0.987878787878788, 7.0)",(-0.10235656498460588-0.05601836607990224j),(0.2908285640063927-0.12704150199756287j),(0.3614415747783018-0.06987414331399253j),(-0.7546267037693004+0.14089727923165316j)
"(1.0303030303030305, 7.0)","(1.0303030303030305, 7.0)",(-0.326325552553335+0.17100722490617976j),(0.07994532725023328+0.11922237576066745j),(0.3529792141315981-0.003316475348248078j),(-0.7592500939351664+0.0551013244937604j)
"(1.0727272727272728, 7.0)","(1.0727272727272728, 7.0)",(-0.6489074980064333+0.07857207240375666j),(-0.22665601622117676+0.05223441536150416j),(0.3313080936726598+0.05969090689942738j),(-0.7535595754579164-0.03335324985717489j)
"(1.1151515151515152, 7.0)","(1.1151515151515152, 7.0)",(-0.761829024683658-0.28806186480992274j),(-0.3225289613652057-0.28092764993839014j),(0.2972976509424925+0.11584179849394245j),(-0.7365977142609448-0.12297601336547505j)
"(1.1575757575757577, 7.0)","(1.1575757575757577, 7.0)",(-0.5132218010015885-0.6384763399341591j),(-0.0584184094784836-0.5884817500909365j),(0.25282351456524677+0.16202446146306346j),(-0.7076269060883517-0.212019051306286j)
"(1.2000000000000002, 7.0)","(1.2000000000000002, 7.0)",(-0.062014098835261655-0.6664307573939985j),(0.4034427468440009-0.5635934699425036j),(0.20073898697562056+0.19566609465081763j),(-0.6661958326548831-0.29850338210231253j)
"(1.2424242424242427, 7.0)","(1.2424242424242427, 7.0)",(0.23206769904483493-0.32935320161970577j),(0.6995536553931746-0.16417654840189205j),(0.14471928372572895+0.2150855806508869j),(-0.6122052400740686-0.3802622338687006j)
"(1.284848484848485, 7.0)","(1.284848484848485, 7.0)",(0.12517059101946337+0.08434555200453514j),(0.5821729775863885+0.3195426714610646j),(0.08896653700612846+0.2198053454013268j),(-0.5459689235730536-0.4550024648578563j)
"(1.3272727272727274, 7.0)","(1.3272727272727274, 7.0)",(-0.26819512403635215+0.20214442623213424j),(0.16228702026748867+0.5117646345784809j),(0.03778293454130554+0.21076426263610692j),(-0.4682650788451464-0.5203844709824536j)
"(1.3696969696969699, 7.0)","(1.3696969696969699, 7.0)",(-0.5636876578509463-0.07669883854554227j),(-0.17835933986804392+0.30704860520413896j),(-0.004955676056406097+0.19037224185127805j),(-0.3803726419264963-0.5741196856009593j)
"(1.4121212121212123, 7.0)","(1.4121212121212123, 7.0)",(-0.4764252105174663-0.4706285510001225j),(-0.15597247183882929-0.018902013911674884j),(-0.03636574562169176+0.1623567265168528j),(-0.28408699305694524-0.6140832636053004j)
"(1.4545454545454546, 7.0)","(1.4545454545454546, 7.0)",(-0.11223228715556663-0.5931517042628772j),(0.12455327347966562-0.0860879224059241j),(-0.0550760021326624+0.13137402820510752j),(-0.18170955850256984-0.6384378100620607j)
"(1.496969696969697, 7.0)","(1.496969696969697, 7.0)",(0.13837010744742884-0.35621430824211525j),(0.2759753114311935+0.1871534475278857j),(-0.06159868782248536+0.1023944055733873j),(-0.07600651616127933-0.6457621613433883j)
"(1.5393939393939395, 7.0)","(1.5393939393939395, 7.0)",(0.019057977170081432-0.06960019835583275j),(0.047638426729291444+0.48566097947517417j),(-0.05844736382059761+0.0799162193253847j),(0.0298669142613876-0.6351773971563917j)
"(1.581818181818182, 7.0)","(1.581818181818182, 7.0)",(-0.3034250822360637-0.10520116066047958j),(-0.38598716124799265+0.4341446103501143j),(-0.049916104511473554+0.06711487195932139j),(0.1324781835234025-0.6064606429699153j)
"(1.6242424242424245, 7.0)","(1.6242424242424245, 7.0)",(-0.41338507517753237-0.4774057776509748j),(-0.6001698909995805+0.0176537389175421j),(-0.04147930991810455+0.0650765231833129j),(0.2282641257401527-0.5601360397518298j)
"(1.6666666666666667, 7.0)","(1.6666666666666667, 7.0)",(-0.10965343574779696-0.813101848070426j),(-0.38452257302680615-0.38786230278828476j),(-0.03883936166828184+0.0722922159207665j),(0.313708498947291-0.49753176120290765j)
"(1.7090909090909092, 7.0)","(1.7090909090909092, 7.0)",(0.3618518247835524-0.7632595381246092j),(0.023042450668569407-0.4270494131432939j),(-0.04673321742866131+0.0845822737801577j),(0.3855425915436443-0.420792398761473j)
"(1.7515151515151517, 7.0)","(1.7515151515151517, 7.0)",(0.5844692368474791-0.3936917867074699j),(0.21120588846557595-0.1564280992090881j),(-0.0676940432399004+0.09557394547948186j),(0.4409573916218035-0.3328376329778637j)
"(1.7939393939393942, 7.0)","(1.7939393939393942, 7.0)",(0.44442438523260797-0.09650619218392065j),(0.06764160330689853+0.04299025812063994j),(-0.10102950742448863+0.09776456971011202j),(0.47781228935019804-0.2372610200146726j)
"(1.8363636363636366, 7.0)","(1.8363636363636366, 7.0)",(0.24275271126616782-0.12026112828471985j),(-0.10976847118302958-0.06616999971161591j),(-0.1423012426745032+0.08407585824429503j),(0.4948224251237006-0.13816698681739897j)
"(1.8787878787878791, 7.0)","(1.8787878787878791, 7.0)",(0.3074209411090606-0.281526318510116j),(-0.0007341666703369362-0.2912392898694061j),(-0.1835500134110464+0.04966260827500454j),(0.4917051211904439-0.03994963691571445j)
"(1.9212121212121216, 7.0)","(1.9212121212121216, 7.0)",(0.5771727954962858-0.21334847265652118j),(0.32230488197174184-0.2599382543411499j),(-0.21439794991950595-0.006386798824770587j),(0.4692658634440499+0.05297658050939935j)
"(1.9636363636363636, 7.0)","(1.9636363636363636, 7.0)",(0.6767816306337899+0.15223277590539824j),(0.47135422676563854+0.09564704260065844j),(-0.22397909073514843-0.0798916732295635j),(0.42940649460329977+0.13647740653430332j)
"(2.006060606060606, 7.0)","(2.006060606060606, 7.0)",(0.3995444372527018+0.4745989015340067j),(0.2279311495728821+0.42896678614940914j),(-0.20342966990931302-0.1613748834739138j),(0.3750429575891327+0.20700699885851132j)
"(2.0484848484848484, 7.0)","(2.0484848484848484, 7.0)",(-0.008847812900206475+0.4199778711075999j),(-0.17031704249421584+0.39517377069902854j),(-0.14845794019366512-0.23709084956158152j),(0.3099271697876745+0.26189494997015283j)
"(2.090909090909091, 7.0)","(2.090909090909091, 7.0)",(-0.13752961794660049+0.08501905495587997j),(-0.31453558356416683+0.07675515309370172j),(-0.06137120576099361-0.29131611836305865j),(0.23837717137855993+0.2995800202252369j)
"(2.1333333333333333, 7.0)","(2.1333333333333333, 7.0)",(0.08332074534156511-0.11770995759913233j),(-0.12968420572195985-0.12785785940443933j),(0.048074014965031164-0.30961063315686843j),(0.1649309360984938+0.31975853496217543j)
"(2.175757575757576, 7.0)","(2.175757575757576, 7.0)",(0.30647432391860585+0.02162649894261015j),(0.04905025764391718-0.019362160009897097j),(0.1634729689985405-0.2824308032753009j),(0.0939510972761482+0.32341946222780815j)
"(2.2181818181818183, 7.0)","(2.2181818181818183, 7.0)",(0.2300775651767839+0.2548692688497289j),(-0.06350705049978116+0.150360155183467j),(0.26436575299032256-0.20823768012867308j),(0.029218862686242512+0.312746793794935j)
"(2.2606060606060607, 7.0)","(2.2606060606060607, 7.0)",(-0.0007942638585165147+0.22695106401147974j),(-0.30466555531171835+0.03125778997120102j),(0.3303074855546635-0.09518969508695105j),(-0.026436194101461658+0.2908829691272298j)
"(2.303030303030303, 7.0)","(2.303030303030303, 7.0)",(0.004725603429640929-0.020012982076273278j),(-0.2694805014179352-0.32087232066868004j),(0.3456259548720876+0.03929534286730636j),(-0.07141985002451143+0.2615639957251004j)
"(2.3454545454545452, 7.0)","(2.3454545454545452, 7.0)",(0.32542381458276076-0.07162928555292966j),(0.12722237972831757-0.4716605342380123j),(0.3037235642617452+0.17137512005044897j),(-0.105522129407302+0.22865612863463367j)
"(2.3878787878787877, 7.0)","(2.3878787878787877, 7.0)",(0.5600019519220734+0.30303463652656426j),(0.48020744851852315-0.16826161133778103j),(0.2096873173724752+0.275653060131913j),(-0.129892813968925+0.1956431877324323j)
"(2.43030303030303, 7.0)","(2.43030303030303, 7.0)",(0.3139410135908089+0.7890724796665998j),(0.38053374964337755+0.29287224155372293j),(0.08022991347241049+0.3310703660473746j),(-0.14682264952497914+0.16512987206550225j)
"(2.4727272727272727, 7.0)","(2.4727272727272727, 7.0)",(-0.268960427926762+0.8707724323135619j),(-0.05022211404949873+0.4060038931223931j),(-0.059404179620240985+0.32633206244954044j),(-0.15933413425702228+0.1384364767416284j)
"(2.515151515151515, 7.0)","(2.515151515151515, 7.0)",(-0.6466938916945206+0.4737728881168142j),(-0.29498720448506577+0.09513557773039549j),(-0.18109109462875694+0.26327628162759953j),(-0.17061559258069797+0.11536102875881914j)
"(2.5575757575757576, 7.0)","(2.5575757575757576, 7.0)",(-0.5473301316847147+0.0635797455541332j),(-0.10325132968361517-0.18757171643815065j),(-0.2607153036259761+0.15697794266828102j),(-0.18336349837512336+0.09417351932400284j)
"(2.6, 7.0)","(2.6, 7.0)",(-0.3004717502579384+0.04171862327757515j),(0.18305685904511484-0.06238023482312689j),(-0.28440272550988394+0.032216410544392844j),(-0.19912588379316926+0.0718824475563092j)
"(2.6424242424242426, 7.0)","(2.6424242424242426, 7.0)",(-0.37421935959613384+0.22061926513259264j),(0.0957101164440663+0.25880694801979903j),(-0.25217090947763965-0.0829647695274446j),(-0.21775856656256046+0.04477708664023818j)
"(2.684848484848485, 7.0)","(2.684848484848485, 7.0)",(-0.7140860441831055+0.09252340974016547j),(-0.29930383753775147+0.24817346686809397j),(-0.1776719148575255-0.1648529805022137j),(-0.23711029178782853+0.009202923374285198j)
"(2.727272727272727, 7.0)","(2.727272727272727, 7.0)",(-0.7840052286078809-0.4380871972456892j),(-0.44711526314763766-0.20007565675762842j),(-0.08385174039403943-0.2004898617164012j),(-0.2530382250662038-0.03752167877165952j)
"(2.7696969696969695, 7.0)","(2.7696969696969695, 7.0)",(-0.29923044500261453-0.8476888585172875j),(-0.04369019808407311-0.5607429230240637j),(0.004279046683575462-0.19076147573513902j),(-0.25981929360211686-0.0961844597580848j)
"(2.812121212121212, 7.0)","(2.812121212121212, 7.0)",(0.31598628802012024-0.6451808574495533j),(0.49950623461737303-0.33129763360773856j),(0.06744676457960545-0.14896131542499563j),(-0.25096671117685826-0.16492190841681917j)
"(2.8545454545454545, 7.0)","(2.8545454545454545, 7.0)",(0.4072111745985361-0.054471718620334814j),(0.5298361894248429+0.27949545403785214j),(0.09776477463358144-0.09516541878757566j),(-0.22038978945988824-0.23880175387061128j)
"(2.896969696969697, 7.0)","(2.896969696969697, 7.0)",(-0.0687918262112785+0.20624394933674012j),(-0.005123010322175332+0.5644953406188489j),(0.10008943656493854-0.04835212270022679j),(-0.16375825245404171-0.30989926858188194j)
"(2.9393939393939394, 7.0)","(2.9393939393939394, 7.0)",(-0.45060970597025557-0.1798213668979515j),(-0.45917609413268873+0.20737153400972969j),(0.08842918287273324-0.019227659494512963j),(-0.07986279471030007-0.3679652414131682j)
"(2.981818181818182, 7.0)","(2.981818181818182, 7.0)",(-0.19751000499018148-0.7133459996529252j),(-0.3044797021850371-0.3049732023900235j),(0.07868638375332802-0.006677167678280746j),(0.028283313441527607-0.401695629584621j)
"(3.0242424242424244, 7.0)","(3.0242424242424244, 7.0)",(0.42148465840242444-0.7165266546055559j),(0.1879707617440171-0.31652130904572967j),(0.08064744272490743+0.0004969549239733648j),(0.15286645393349993-0.4005023004837996j)
"(3.066666666666667, 7.0)","(3.066666666666667, 7.0)",(0.6922228003405166-0.20775710900784483j),(0.31804559864774934+0.1318000568036422j),(0.09273233395687625+0.017009680382960572j),(0.2814448677358911-0.3565668461944476j)
"(3.109090909090909, 7.0)","(3.109090909090909, 7.0)",(0.40755250897010065+0.1486166701236608j),(-0.09260393090126372+0.3631183711798577j),(0.10215091463673272+0.05235496261071718j),(0.3980055252346316-0.2668566636669141j)
"(3.1515151515151514, 7.0)","(3.1515151515151514, 7.0)",(0.13244185810431897-0.034050935544667885j),(-0.44340733400734683-0.003180076828328329j),(0.09094768996770357+0.10384752559792347j),(0.4849015021439622-0.13471838431426303j)
"(3.193939393939394, 7.0)","(3.193939393939394, 7.0)",(0.4014828775004575-0.31089894840090626j),(-0.1697398173863074-0.49531043562130256j),(0.04572672773499875+0.15507201361675646j),(0.5254959671517662+0.029339473603639848j)
"(3.2363636363636363, 7.0)","(3.2363636363636363, 7.0)",(0.9203322560669986-0.006092763703988591j),(0.4463753741261038-0.39538828850435714j),(-0.03320847556686467+0.18130559538027713j),(0.5071653575077595+0.20798992942009142j)
"(3.278787878787879, 7.0)","(3.278787878787879, 7.0)",(0.8899674346062574+0.8057251340320151j),(0.5937190436018766+0.26663712221977903j),(-0.12792325601303217+0.16036743594386949j),(0.42417164701741306+0.37872057586836655j)
"(3.3212121212121213, 7.0)","(3.3212121212121213, 7.0)",(0.08157830787721776+1.283028934968247j),(0.008702093970957295+0.6818390363685254j),(-0.20696218114192638+0.08448766573583337j),(0.27983839504818686+0.5167022328638884j)
"(3.3636363636363638, 7.0)","(3.3636363636363638, 7.0)",(-0.7699780005053734+0.8631922025713954j),(-0.6205625467341166+0.2970144619403707j),(-0.236903909254928-0.03240867572698946j),(0.08748845548367118+0.5985864163580141j)
"(3.4060606060606062, 7.0)","(3.4060606060606062, 7.0)",(-0.8394203434542817+0.01726736770906656j),(-0.5120822882344114-0.4331243814421439j),(-0.19707783144158353-0.15629034717480392j),(-0.1302602237782869+0.6066820963260143j)
"(3.4484848484848487, 7.0)","(3.4484848484848487, 7.0)",(-0.24688639985457217-0.31724969089061206j),(0.18808189819715687-0.6058601780732236j),(-0.09097357235676912-0.24417282344194013j),(-0.3439947256949599+0.5327833106245516j)
"(3.4909090909090907, 7.0)","(3.4909090909090907, 7.0)",(0.11466761278633175+0.08015495844647957j),(0.5847880584882844-0.03964900062850852j),(0.0515061278668344-0.2610520399332586j),(-0.521626573568787+0.3808559990082467j)
"(3.533333333333333, 7.0)","(3.533333333333333, 7.0)",(-0.2453371993524669+0.46732794469343725j),(0.2050108334743686+0.49499503659222327j),(0.183248702531254-0.1955496699322146j),(-0.6335967353580895+0.1678825780334286j)
"(3.5757575757575757, 7.0)","(3.5757575757575757, 7.0)",(-0.7897056396512498+0.1621595304958594j),(-0.3891196866244607+0.3066464226379409j),(0.2577357626102133-0.06690448221911412j),(-0.6583217156370024-0.07758240992296737j)
"(3.618181818181818, 7.0)","(3.618181818181818, 7.0)",(-0.7127618602843369-0.5343661819675045j),(-0.3740848427337311-0.29596584485786975j),(0.2481722426554064+0.08079624406373097j),(-0.5868492602060121-0.31919658117336575j)
"(3.6606060606060606, 7.0)","(3.6606060606060606, 7.0)",(-0.05679861593159252-0.7624040170313742j),(0.20960646541949418-0.43947278542962176j),(0.15928928989142777+0.1955984022311716j),(-0.42569437124251447-0.518529633832924j)
"(3.703030303030303, 7.0)","(3.703030303030303, 7.0)",(0.3409484294074281-0.3015218798531382j),(0.5120937172215962+0.10143326983316447j),(0.025906913558590344+0.2388366934757647j),(-0.1970522013727585-0.6417918431620674j)
"(3.7454545454545456, 7.0)","(3.7454545454545456, 7.0)",(0.016759634955331497+0.10452734573153466j),(0.05451035269623924+0.5699859837642671j),(-0.10172796822544301+0.20090265065832297j),(0.06397725048453527-0.6663612886910554j)
"(3.787878787878788, 7.0)","(3.787878787878788, 7.0)",(-0.4363194895068813-0.2229355401130091j),(-0.5718525754281889+0.2587042946989497j),(-0.17939768917444174+0.10411696837175197j),(0.31493077509574935-0.5857568031837107j)
"(3.83030303030303, 7.0)","(3.83030303030303, 7.0)",(-0.1522037606482869-0.9017759254925568j),(-0.4785319365823174-0.48111086146196214j),(-0.18711590862153674-0.008799592510539715j),(0.5134440845555672-0.4118654715200549j)
"(3.872727272727273, 7.0)","(3.872727272727273, 7.0)",(0.778219455458249-0.9279249823098562j),(0.28830270144395964-0.6592133792480848j),(-0.13535163456900845-0.09502333897005176j),(0.6252683885832978-0.1736882640917197j)
"(3.915151515151515, 7.0)","(3.915151515151515, 7.0)",(1.321421885192434-0.022825193207464456j),(0.7467236488017323+0.020231439019320886j),(-0.05650060397072123-0.13050439243338938j),(0.6311988403614229+0.08744776020660404j)
"(3.957575757575758, 7.0)","(3.957575757575758, 7.0)",(0.8129079842496402+0.9182682948697041j),(0.26807054532930075+0.710712556271425j),(0.013495056454102887-0.11792241122332581j),(0.5313423824662366+0.3254781498216048j)
"(4.0, 7.0)","(4.0, 7.0)",(-0.15775572239535335+0.932150889776012j),(-0.556568774651132+0.5137152271308568j),(0.0532114953820885-0.08011648495471209j),(0.34560155687369015+0.4985521475998673j)
